Labels,32C_10_150K,
Type,Emission Scan,
Comment,,
Start,252.00,
Stop,750.00,
Step,0.150,
Fixed/Offset,248.400,
Xaxis,Wavelength,
Yaxis,Counts,
Scan Corr. by File,True,
Corr. by Ref. Det.,False,
Fixed/Offset Corr. by File,False,
Repeats,1,
Dwell Time,0.20,
Lamp,Xe,
Temp,27.70,
Scan Polariser,None,
Scan Slit,0.2520,
Fixed/Offset Polariser,None,
Fixed/Offset Slit,2.9970,
Detector,Red PMT,

252.00,4.75504531E+4,
252.1500,2.61487813E+4,
252.300,2.08895488E+4,
252.4500,2.09325527E+4,
252.600,2.46172500E+4,
252.7500,2.10127246E+4,
252.900,2.13089297E+4,
253.0500,2.08158516E+4,
253.200,2.10605938E+4,
253.3500,2.22833242E+4,
253.500,2.11198262E+4,
253.6500,2.04699238E+4,
253.800,2.04666582E+4,
253.9500,1.96906523E+4,
254.100,2.05045566E+4,
254.2500,1.89617676E+4,
254.400,2.02590938E+4,
254.5500,1.72535039E+4,
254.700,1.88899922E+4,
254.8500,2.11020273E+4,
255.00,1.99424590E+4,
255.1500,1.95290820E+4,
255.300,1.79997285E+4,
255.4500,1.70434941E+4,
255.600,1.83015195E+4,
255.7500,1.84438516E+4,
255.900,2.09422324E+4,
256.0500,1.91936094E+4,
256.200,2.01896523E+4,
256.3500,1.99699238E+4,
256.500,2.20226934E+4,
256.6500,2.05780176E+4,
256.800,2.36781738E+4,
256.9500,2.37453301E+4,
257.100,2.60258555E+4,
257.2500,2.59197031E+4,
257.400,2.89241602E+4,
257.5500,3.24015156E+4,
257.700,3.19406934E+4,
257.8500,3.32509023E+4,
258.00,3.36785586E+4,
258.1500,3.43611602E+4,
258.300,3.92366328E+4,
258.4500,4.08935039E+4,
258.600,4.04080352E+4,
258.7500,4.88097852E+4,
258.900,4.93884648E+4,
259.0500,4.98979453E+4,
259.200,5.34401289E+4,
259.3500,5.62726875E+4,
259.500,5.96571484E+4,
259.6500,6.04724102E+4,
259.800,6.64183984E+4,
259.9500,6.82078125E+4,
260.100,7.64662188E+4,
260.2500,7.31754453E+4,
260.400,7.68726484E+4,
260.5500,8.34631563E+4,
260.700,8.88080000E+4,
260.8500,9.63617813E+4,
261.00,9.76198281E+4,
261.1500,9.91251328E+4,
261.300,1.00405609E+5,
261.4500,1.09476531E+5,
261.600,1.11975133E+5,
261.7500,1.18715680E+5,
261.900,1.21359883E+5,
262.0500,1.25965820E+5,
262.200,1.31808906E+5,
262.3500,1.35498078E+5,
262.500,1.39668016E+5,
262.6500,1.35972953E+5,
262.800,1.50509281E+5,
262.9500,1.46851078E+5,
263.100,1.54934875E+5,
263.2500,1.58435016E+5,
263.400,1.64837828E+5,
263.5500,1.68561594E+5,
263.700,1.74613359E+5,
263.8500,1.81466172E+5,
264.00,1.82526063E+5,
264.1500,1.93230672E+5,
264.300,1.90466313E+5,
264.4500,1.94726422E+5,
264.600,1.99643688E+5,
264.7500,2.01102625E+5,
264.900,2.06671656E+5,
265.0500,2.11775688E+5,
265.200,2.14878625E+5,
265.3500,2.13324594E+5,
265.500,2.21724906E+5,
265.6500,2.27215609E+5,
265.800,2.28194953E+5,
265.9500,2.25101063E+5,
266.100,2.27967031E+5,
266.2500,2.32249750E+5,
266.400,2.37511109E+5,
266.5500,2.34686922E+5,
266.700,2.33806266E+5,
266.8500,2.50129984E+5,
267.00,2.46067859E+5,
267.1500,2.53376609E+5,
267.300,2.52256031E+5,
267.4500,2.59033016E+5,
267.600,2.59096984E+5,
267.7500,2.61335672E+5,
267.900,2.57440938E+5,
268.0500,2.55076750E+5,
268.200,2.60090719E+5,
268.3500,2.57428922E+5,
268.500,2.59268828E+5,
268.6500,2.68089750E+5,
268.800,2.64930531E+5,
268.9500,2.63704906E+5,
269.100,2.71080813E+5,
269.2500,2.67331031E+5,
269.400,2.63855625E+5,
269.5500,2.67989094E+5,
269.700,2.66374438E+5,
269.8500,2.63510375E+5,
270.00,2.65779531E+5,
270.1500,2.60208813E+5,
270.300,2.64776625E+5,
270.4500,2.67828063E+5,
270.600,2.60415453E+5,
270.7500,2.59393094E+5,
270.900,2.62591156E+5,
271.0500,2.60795313E+5,
271.200,2.60733656E+5,
271.3500,2.57759109E+5,
271.500,2.57813594E+5,
271.6500,2.61472844E+5,
271.800,2.59890063E+5,
271.9500,2.56243906E+5,
272.100,2.53089828E+5,
272.2500,2.54782453E+5,
272.400,2.59177969E+5,
272.5500,2.55136297E+5,
272.700,2.52884594E+5,
272.8500,2.46905266E+5,
273.00,2.50173766E+5,
273.1500,2.47917438E+5,
273.300,2.47307781E+5,
273.4500,2.52116594E+5,
273.600,2.53501766E+5,
273.7500,2.55779922E+5,
273.900,2.49764750E+5,
274.0500,2.45726641E+5,
274.200,2.53197125E+5,
274.3500,2.53684422E+5,
274.500,2.52971094E+5,
274.6500,2.45371109E+5,
274.800,2.50317656E+5,
274.9500,2.54532156E+5,
275.100,2.53264203E+5,
275.2500,2.56170453E+5,
275.400,2.60065141E+5,
275.5500,2.62259813E+5,
275.700,2.57003359E+5,
275.8500,2.50821359E+5,
276.00,2.58894672E+5,
276.1500,2.57769719E+5,
276.300,2.58996688E+5,
276.4500,2.59210781E+5,
276.600,2.61223328E+5,
276.7500,2.63808094E+5,
276.900,2.63392813E+5,
277.0500,2.65728000E+5,
277.200,2.67094406E+5,
277.3500,2.68819438E+5,
277.500,2.61675313E+5,
277.6500,2.67037938E+5,
277.800,2.72021406E+5,
277.9500,2.72243156E+5,
278.100,2.66547844E+5,
278.2500,2.73544438E+5,
278.400,2.63960594E+5,
278.5500,2.63805813E+5,
278.700,2.60380234E+5,
278.8500,2.64997594E+5,
279.00,2.70688031E+5,
279.1500,2.65462250E+5,
279.300,2.66357875E+5,
279.4500,2.65138188E+5,
279.600,2.69037219E+5,
279.7500,2.70934813E+5,
279.900,2.76146313E+5,
280.0500,2.71431188E+5,
280.200,2.70076750E+5,
280.3500,2.74027719E+5,
280.500,2.73437625E+5,
280.6500,2.65475281E+5,
280.800,2.68317625E+5,
280.9500,2.71496719E+5,
281.100,2.68809281E+5,
281.2500,2.73301969E+5,
281.400,2.64925875E+5,
281.5500,2.64180688E+5,
281.700,2.68540313E+5,
281.8500,2.63506531E+5,
282.00,2.61660984E+5,
282.1500,2.63234969E+5,
282.300,2.67095188E+5,
282.4500,2.66001406E+5,
282.600,2.62121469E+5,
282.7500,2.61817688E+5,
282.900,2.60207844E+5,
283.0500,2.64480375E+5,
283.200,2.58191609E+5,
283.3500,2.53263453E+5,
283.500,2.52606406E+5,
283.6500,2.55421469E+5,
283.800,2.53955547E+5,
283.9500,2.51325531E+5,
284.100,2.51069109E+5,
284.2500,2.48346750E+5,
284.400,2.45810328E+5,
284.5500,2.49279969E+5,
284.700,2.43803938E+5,
284.8500,2.45099281E+5,
285.00,2.40824500E+5,
285.1500,2.42059203E+5,
285.300,2.42168219E+5,
285.4500,2.48889188E+5,
285.600,2.40366828E+5,
285.7500,2.39674078E+5,
285.900,2.37827109E+5,
286.0500,2.32330875E+5,
286.200,2.26612016E+5,
286.3500,2.22775891E+5,
286.500,2.24749953E+5,
286.6500,2.19257469E+5,
286.800,2.16188875E+5,
286.9500,2.14425313E+5,
287.100,2.16627031E+5,
287.2500,2.14415156E+5,
287.400,2.10629750E+5,
287.5500,2.06572766E+5,
287.700,2.03977875E+5,
287.8500,2.05324422E+5,
288.00,2.03236719E+5,
288.1500,2.00279953E+5,
288.300,1.97411094E+5,
288.4500,1.96994547E+5,
288.600,1.97885719E+5,
288.7500,1.90963719E+5,
288.900,1.88653984E+5,
289.0500,1.88309688E+5,
289.200,1.88545234E+5,
289.3500,1.85294969E+5,
289.500,1.82413375E+5,
289.6500,1.77535688E+5,
289.800,1.71379641E+5,
289.9500,1.69935234E+5,
290.100,1.68166063E+5,
290.2500,1.66973938E+5,
290.400,1.65309500E+5,
290.5500,1.62977297E+5,
290.700,1.62343500E+5,
290.8500,1.61639031E+5,
291.00,1.57557344E+5,
291.1500,1.59426734E+5,
291.300,1.53759000E+5,
291.4500,1.54232891E+5,
291.600,1.49185688E+5,
291.7500,1.49680641E+5,
291.900,1.46508156E+5,
292.0500,1.42783063E+5,
292.200,1.43717781E+5,
292.3500,1.41924641E+5,
292.500,1.41052094E+5,
292.6500,1.37007984E+5,
292.800,1.36548359E+5,
292.9500,1.35782813E+5,
293.100,1.32353906E+5,
293.2500,1.34205359E+5,
293.400,1.27227078E+5,
293.5500,1.31255578E+5,
293.700,1.27234469E+5,
293.8500,1.26383539E+5,
294.00,1.23873789E+5,
294.1500,1.21607000E+5,
294.300,1.21942781E+5,
294.4500,1.19199453E+5,
294.600,1.20884352E+5,
294.7500,1.18325922E+5,
294.900,1.14702953E+5,
295.0500,1.16858438E+5,
295.200,1.15615375E+5,
295.3500,1.15217000E+5,
295.500,1.12869484E+5,
295.6500,1.11528055E+5,
295.800,1.09664352E+5,
295.9500,1.07173797E+5,
296.100,1.06053859E+5,
296.2500,1.02866641E+5,
296.400,1.02303711E+5,
296.5500,1.02115742E+5,
296.700,1.01491484E+5,
296.8500,1.01708328E+5,
297.00,1.00580766E+5,
297.1500,1.01374258E+5,
297.300,9.93423281E+4,
297.4500,9.66773516E+4,
297.600,9.74902734E+4,
297.7500,9.41119375E+4,
297.900,9.87353906E+4,
298.0500,9.64380391E+4,
298.200,9.68601875E+4,
298.3500,9.59661094E+4,
298.500,9.74870156E+4,
298.6500,9.63138047E+4,
298.800,9.64685703E+4,
298.9500,9.69164141E+4,
299.100,9.76223828E+4,
299.2500,9.31472734E+4,
299.400,9.53228047E+4,
299.5500,9.50956484E+4,
299.700,9.94152109E+4,
299.8500,9.60293125E+4,
300.00,9.54526406E+4,
300.1500,9.57793281E+4,
300.300,9.45272188E+4,
300.4500,9.44222109E+4,
300.600,9.55889531E+4,
300.7500,9.72146484E+4,
300.900,9.73301094E+4,
301.0500,9.66415078E+4,
301.200,9.73578984E+4,
301.3500,9.58433906E+4,
301.500,9.43497422E+4,
301.6500,9.82231641E+4,
301.800,9.80818594E+4,
301.9500,9.59515781E+4,
302.100,9.88404531E+4,
302.2500,9.84045469E+4,
302.400,9.80346875E+4,
302.5500,9.99776406E+4,
302.700,1.02203586E+5,
302.8500,1.01597195E+5,
303.00,1.01412578E+5,
303.1500,1.01124133E+5,
303.300,1.03177375E+5,
303.4500,1.03243359E+5,
303.600,1.01393688E+5,
303.7500,1.03836109E+5,
303.900,1.06947453E+5,
304.0500,1.06614859E+5,
304.200,1.05502633E+5,
304.3500,1.05457148E+5,
304.500,1.05391422E+5,
304.6500,1.07744391E+5,
304.800,1.07273406E+5,
304.9500,1.09136141E+5,
305.100,1.09562891E+5,
305.2500,1.09807383E+5,
305.400,1.08639898E+5,
305.5500,1.08765148E+5,
305.700,1.12160414E+5,
305.8500,1.11657180E+5,
306.00,1.11163875E+5,
306.1500,1.11931297E+5,
306.300,1.15981500E+5,
306.4500,1.14414945E+5,
306.600,1.12108773E+5,
306.7500,1.13408961E+5,
306.900,1.13953859E+5,
307.0500,1.14152219E+5,
307.200,1.16225648E+5,
307.3500,1.14887945E+5,
307.500,1.17197758E+5,
307.6500,1.14945336E+5,
307.800,1.14133977E+5,
307.9500,1.15364820E+5,
308.100,1.17206313E+5,
308.2500,1.19524125E+5,
308.400,1.19351680E+5,
308.5500,1.18947664E+5,
308.700,1.16959516E+5,
308.8500,1.17357570E+5,
309.00,1.13600391E+5,
309.1500,1.18481391E+5,
309.300,1.18376508E+5,
309.4500,1.18259914E+5,
309.600,1.16259055E+5,
309.7500,1.17096813E+5,
309.900,1.17497648E+5,
310.0500,1.15528227E+5,
310.200,1.15729742E+5,
310.3500,1.14430273E+5,
310.500,1.16377695E+5,
310.6500,1.15945148E+5,
310.800,1.15373359E+5,
310.9500,1.16201594E+5,
311.100,1.15066125E+5,
311.2500,1.16189648E+5,
311.400,1.17167414E+5,
311.5500,1.15793469E+5,
311.700,1.14133836E+5,
311.8500,1.14981289E+5,
312.00,1.15860211E+5,
312.1500,1.16077164E+5,
312.300,1.13077164E+5,
312.4500,1.12506438E+5,
312.600,1.15797406E+5,
312.7500,1.15921164E+5,
312.900,1.13071563E+5,
313.0500,1.12423961E+5,
313.200,1.12890273E+5,
313.3500,1.12035766E+5,
313.500,1.11895641E+5,
313.6500,1.11581375E+5,
313.800,1.11480219E+5,
313.9500,1.11968133E+5,
314.100,1.11483281E+5,
314.2500,1.09115742E+5,
314.400,1.10461250E+5,
314.5500,1.09279414E+5,
314.700,1.09515883E+5,
314.8500,1.11187461E+5,
315.00,1.09462367E+5,
315.1500,1.11674867E+5,
315.300,1.08904938E+5,
315.4500,1.07842977E+5,
315.600,1.07845359E+5,
315.7500,1.05890445E+5,
315.900,1.06605273E+5,
316.0500,1.07083594E+5,
316.200,1.03726266E+5,
316.3500,1.05066227E+5,
316.500,1.04437922E+5,
316.6500,1.05634164E+5,
316.800,1.02882883E+5,
316.9500,1.03659844E+5,
317.100,1.03006781E+5,
317.2500,1.02377570E+5,
317.400,1.01438313E+5,
317.5500,1.02386273E+5,
317.700,1.02608273E+5,
317.8500,1.01215945E+5,
318.00,1.01665094E+5,
318.1500,1.01219867E+5,
318.300,1.01326250E+5,
318.4500,1.01305922E+5,
318.600,1.01177445E+5,
318.7500,1.00315383E+5,
318.900,1.01228297E+5,
319.0500,1.00263109E+5,
319.200,1.00769688E+5,
319.3500,9.95683359E+4,
319.500,9.94131016E+4,
319.6500,9.80903516E+4,
319.800,9.69635859E+4,
319.9500,9.61316250E+4,
320.100,9.75267188E+4,
320.2500,9.52912969E+4,
320.400,9.64092266E+4,
320.5500,9.64218984E+4,
320.700,9.54044141E+4,
320.8500,9.53853828E+4,
321.00,9.43421328E+4,
321.1500,9.37128047E+4,
321.300,9.48240938E+4,
321.4500,9.40525547E+4,
321.600,9.29265547E+4,
321.7500,9.32988047E+4,
321.900,9.36158125E+4,
322.0500,9.15580547E+4,
322.200,9.07835156E+4,
322.3500,9.04942031E+4,
322.500,9.17600781E+4,
322.6500,8.96702344E+4,
322.800,8.93520547E+4,
322.9500,8.99771406E+4,
323.100,8.77788672E+4,
323.2500,8.81452031E+4,
323.400,8.72104219E+4,
323.5500,8.75318438E+4,
323.700,8.78628438E+4,
323.8500,8.70865156E+4,
324.00,8.47377656E+4,
324.1500,8.68815547E+4,
324.300,8.44463906E+4,
324.4500,8.42076406E+4,
324.600,8.46666172E+4,
324.7500,8.43617500E+4,
324.900,8.28320234E+4,
325.0500,8.34879609E+4,
325.200,8.14711328E+4,
325.3500,8.21617109E+4,
325.500,8.26461953E+4,
325.6500,8.01862891E+4,
325.800,7.85848516E+4,
325.9500,7.84276953E+4,
326.100,7.84285703E+4,
326.2500,7.96330313E+4,
326.400,7.66113828E+4,
326.5500,7.84415078E+4,
326.700,7.64550000E+4,
326.8500,7.68427109E+4,
327.00,7.56443906E+4,
327.1500,7.54629219E+4,
327.300,7.49097109E+4,
327.4500,7.23869219E+4,
327.600,7.28269141E+4,
327.7500,7.17525000E+4,
327.900,7.17373047E+4,
328.0500,7.16509531E+4,
328.200,6.96224375E+4,
328.3500,7.04733750E+4,
328.500,6.91059063E+4,
328.6500,6.93947266E+4,
328.800,6.94231641E+4,
328.9500,6.84611406E+4,
329.100,6.80825859E+4,
329.2500,6.86036953E+4,
329.400,6.59267969E+4,
329.5500,6.62396641E+4,
329.700,6.52240430E+4,
329.8500,6.46041406E+4,
330.00,6.39430273E+4,
330.1500,6.35139766E+4,
330.300,6.24486133E+4,
330.4500,6.15795469E+4,
330.600,6.16481211E+4,
330.7500,6.31021094E+4,
330.900,6.04853867E+4,
331.0500,5.93460820E+4,
331.200,5.99063008E+4,
331.3500,5.89635352E+4,
331.500,5.78572891E+4,
331.6500,5.69024492E+4,
331.800,5.58093555E+4,
331.9500,5.68196836E+4,
332.100,5.51105938E+4,
332.2500,5.51070859E+4,
332.400,5.39899297E+4,
332.5500,5.35786758E+4,
332.700,5.23832031E+4,
332.8500,5.25642344E+4,
333.00,5.12345625E+4,
333.1500,5.10442617E+4,
333.300,5.09340625E+4,
333.4500,4.95986523E+4,
333.600,4.87512813E+4,
333.7500,4.87379102E+4,
333.900,4.79150234E+4,
334.0500,4.70776758E+4,
334.200,4.78565469E+4,
334.3500,4.61620547E+4,
334.500,4.58276445E+4,
334.6500,4.60712539E+4,
334.800,4.40364609E+4,
334.9500,4.52755977E+4,
335.100,4.44848008E+4,
335.2500,4.33720977E+4,
335.400,4.20900234E+4,
335.5500,4.23267656E+4,
335.700,4.24950234E+4,
335.8500,4.14828125E+4,
336.00,4.13620820E+4,
336.1500,4.04500742E+4,
336.300,3.95810000E+4,
336.4500,3.92101758E+4,
336.600,3.81147148E+4,
336.7500,3.78004492E+4,
336.900,3.68736680E+4,
337.0500,3.62607383E+4,
337.200,3.68455039E+4,
337.3500,3.59556133E+4,
337.500,3.62968477E+4,
337.6500,3.63425742E+4,
337.800,3.45108164E+4,
337.9500,3.52309375E+4,
338.100,3.46826914E+4,
338.2500,3.40872188E+4,
338.400,3.35889023E+4,
338.5500,3.32296016E+4,
338.700,3.26531387E+4,
338.8500,3.23521289E+4,
339.00,3.24385254E+4,
339.1500,3.15412617E+4,
339.300,3.16724004E+4,
339.4500,3.05806543E+4,
339.600,2.93586152E+4,
339.7500,2.88288574E+4,
339.900,2.88681270E+4,
340.0500,2.87975801E+4,
340.200,2.85534453E+4,
340.3500,2.84533691E+4,
340.500,2.74051719E+4,
340.6500,2.72383086E+4,
340.800,2.67689941E+4,
340.9500,2.56530137E+4,
341.100,2.61672891E+4,
341.2500,2.63095449E+4,
341.400,2.63759082E+4,
341.5500,2.54809297E+4,
341.700,2.47673828E+4,
341.8500,2.50257754E+4,
342.00,2.52053398E+4,
342.1500,2.43784355E+4,
342.300,2.43938379E+4,
342.4500,2.34337617E+4,
342.600,2.36473926E+4,
342.7500,2.33913301E+4,
342.900,2.35243320E+4,
343.0500,2.27816172E+4,
343.200,2.26230391E+4,
343.3500,2.21889043E+4,
343.500,2.14659551E+4,
343.6500,2.13714570E+4,
343.800,2.13947832E+4,
343.9500,2.10750801E+4,
344.100,2.07995215E+4,
344.2500,2.08562070E+4,
344.400,2.02856328E+4,
344.5500,2.01554141E+4,
344.700,1.98237188E+4,
344.8500,1.93424063E+4,
345.00,1.89460840E+4,
345.1500,1.88510566E+4,
345.300,1.93796387E+4,
345.4500,1.88555898E+4,
345.600,1.90740195E+4,
345.7500,1.81917051E+4,
345.900,1.75495664E+4,
346.0500,1.76815078E+4,
346.200,1.74812871E+4,
346.3500,1.75041504E+4,
346.500,1.70205605E+4,
346.6500,1.70357148E+4,
346.800,1.71507383E+4,
346.9500,1.62668408E+4,
347.100,1.66219883E+4,
347.2500,1.62036689E+4,
347.400,1.59346260E+4,
347.5500,1.61406924E+4,
347.700,1.52375947E+4,
347.8500,1.52086963E+4,
348.00,1.49505645E+4,
348.1500,1.48951104E+4,
348.300,1.45478838E+4,
348.4500,1.44021182E+4,
348.600,1.43510752E+4,
348.7500,1.42147256E+4,
348.900,1.39937803E+4,
349.0500,1.39846045E+4,
349.200,1.40919697E+4,
349.3500,1.34952295E+4,
349.500,1.35270605E+4,
349.6500,1.31194814E+4,
349.800,1.30519902E+4,
349.9500,1.30925908E+4,
350.100,1.31923975E+4,
350.2500,1.26769902E+4,
350.400,1.24290342E+4,
350.5500,1.26616221E+4,
350.700,1.22611514E+4,
350.8500,1.25984131E+4,
351.00,1.20527764E+4,
351.1500,1.18189150E+4,
351.300,1.17226865E+4,
351.4500,1.17209824E+4,
351.600,1.14303174E+4,
351.7500,1.13645361E+4,
351.900,1.14723145E+4,
352.0500,1.16566953E+4,
352.200,1.08124072E+4,
352.3500,1.10412451E+4,
352.500,1.08652480E+4,
352.6500,1.12270986E+4,
352.800,1.06330176E+4,
352.9500,1.06493281E+4,
353.100,1.03578125E+4,
353.2500,1.03166025E+4,
353.400,1.00653037E+4,
353.5500,1.00201396E+4,
353.700,9.84835156E+3,
353.8500,1.00246436E+4,
354.00,9.81178711E+3,
354.1500,1.00451211E+4,
354.300,9.84973633E+3,
354.4500,9.50389453E+3,
354.600,9.47967578E+3,
354.7500,9.60377441E+3,
354.900,9.52593750E+3,
355.0500,9.37616113E+3,
355.200,9.46560645E+3,
355.3500,9.18986523E+3,
355.500,9.07839941E+3,
355.6500,8.64834082E+3,
355.800,9.00465527E+3,
355.9500,8.36211426E+3,
356.100,8.67943359E+3,
356.2500,8.72669629E+3,
356.400,8.50168066E+3,
356.5500,8.37383496E+3,
356.700,7.92302051E+3,
356.8500,8.02754834E+3,
357.00,8.25860938E+3,
357.1500,7.63217041E+3,
357.300,7.90863428E+3,
357.4500,7.66535156E+3,
357.600,7.67941016E+3,
357.7500,7.75479297E+3,
357.900,7.41204785E+3,
358.0500,7.58712109E+3,
358.200,7.30535986E+3,
358.3500,7.51306494E+3,
358.500,7.66335889E+3,
358.6500,6.97754297E+3,
358.800,7.04168311E+3,
358.9500,7.12975146E+3,
359.100,7.14189453E+3,
359.2500,7.04584863E+3,
359.400,7.11073438E+3,
359.5500,7.08536670E+3,
359.700,7.04919727E+3,
359.8500,6.89792041E+3,
360.00,6.99475391E+3,
360.1500,7.09030127E+3,
360.300,6.83408057E+3,
360.4500,6.83496240E+3,
360.600,6.61969824E+3,
360.7500,6.60412402E+3,
360.900,6.62048291E+3,
361.0500,6.67677539E+3,
361.200,6.49378320E+3,
361.3500,6.50764990E+3,
361.500,6.27603613E+3,
361.6500,6.73766992E+3,
361.800,6.47548926E+3,
361.9500,6.31050732E+3,
362.100,6.37845996E+3,
362.2500,6.21788135E+3,
362.400,6.29322900E+3,
362.5500,6.15009375E+3,
362.700,6.15766846E+3,
362.8500,6.01140039E+3,
363.00,5.94974756E+3,
363.1500,6.07283447E+3,
363.300,6.06084033E+3,
363.4500,6.14888525E+3,
363.600,5.91921094E+3,
363.7500,6.01552490E+3,
363.900,5.98785596E+3,
364.0500,5.87461719E+3,
364.200,6.08206055E+3,
364.3500,5.72172656E+3,
364.500,5.84429785E+3,
364.6500,5.80364551E+3,
364.800,5.71104639E+3,
364.9500,5.62087793E+3,
365.100,5.96783984E+3,
365.2500,5.95160010E+3,
365.400,5.76823828E+3,
365.5500,6.03696045E+3,
365.700,5.82860449E+3,
365.8500,5.77760400E+3,
366.00,5.81188672E+3,
366.1500,5.55635986E+3,
366.300,5.68383154E+3,
366.4500,5.78932031E+3,
366.600,5.65129590E+3,
366.7500,5.78995654E+3,
366.900,5.62331055E+3,
367.0500,5.58230176E+3,
367.200,5.45988086E+3,
367.3500,5.51103516E+3,
367.500,5.39514893E+3,
367.6500,5.63055176E+3,
367.800,5.61952002E+3,
367.9500,5.59122412E+3,
368.100,5.61571924E+3,
368.2500,5.52981787E+3,
368.400,5.40016699E+3,
368.5500,5.58173340E+3,
368.700,5.64023486E+3,
368.8500,5.48848340E+3,
369.00,5.59672021E+3,
369.1500,5.38431152E+3,
369.300,5.35711084E+3,
369.4500,5.56123389E+3,
369.600,5.50187061E+3,
369.7500,5.46551025E+3,
369.900,5.40683594E+3,
370.0500,5.30128174E+3,
370.200,5.62480713E+3,
370.3500,5.25902686E+3,
370.500,5.37065674E+3,
370.6500,5.51355957E+3,
370.800,5.46464258E+3,
370.9500,5.70519629E+3,
371.100,5.60414209E+3,
371.2500,5.73783789E+3,
371.400,5.80293994E+3,
371.5500,5.92668750E+3,
371.700,5.89232129E+3,
371.8500,5.64775146E+3,
372.00,5.90289746E+3,
372.1500,5.79188770E+3,
372.300,5.75602832E+3,
372.4500,5.81299170E+3,
372.600,5.62171338E+3,
372.7500,5.51085254E+3,
372.900,5.48351953E+3,
373.0500,5.46354980E+3,
373.200,5.33586914E+3,
373.3500,5.36299951E+3,
373.500,5.23980029E+3,
373.6500,5.56726953E+3,
373.800,5.16980957E+3,
373.9500,4.92696875E+3,
374.100,5.08224756E+3,
374.2500,5.27562891E+3,
374.400,5.22603516E+3,
374.5500,4.92434131E+3,
374.700,5.03613086E+3,
374.8500,4.98934863E+3,
375.00,5.09022754E+3,
375.1500,5.00372021E+3,
375.300,5.01377393E+3,
375.4500,4.99250781E+3,
375.600,5.06188428E+3,
375.7500,4.88284424E+3,
375.900,4.95927930E+3,
376.0500,5.06486621E+3,
376.200,4.94238428E+3,
376.3500,4.77056641E+3,
376.500,4.99813867E+3,
376.6500,4.99683301E+3,
376.800,4.81249805E+3,
376.9500,4.89371973E+3,
377.100,5.01266260E+3,
377.2500,5.18253955E+3,
377.400,5.15821729E+3,
377.5500,5.32910596E+3,
377.700,5.16085156E+3,
377.8500,4.87999658E+3,
378.00,4.96128174E+3,
378.1500,5.02919482E+3,
378.300,5.07004785E+3,
378.4500,5.18642236E+3,
378.600,5.21363037E+3,
378.7500,4.97292334E+3,
378.900,5.13258691E+3,
379.0500,5.04795215E+3,
379.200,5.00166504E+3,
379.3500,4.87072607E+3,
379.500,4.86819336E+3,
379.6500,4.86241748E+3,
379.800,4.76230225E+3,
379.9500,4.89410547E+3,
380.100,4.88762158E+3,
380.2500,4.86760303E+3,
380.400,4.85266260E+3,
380.5500,4.91012256E+3,
380.700,4.79034424E+3,
380.8500,4.85604443E+3,
381.00,4.84313623E+3,
381.1500,4.89713965E+3,
381.300,4.78006201E+3,
381.4500,4.70901855E+3,
381.600,4.78915576E+3,
381.7500,5.01312891E+3,
381.900,4.78879785E+3,
382.0500,4.95689697E+3,
382.200,4.99495996E+3,
382.3500,4.81615723E+3,
382.500,4.79682568E+3,
382.6500,5.03356982E+3,
382.800,4.90709082E+3,
382.9500,4.95644092E+3,
383.100,4.89118799E+3,
383.2500,4.97386035E+3,
383.400,4.93432422E+3,
383.5500,4.96932373E+3,
383.700,4.61131250E+3,
383.8500,4.75404541E+3,
384.00,4.67619678E+3,
384.1500,4.58252002E+3,
384.300,4.73519336E+3,
384.4500,4.66535254E+3,
384.600,4.64890479E+3,
384.7500,4.44566406E+3,
384.900,4.61484375E+3,
385.0500,4.64966797E+3,
385.200,4.41891309E+3,
385.3500,4.45347852E+3,
385.500,4.36455469E+3,
385.6500,4.39153174E+3,
385.800,4.30628027E+3,
385.9500,4.36867822E+3,
386.100,4.22413428E+3,
386.2500,4.30479980E+3,
386.400,4.43403613E+3,
386.5500,4.24009326E+3,
386.700,4.37517871E+3,
386.8500,4.35359229E+3,
387.00,4.50779395E+3,
387.1500,4.47572998E+3,
387.300,4.33821191E+3,
387.4500,4.34583643E+3,
387.600,4.42868506E+3,
387.7500,4.47228076E+3,
387.900,4.48131689E+3,
388.0500,4.37939844E+3,
388.200,4.32219385E+3,
388.3500,4.34576221E+3,
388.500,4.34103076E+3,
388.6500,4.49087646E+3,
388.800,4.48009668E+3,
388.9500,4.23698682E+3,
389.100,4.29996973E+3,
389.2500,4.41550928E+3,
389.400,4.45118457E+3,
389.5500,4.37513281E+3,
389.700,4.43727295E+3,
389.8500,4.43777246E+3,
390.00,4.33022510E+3,
390.1500,4.42585254E+3,
390.300,4.49644727E+3,
390.4500,4.31257275E+3,
390.600,4.38759326E+3,
390.7500,4.34078467E+3,
390.900,4.43729053E+3,
391.0500,4.36935986E+3,
391.200,4.33260645E+3,
391.3500,4.49167871E+3,
391.500,4.38743408E+3,
391.6500,4.64361133E+3,
391.800,4.57106152E+3,
391.9500,4.52165625E+3,
392.100,4.69007861E+3,
392.2500,4.64720898E+3,
392.400,4.45770459E+3,
392.5500,4.43950732E+3,
392.700,4.54508154E+3,
392.8500,4.50702979E+3,
393.00,4.41379443E+3,
393.1500,4.54866797E+3,
393.300,4.39331445E+3,
393.4500,4.27660303E+3,
393.600,4.49299951E+3,
393.7500,4.41178174E+3,
393.900,4.42362598E+3,
394.0500,4.36769189E+3,
394.200,4.35879736E+3,
394.3500,4.21851416E+3,
394.500,4.33429395E+3,
394.6500,4.29640137E+3,
394.800,4.37420068E+3,
394.9500,4.32813916E+3,
395.100,4.35857178E+3,
395.2500,4.42080859E+3,
395.400,4.38887500E+3,
395.5500,4.43440869E+3,
395.700,4.53636816E+3,
395.8500,4.28573828E+3,
396.00,4.33000391E+3,
396.1500,4.52398047E+3,
396.300,4.38312354E+3,
396.4500,4.42469092E+3,
396.600,4.47438721E+3,
396.7500,4.40120508E+3,
396.900,4.29830469E+3,
397.0500,4.28022461E+3,
397.200,4.36034863E+3,
397.3500,4.23675244E+3,
397.500,4.25446631E+3,
397.6500,4.33444629E+3,
397.800,4.21822803E+3,
397.9500,4.29543359E+3,
398.100,4.16663232E+3,
398.2500,4.31596094E+3,
398.400,4.15810889E+3,
398.5500,4.15525293E+3,
398.700,4.05974121E+3,
398.8500,4.17783887E+3,
399.00,4.17506689E+3,
399.1500,4.05631372E+3,
399.300,4.10509619E+3,
399.4500,4.04415967E+3,
399.600,3.93791797E+3,
399.7500,4.07620874E+3,
399.900,4.07022095E+3,
400.0500,3.88095532E+3,
400.200,3.74851074E+3,
400.3500,3.67275122E+3,
400.500,3.60978027E+3,
400.6500,3.69152808E+3,
400.800,3.83037671E+3,
400.9500,3.70727466E+3,
401.100,3.65158618E+3,
401.2500,3.66268970E+3,
401.400,3.75694678E+3,
401.5500,3.81866577E+3,
401.700,3.72828076E+3,
401.8500,3.85737231E+3,
402.00,3.71832959E+3,
402.1500,3.76191650E+3,
402.300,3.64520654E+3,
402.4500,3.49077124E+3,
402.600,3.84044458E+3,
402.7500,3.65585400E+3,
402.900,3.84963989E+3,
403.0500,3.69588501E+3,
403.200,3.73167041E+3,
403.3500,3.76437427E+3,
403.500,3.58272827E+3,
403.6500,3.74221826E+3,
403.800,3.86820605E+3,
403.9500,3.76241211E+3,
404.100,3.65850854E+3,
404.2500,3.71387158E+3,
404.400,3.65981519E+3,
404.5500,3.61340332E+3,
404.700,3.62838379E+3,
404.8500,3.68961157E+3,
405.00,3.57041455E+3,
405.1500,3.67950854E+3,
405.300,3.40627783E+3,
405.4500,3.47675439E+3,
405.600,3.47292847E+3,
405.7500,3.45431909E+3,
405.900,3.43873877E+3,
406.0500,3.44683667E+3,
406.200,3.43122949E+3,
406.3500,3.41273340E+3,
406.500,3.32208594E+3,
406.6500,3.61445264E+3,
406.800,3.32823071E+3,
406.9500,3.25126147E+3,
407.100,3.48685303E+3,
407.2500,3.24688770E+3,
407.400,3.42332886E+3,
407.5500,3.46191821E+3,
407.700,3.28568921E+3,
407.8500,3.38569312E+3,
408.00,3.33389746E+3,
408.1500,3.26921289E+3,
408.300,3.30651758E+3,
408.4500,3.12724463E+3,
408.600,3.20676660E+3,
408.7500,3.17738306E+3,
408.900,3.28281494E+3,
409.0500,3.25793506E+3,
409.200,3.17265381E+3,
409.3500,3.18145361E+3,
409.500,3.11086279E+3,
409.6500,3.22070215E+3,
409.800,3.21652637E+3,
409.9500,3.10582617E+3,
410.100,3.19963696E+3,
410.2500,3.21281763E+3,
410.400,3.12976221E+3,
410.5500,3.19324585E+3,
410.700,3.25234351E+3,
410.8500,3.15231738E+3,
411.00,3.14553003E+3,
411.1500,3.23446313E+3,
411.300,3.03167676E+3,
411.4500,3.24484546E+3,
411.600,3.03243115E+3,
411.7500,3.08416528E+3,
411.900,3.00760742E+3,
412.0500,3.03510107E+3,
412.200,3.01418457E+3,
412.3500,3.20793994E+3,
412.500,3.10742334E+3,
412.6500,3.19156445E+3,
412.800,3.19192944E+3,
412.9500,3.13988477E+3,
413.100,3.02979004E+3,
413.2500,2.92408203E+3,
413.400,2.96132642E+3,
413.5500,2.92225708E+3,
413.700,2.83528198E+3,
413.8500,2.94588550E+3,
414.00,2.94501367E+3,
414.1500,3.00749683E+3,
414.300,3.04457422E+3,
414.4500,2.90447461E+3,
414.600,2.92896338E+3,
414.7500,2.85657397E+3,
414.900,2.89371582E+3,
415.0500,2.80332568E+3,
415.200,2.94851196E+3,
415.3500,2.85835449E+3,
415.500,2.66061816E+3,
415.6500,2.97200244E+3,
415.800,2.78984424E+3,
415.9500,2.86202783E+3,
416.100,2.81274829E+3,
416.2500,2.87927441E+3,
416.400,2.88999097E+3,
416.5500,2.93551953E+3,
416.700,2.89750317E+3,
416.8500,2.87345386E+3,
417.00,2.98149487E+3,
417.1500,2.82125635E+3,
417.300,2.94720654E+3,
417.4500,2.96757275E+3,
417.600,3.15846680E+3,
417.7500,3.01519556E+3,
417.900,2.99259058E+3,
418.0500,3.19287061E+3,
418.200,3.03058081E+3,
418.3500,3.01364111E+3,
418.500,3.01883887E+3,
418.6500,3.13450952E+3,
418.800,3.14655713E+3,
418.9500,3.23032642E+3,
419.100,3.20646533E+3,
419.2500,3.40307251E+3,
419.400,3.37502368E+3,
419.5500,3.46950293E+3,
419.700,3.47586060E+3,
419.8500,3.33787646E+3,
420.00,3.31546899E+3,
420.1500,3.47831226E+3,
420.300,3.33218823E+3,
420.4500,3.35769824E+3,
420.600,3.42020386E+3,
420.7500,3.26344385E+3,
420.900,3.30541919E+3,
421.0500,3.37199780E+3,
421.200,3.24704224E+3,
421.3500,3.42161060E+3,
421.500,3.24213892E+3,
421.6500,3.36738525E+3,
421.800,3.38878491E+3,
421.9500,3.47428467E+3,
422.100,3.29951636E+3,
422.2500,3.41530615E+3,
422.400,3.40704004E+3,
422.5500,3.44372607E+3,
422.700,3.46950171E+3,
422.8500,3.46125220E+3,
423.00,3.44077856E+3,
423.1500,3.34721460E+3,
423.300,3.41952954E+3,
423.4500,3.41028394E+3,
423.600,3.32770703E+3,
423.7500,3.45429321E+3,
423.900,3.57673486E+3,
424.0500,3.50913354E+3,
424.200,3.61522583E+3,
424.3500,3.41612915E+3,
424.500,3.53168896E+3,
424.6500,3.57128882E+3,
424.800,3.45099048E+3,
424.9500,3.48654077E+3,
425.100,3.53143628E+3,
425.2500,3.36914771E+3,
425.400,3.49655273E+3,
425.5500,3.48590332E+3,
425.700,3.51177905E+3,
425.8500,3.42139185E+3,
426.00,3.43377344E+3,
426.1500,3.35278394E+3,
426.300,3.38664185E+3,
426.4500,3.37323779E+3,
426.600,3.35445483E+3,
426.7500,3.47732202E+3,
426.900,3.45987988E+3,
427.0500,3.50860132E+3,
427.200,3.44699780E+3,
427.3500,3.55248340E+3,
427.500,3.49091431E+3,
427.6500,3.45227393E+3,
427.800,3.31943408E+3,
427.9500,3.48676733E+3,
428.100,3.43384277E+3,
428.2500,3.40807202E+3,
428.400,3.50204565E+3,
428.5500,3.34712720E+3,
428.700,3.29715576E+3,
428.8500,3.25122754E+3,
429.00,3.47835449E+3,
429.1500,3.46216577E+3,
429.300,3.31819922E+3,
429.4500,3.40289063E+3,
429.600,3.37325391E+3,
429.7500,3.44449292E+3,
429.900,3.28305151E+3,
430.0500,3.29628638E+3,
430.200,3.25135962E+3,
430.3500,3.30728369E+3,
430.500,3.36184741E+3,
430.6500,3.34382300E+3,
430.800,3.39165112E+3,
430.9500,3.15732397E+3,
431.100,3.38902954E+3,
431.2500,3.30495703E+3,
431.400,3.30685596E+3,
431.5500,3.31949805E+3,
431.700,3.36300342E+3,
431.8500,3.25086133E+3,
432.00,3.30242065E+3,
432.1500,3.18268506E+3,
432.300,3.41701733E+3,
432.4500,3.19270923E+3,
432.600,3.25269458E+3,
432.7500,3.28719604E+3,
432.900,3.29354370E+3,
433.0500,3.25050024E+3,
433.200,3.22394238E+3,
433.3500,3.26843262E+3,
433.500,3.23114331E+3,
433.6500,3.30245435E+3,
433.800,3.29197827E+3,
433.9500,3.17957959E+3,
434.100,3.26317651E+3,
434.2500,3.23824292E+3,
434.400,3.19451489E+3,
434.5500,3.10246021E+3,
434.700,3.28416333E+3,
434.8500,3.23101489E+3,
435.00,3.19529810E+3,
435.1500,3.29391187E+3,
435.300,3.32406274E+3,
435.4500,3.19302417E+3,
435.600,3.28362012E+3,
435.7500,3.17805151E+3,
435.900,3.27673389E+3,
436.0500,3.24510889E+3,
436.200,3.32921094E+3,
436.3500,3.17126465E+3,
436.500,3.18004761E+3,
436.6500,3.23592236E+3,
436.800,3.24606030E+3,
436.9500,3.13101294E+3,
437.100,3.22481641E+3,
437.2500,3.14906885E+3,
437.400,3.22686377E+3,
437.5500,3.24270435E+3,
437.700,3.14395361E+3,
437.8500,3.33373560E+3,
438.00,3.27540991E+3,
438.1500,3.22831812E+3,
438.300,3.27434131E+3,
438.4500,3.37172974E+3,
438.600,3.40162402E+3,
438.7500,3.46668848E+3,
438.900,3.27614941E+3,
439.0500,3.14376099E+3,
439.200,3.13201489E+3,
439.3500,3.14327686E+3,
439.500,2.96068677E+3,
439.6500,3.20649854E+3,
439.800,3.20421851E+3,
439.9500,3.09600879E+3,
440.100,3.14119287E+3,
440.2500,3.24350903E+3,
440.400,3.00997339E+3,
440.5500,3.04834863E+3,
440.700,3.16300537E+3,
440.8500,3.15244019E+3,
441.00,3.11595581E+3,
441.1500,3.06026392E+3,
441.300,3.17369727E+3,
441.4500,3.16437378E+3,
441.600,3.07444824E+3,
441.7500,3.13063916E+3,
441.900,3.05972974E+3,
442.0500,2.94920581E+3,
442.200,3.01811572E+3,
442.3500,2.93507373E+3,
442.500,2.80669287E+3,
442.6500,3.00176953E+3,
442.800,2.93774146E+3,
442.9500,3.04799219E+3,
443.100,2.92665088E+3,
443.2500,3.06936206E+3,
443.400,2.91638989E+3,
443.5500,2.96563525E+3,
443.700,2.79575391E+3,
443.8500,2.84495190E+3,
444.00,2.90250269E+3,
444.1500,2.98708521E+3,
444.300,2.79785254E+3,
444.4500,2.90324463E+3,
444.600,2.99081079E+3,
444.7500,2.90781714E+3,
444.900,2.83297290E+3,
445.0500,3.03501611E+3,
445.200,2.98322510E+3,
445.3500,2.98845190E+3,
445.500,2.98808521E+3,
445.6500,3.02264746E+3,
445.800,3.02087988E+3,
445.9500,3.05833154E+3,
446.100,2.97327881E+3,
446.2500,2.90525537E+3,
446.400,2.99050977E+3,
446.5500,3.04921704E+3,
446.700,2.93283105E+3,
446.8500,2.95335425E+3,
447.00,2.94980933E+3,
447.1500,2.91327002E+3,
447.300,3.04470288E+3,
447.4500,3.01813696E+3,
447.600,2.85672021E+3,
447.7500,2.92999438E+3,
447.900,2.99927686E+3,
448.0500,3.00702563E+3,
448.200,2.97897192E+3,
448.3500,3.01760327E+3,
448.500,3.06818457E+3,
448.6500,3.13820483E+3,
448.800,3.01114038E+3,
448.9500,3.00732788E+3,
449.100,3.02300513E+3,
449.2500,3.06883301E+3,
449.400,3.24908691E+3,
449.5500,3.07243774E+3,
449.700,3.37338745E+3,
449.8500,3.48316455E+3,
450.00,3.70501489E+3,
450.1500,1.96548294E+2,
450.300,1.99005203E+2,
450.4500,2.03041351E+2,
450.600,2.11816177E+2,
450.7500,1.98599426E+2,
450.900,2.12174057E+2,
451.0500,2.54119843E+2,
451.200,2.63670837E+2,
451.3500,2.84342865E+2,
451.500,3.06606720E+2,
451.6500,3.05042572E+2,
451.800,3.20955841E+2,
451.9500,4.11555237E+2,
452.100,4.45226318E+2,
452.2500,4.92206238E+2,
452.400,5.65498657E+2,
452.5500,5.45894836E+2,
452.700,5.98118530E+2,
452.8500,5.70813660E+2,
453.00,6.39520996E+2,
453.1500,5.97040222E+2,
453.300,6.83225647E+2,
453.4500,5.88007507E+2,
453.600,7.65089966E+2,
453.7500,7.05015686E+2,
453.900,7.42400635E+2,
454.0500,7.30285278E+2,
454.200,8.24976440E+2,
454.3500,8.16341125E+2,
454.500,9.36706787E+2,
454.6500,9.07362976E+2,
454.800,9.45577820E+2,
454.9500,9.96091431E+2,
455.100,1.14274194E+3,
455.2500,1.12204224E+3,
455.400,1.09889868E+3,
455.5500,1.17544983E+3,
455.700,1.15371118E+3,
455.8500,1.16089148E+3,
456.00,1.20857397E+3,
456.1500,1.30905737E+3,
456.300,1.32154456E+3,
456.4500,1.32596533E+3,
456.600,1.31853418E+3,
456.7500,1.50211646E+3,
456.900,1.43009351E+3,
457.0500,1.58885156E+3,
457.200,1.60089941E+3,
457.3500,1.67660486E+3,
457.500,1.65386951E+3,
457.6500,1.73098328E+3,
457.800,1.68074780E+3,
457.9500,1.77683289E+3,
458.100,1.68029065E+3,
458.2500,1.81653979E+3,
458.400,1.90850818E+3,
458.5500,1.85211597E+3,
458.700,1.84485278E+3,
458.8500,1.87509900E+3,
459.00,1.92548108E+3,
459.1500,1.85636597E+3,
459.300,2.01844470E+3,
459.4500,1.93072949E+3,
459.600,1.86155090E+3,
459.7500,2.06829810E+3,
459.900,2.01554175E+3,
460.0500,1.87760071E+3,
460.200,1.97923169E+3,
460.3500,2.08808887E+3,
460.500,2.10327490E+3,
460.6500,2.08073462E+3,
460.800,2.32425073E+3,
460.9500,2.15966260E+3,
461.100,2.35436011E+3,
461.2500,2.19991162E+3,
461.400,2.22900073E+3,
461.5500,2.21778369E+3,
461.700,2.29557666E+3,
461.8500,2.36844287E+3,
462.00,2.45629761E+3,
462.1500,2.48874561E+3,
462.300,2.58138062E+3,
462.4500,2.68227319E+3,
462.600,2.64410034E+3,
462.7500,2.47891943E+3,
462.900,2.70301709E+3,
463.0500,2.60599268E+3,
463.200,2.62332935E+3,
463.3500,2.45330762E+3,
463.500,2.47636694E+3,
463.6500,2.42114136E+3,
463.800,2.44529590E+3,
463.9500,2.38939990E+3,
464.100,2.47240479E+3,
464.2500,2.47243457E+3,
464.400,2.42694067E+3,
464.5500,2.31083813E+3,
464.700,2.38618359E+3,
464.8500,2.42018701E+3,
465.00,2.34692017E+3,
465.1500,2.48853101E+3,
465.300,2.32189331E+3,
465.4500,2.41293335E+3,
465.600,2.48281592E+3,
465.7500,2.26505103E+3,
465.900,2.49301196E+3,
466.0500,2.56061084E+3,
466.200,2.52275171E+3,
466.3500,2.69822778E+3,
466.500,2.68615796E+3,
466.6500,2.87952759E+3,
466.800,3.03424292E+3,
466.9500,3.21634106E+3,
467.100,3.59361426E+3,
467.2500,3.64778247E+3,
467.400,3.57058569E+3,
467.5500,3.38707690E+3,
467.700,3.40964893E+3,
467.8500,3.22272192E+3,
468.00,3.14341602E+3,
468.1500,3.05054614E+3,
468.300,2.82953857E+3,
468.4500,2.86133594E+3,
468.600,2.79651318E+3,
468.7500,2.65566455E+3,
468.900,2.65207080E+3,
469.0500,2.54323901E+3,
469.200,2.71952612E+3,
469.3500,2.53930103E+3,
469.500,2.72848706E+3,
469.6500,2.71629932E+3,
469.800,2.66677930E+3,
469.9500,2.59817310E+3,
470.100,2.60657910E+3,
470.2500,2.62418823E+3,
470.400,2.54006152E+3,
470.5500,2.37450781E+3,
470.700,2.51698657E+3,
470.8500,2.48637744E+3,
471.00,2.52916406E+3,
471.1500,2.41066162E+3,
471.300,2.50310742E+3,
471.4500,2.37066504E+3,
471.600,2.42594263E+3,
471.7500,2.41499146E+3,
471.900,2.38199780E+3,
472.0500,2.45438794E+3,
472.200,2.41277393E+3,
472.3500,2.49039087E+3,
472.500,2.37868384E+3,
472.6500,2.38318262E+3,
472.800,2.54385718E+3,
472.9500,2.62139038E+3,
473.100,2.87620117E+3,
473.2500,3.03597583E+3,
473.400,3.07765259E+3,
473.5500,3.07230200E+3,
473.700,2.92390942E+3,
473.8500,2.72954346E+3,
474.00,2.57522510E+3,
474.1500,2.50618579E+3,
474.300,2.36114404E+3,
474.4500,2.42311572E+3,
474.600,2.44308472E+3,
474.7500,2.33305054E+3,
474.900,2.36202051E+3,
475.0500,2.35706079E+3,
475.200,2.36224341E+3,
475.3500,2.30341431E+3,
475.500,2.32259546E+3,
475.6500,2.27875781E+3,
475.800,2.34095605E+3,
475.9500,2.35814038E+3,
476.100,2.41044922E+3,
476.2500,2.30070068E+3,
476.400,2.30902441E+3,
476.5500,2.37040234E+3,
476.700,2.41077148E+3,
476.8500,2.34200977E+3,
477.00,2.29325610E+3,
477.1500,2.33282690E+3,
477.300,2.25419263E+3,
477.4500,2.34888159E+3,
477.600,2.29426636E+3,
477.7500,2.34990234E+3,
477.900,2.43664478E+3,
478.0500,2.36204004E+3,
478.200,2.39793945E+3,
478.3500,2.33951538E+3,
478.500,2.43465869E+3,
478.6500,2.35511011E+3,
478.800,2.45935498E+3,
478.9500,2.37975488E+3,
479.100,2.30931006E+3,
479.2500,2.42495435E+3,
479.400,2.33542432E+3,
479.5500,2.29916602E+3,
479.700,2.38674097E+3,
479.8500,2.43710767E+3,
480.00,2.45021875E+3,
480.1500,2.36863623E+3,
480.300,2.50487915E+3,
480.4500,2.53021924E+3,
480.600,2.62524634E+3,
480.7500,2.74560620E+3,
480.900,2.78825000E+3,
481.0500,2.87539526E+3,
481.200,2.66924976E+3,
481.3500,2.64101807E+3,
481.500,2.62996704E+3,
481.6500,2.48623462E+3,
481.800,2.58654590E+3,
481.9500,2.52679272E+3,
482.100,2.47517432E+3,
482.2500,2.50774341E+3,
482.400,2.57585864E+3,
482.5500,2.58513843E+3,
482.700,2.55073999E+3,
482.8500,2.72565894E+3,
483.00,2.62316089E+3,
483.1500,2.55440430E+3,
483.300,2.64434912E+3,
483.4500,2.64272925E+3,
483.600,2.43629346E+3,
483.7500,2.50489160E+3,
483.900,2.56641699E+3,
484.0500,2.53826050E+3,
484.200,2.58066943E+3,
484.3500,2.67115015E+3,
484.500,2.39466162E+3,
484.6500,2.47182495E+3,
484.800,2.60230786E+3,
484.9500,2.47070996E+3,
485.100,2.49589209E+3,
485.2500,2.51295801E+3,
485.400,2.54338159E+3,
485.5500,2.52453906E+3,
485.700,2.41522119E+3,
485.8500,2.42813403E+3,
486.00,2.50177417E+3,
486.1500,2.42831543E+3,
486.300,2.47016650E+3,
486.4500,2.45947510E+3,
486.600,2.57671948E+3,
486.7500,2.63732080E+3,
486.900,2.54299756E+3,
487.0500,2.64494165E+3,
487.200,2.76550757E+3,
487.3500,2.83858887E+3,
487.500,3.04848120E+3,
487.6500,3.42444702E+3,
487.800,3.91907275E+3,
487.9500,4.65397461E+3,
488.100,5.75297852E+3,
488.2500,7.03178711E+3,
488.400,8.63937598E+3,
488.5500,9.65799316E+3,
488.700,1.04716670E+4,
488.8500,9.47161133E+3,
489.00,8.22776465E+3,
489.1500,6.59971484E+3,
489.300,5.33044629E+3,
489.4500,4.96540283E+3,
489.600,4.65209912E+3,
489.7500,4.85456787E+3,
489.900,5.47444629E+3,
490.0500,6.29836572E+3,
490.200,6.93773828E+3,
490.3500,8.11771484E+3,
490.500,8.91671484E+3,
490.6500,9.91630566E+3,
490.800,1.03618008E+4,
490.9500,1.05924707E+4,
491.100,1.10281748E+4,
491.2500,1.14006689E+4,
491.400,1.18854375E+4,
491.5500,1.32915977E+4,
491.700,1.41934482E+4,
491.8500,1.54168037E+4,
492.00,1.61737979E+4,
492.1500,1.57459736E+4,
492.300,1.56435283E+4,
492.4500,1.41069561E+4,
492.600,1.35149805E+4,
492.7500,1.17256455E+4,
492.900,1.12124756E+4,
493.0500,1.02092559E+4,
493.200,9.71607324E+3,
493.3500,9.46381738E+3,
493.500,8.95429395E+3,
493.6500,8.54527246E+3,
493.800,8.18575391E+3,
493.9500,7.78079053E+3,
494.100,7.71722852E+3,
494.2500,7.50909814E+3,
494.400,7.57257080E+3,
494.5500,7.73146924E+3,
494.700,7.53781543E+3,
494.8500,7.94689160E+3,
495.00,7.99467041E+3,
495.1500,8.25023926E+3,
495.300,8.30720801E+3,
495.4500,8.43312402E+3,
495.600,8.53981445E+3,
495.7500,8.46338184E+3,
495.900,8.34580762E+3,
496.0500,8.19913086E+3,
496.200,7.90681641E+3,
496.3500,7.57719824E+3,
496.500,7.36064795E+3,
496.6500,7.22170654E+3,
496.800,6.93937646E+3,
496.9500,6.59143701E+3,
497.100,6.48866553E+3,
497.2500,6.39997705E+3,
497.400,6.38074316E+3,
497.5500,6.30699219E+3,
497.700,6.50342627E+3,
497.8500,6.32158838E+3,
498.00,6.74438672E+3,
498.1500,6.58548291E+3,
498.300,6.83433008E+3,
498.4500,6.96205859E+3,
498.600,6.80283740E+3,
498.7500,6.89999658E+3,
498.900,6.42856006E+3,
499.0500,6.26398779E+3,
499.200,6.09475879E+3,
499.3500,5.61363525E+3,
499.500,5.41261426E+3,
499.6500,5.08878955E+3,
499.800,4.89572852E+3,
499.9500,4.62275537E+3,
500.100,4.57603027E+3,
500.2500,4.18610596E+3,
500.400,4.11674023E+3,
500.5500,3.92858740E+3,
500.700,3.82776221E+3,
500.8500,3.82115918E+3,
501.00,3.85677808E+3,
501.1500,3.54301929E+3,
501.300,3.54499609E+3,
501.4500,3.53470288E+3,
501.600,3.37822559E+3,
501.7500,3.28846289E+3,
501.900,3.33040869E+3,
502.0500,3.21806128E+3,
502.200,3.02379761E+3,
502.3500,3.17317310E+3,
502.500,3.11981396E+3,
502.6500,3.03717114E+3,
502.800,2.99930957E+3,
502.9500,3.07717554E+3,
503.100,2.97522437E+3,
503.2500,3.01279004E+3,
503.400,3.02899365E+3,
503.5500,2.96736279E+3,
503.700,2.97562744E+3,
503.8500,3.04379907E+3,
504.00,2.95370361E+3,
504.1500,2.98923315E+3,
504.300,3.10641431E+3,
504.4500,3.14325830E+3,
504.600,3.13247192E+3,
504.7500,3.27392920E+3,
504.900,3.43269043E+3,
505.0500,3.53026001E+3,
505.200,3.70094189E+3,
505.3500,3.91069263E+3,
505.500,4.05459888E+3,
505.6500,4.38840479E+3,
505.800,4.51924023E+3,
505.9500,4.95474170E+3,
506.100,5.28462939E+3,
506.2500,6.10252295E+3,
506.400,6.56841211E+3,
506.5500,7.22928271E+3,
506.700,8.11441455E+3,
506.8500,9.02530859E+3,
507.00,9.67289063E+3,
507.1500,1.05462012E+4,
507.300,1.11545752E+4,
507.4500,1.13678154E+4,
507.600,1.15559873E+4,
507.7500,1.08959160E+4,
507.900,1.03086660E+4,
508.0500,9.47912988E+3,
508.200,9.08133301E+3,
508.3500,7.99108252E+3,
508.500,7.31394287E+3,
508.6500,6.60161133E+3,
508.800,6.17227783E+3,
508.9500,5.63584375E+3,
509.100,5.23490625E+3,
509.2500,5.01436963E+3,
509.400,4.80625439E+3,
509.5500,4.62231689E+3,
509.700,4.45442139E+3,
509.8500,4.45523193E+3,
510.00,4.66637207E+3,
510.1500,4.78002344E+3,
510.300,4.98215869E+3,
510.4500,5.14222412E+3,
510.600,5.47239307E+3,
510.7500,5.26720947E+3,
510.900,5.23413916E+3,
511.0500,5.01416748E+3,
511.200,4.88023389E+3,
511.3500,4.27096045E+3,
511.500,3.82183911E+3,
511.6500,3.71133838E+3,
511.800,3.39748828E+3,
511.9500,3.14845947E+3,
512.100,2.91338672E+3,
512.2500,2.73629468E+3,
512.400,2.72340405E+3,
512.5500,2.49086914E+3,
512.700,2.44186035E+3,
512.8500,2.33176416E+3,
513.00,2.41894019E+3,
513.1500,2.38304517E+3,
513.300,2.28350195E+3,
513.4500,2.27138940E+3,
513.600,2.22799731E+3,
513.7500,2.17007495E+3,
513.900,2.08674219E+3,
514.0500,2.12018286E+3,
514.200,2.00534253E+3,
514.3500,2.00862219E+3,
514.500,2.03729102E+3,
514.6500,2.05148779E+3,
514.800,2.00149060E+3,
514.9500,1.91500134E+3,
515.100,1.94851477E+3,
515.2500,1.88365234E+3,
515.400,1.93421826E+3,
515.5500,1.85701648E+3,
515.700,1.83694348E+3,
515.8500,1.77289636E+3,
516.00,1.93833350E+3,
516.1500,1.77400793E+3,
516.300,1.85166309E+3,
516.4500,1.71753284E+3,
516.600,1.83574048E+3,
516.7500,1.76514221E+3,
516.900,1.78040686E+3,
517.0500,1.76004895E+3,
517.200,1.74461609E+3,
517.3500,1.75995532E+3,
517.500,1.69142603E+3,
517.6500,1.74007300E+3,
517.800,1.70103894E+3,
517.9500,1.72998157E+3,
518.100,1.70326587E+3,
518.2500,1.64426526E+3,
518.400,1.63106409E+3,
518.5500,1.72965967E+3,
518.700,1.74635828E+3,
518.8500,1.73195532E+3,
519.00,1.66267542E+3,
519.1500,1.59956055E+3,
519.300,1.62748328E+3,
519.4500,1.61794885E+3,
519.600,1.59211548E+3,
519.7500,1.61007544E+3,
519.900,1.54152112E+3,
520.0500,1.57830884E+3,
520.200,1.57247839E+3,
520.3500,1.63961157E+3,
520.500,1.63885950E+3,
520.6500,1.61918347E+3,
520.800,1.56158557E+3,
520.9500,1.45330920E+3,
521.100,1.61171643E+3,
521.2500,1.53869104E+3,
521.400,1.58594214E+3,
521.5500,1.58505945E+3,
521.700,1.51048804E+3,
521.8500,1.55910974E+3,
522.00,1.51234973E+3,
522.1500,1.44892285E+3,
522.300,1.59711621E+3,
522.4500,1.46978601E+3,
522.600,1.43805786E+3,
522.7500,1.45872180E+3,
522.900,1.50247888E+3,
523.0500,1.51044592E+3,
523.200,1.54672253E+3,
523.3500,1.45842883E+3,
523.500,1.46512891E+3,
523.6500,1.41646704E+3,
523.800,1.49015540E+3,
523.9500,1.43753369E+3,
524.100,1.49461743E+3,
524.2500,1.45354553E+3,
524.400,1.40202332E+3,
524.5500,1.49682715E+3,
524.700,1.37257886E+3,
524.8500,1.39611304E+3,
525.00,1.34948730E+3,
525.1500,1.38730774E+3,
525.300,1.36266748E+3,
525.4500,1.47098743E+3,
525.600,1.44767712E+3,
525.7500,1.42170068E+3,
525.900,1.36165796E+3,
526.0500,1.36566516E+3,
526.200,1.39724048E+3,
526.3500,1.45511768E+3,
526.500,1.35286743E+3,
526.6500,1.30299280E+3,
526.800,1.33724438E+3,
526.9500,1.35311707E+3,
527.100,1.35329041E+3,
527.2500,1.33238062E+3,
527.400,1.34843396E+3,
527.5500,1.41877966E+3,
527.700,1.28390759E+3,
527.8500,1.35167542E+3,
528.00,1.31202539E+3,
528.1500,1.33216467E+3,
528.300,1.34169507E+3,
528.4500,1.32059375E+3,
528.600,1.32345105E+3,
528.7500,1.28623999E+3,
528.900,1.34521619E+3,
529.0500,1.27177649E+3,
529.200,1.38443567E+3,
529.3500,1.39537024E+3,
529.500,1.24245398E+3,
529.6500,1.30568750E+3,
529.800,1.33001550E+3,
529.9500,1.30183447E+3,
530.100,1.47728857E+3,
530.2500,1.39649927E+3,
530.400,1.27226514E+3,
530.5500,1.35078040E+3,
530.700,1.26686768E+3,
530.8500,1.30348792E+3,
531.00,1.43930347E+3,
531.1500,1.39056946E+3,
531.300,1.31450757E+3,
531.4500,1.39084888E+3,
531.600,1.32006775E+3,
531.7500,1.34332617E+3,
531.900,1.38166272E+3,
532.0500,1.38452881E+3,
532.200,1.42305676E+3,
532.3500,1.37390942E+3,
532.500,1.34249231E+3,
532.6500,1.40994348E+3,
532.800,1.42113232E+3,
532.9500,1.39791028E+3,
533.100,1.44223523E+3,
533.2500,1.40661523E+3,
533.400,1.34050549E+3,
533.5500,1.31021008E+3,
533.700,1.46683105E+3,
533.8500,1.30209155E+3,
534.00,1.26746887E+3,
534.1500,1.35925647E+3,
534.300,1.31210522E+3,
534.4500,1.26762842E+3,
534.600,1.38899927E+3,
534.7500,1.26631250E+3,
534.900,1.35020776E+3,
535.0500,1.33213220E+3,
535.200,1.26217175E+3,
535.3500,1.40241199E+3,
535.500,1.36886584E+3,
535.6500,1.34086279E+3,
535.800,1.32545508E+3,
535.9500,1.39734314E+3,
536.100,1.31991846E+3,
536.2500,1.34255676E+3,
536.400,1.39633264E+3,
536.5500,1.31297998E+3,
536.700,1.40224109E+3,
536.8500,1.37825549E+3,
537.00,1.40673413E+3,
537.1500,1.35574890E+3,
537.300,1.46967810E+3,
537.4500,1.45567004E+3,
537.600,1.40454944E+3,
537.7500,1.41754761E+3,
537.900,1.49916870E+3,
538.0500,1.49512476E+3,
538.200,1.39654016E+3,
538.3500,1.30346387E+3,
538.500,1.36808508E+3,
538.6500,1.33368201E+3,
538.800,1.42292859E+3,
538.9500,1.37985693E+3,
539.100,1.33669824E+3,
539.2500,1.40460022E+3,
539.400,1.31512329E+3,
539.5500,1.25582312E+3,
539.700,1.32095044E+3,
539.8500,1.23831470E+3,
540.00,1.29339526E+3,
540.1500,1.32105798E+3,
540.300,1.31531348E+3,
540.4500,1.24691443E+3,
540.600,1.22939417E+3,
540.7500,1.24978931E+3,
540.900,1.27607397E+3,
541.0500,1.28047241E+3,
541.200,1.22922424E+3,
541.3500,1.26439307E+3,
541.500,1.35250525E+3,
541.6500,1.30849719E+3,
541.800,1.29234705E+3,
541.9500,1.24815710E+3,
542.100,1.31155933E+3,
542.2500,1.26580408E+3,
542.400,1.28943872E+3,
542.5500,1.30571912E+3,
542.700,1.30721179E+3,
542.8500,1.26122095E+3,
543.00,1.34435669E+3,
543.1500,1.31911707E+3,
543.300,1.31167981E+3,
543.4500,1.31018396E+3,
543.600,1.37135242E+3,
543.7500,1.31463513E+3,
543.900,1.33555566E+3,
544.0500,1.37298352E+3,
544.200,1.26658740E+3,
544.3500,1.27549463E+3,
544.500,1.33399060E+3,
544.6500,1.36403699E+3,
544.800,1.42274902E+3,
544.9500,1.38060315E+3,
545.100,1.34593115E+3,
545.2500,1.46678052E+3,
545.400,1.48052454E+3,
545.5500,1.51851599E+3,
545.700,1.46716357E+3,
545.8500,1.59018591E+3,
546.00,1.48258203E+3,
546.1500,1.52693176E+3,
546.300,1.44652148E+3,
546.4500,1.41164941E+3,
546.600,1.31563806E+3,
546.7500,1.42873901E+3,
546.900,1.40288428E+3,
547.0500,1.39537109E+3,
547.200,1.30048120E+3,
547.3500,1.38807214E+3,
547.500,1.38209399E+3,
547.6500,1.35454639E+3,
547.800,1.41014563E+3,
547.9500,1.40724170E+3,
548.100,1.46303528E+3,
548.2500,1.44471497E+3,
548.400,1.39382190E+3,
548.5500,1.56763086E+3,
548.700,1.65802527E+3,
548.8500,1.61184961E+3,
549.00,1.63714148E+3,
549.1500,1.62974487E+3,
549.300,1.59268457E+3,
549.4500,1.59769885E+3,
549.600,1.39475537E+3,
549.7500,1.57486743E+3,
549.900,1.59866748E+3,
550.0500,1.56288635E+3,
550.200,1.66212109E+3,
550.3500,1.62631665E+3,
550.500,1.83922083E+3,
550.6500,1.95329529E+3,
550.800,1.99817896E+3,
550.9500,1.95151086E+3,
551.100,2.07875366E+3,
551.2500,2.07482983E+3,
551.400,2.09308862E+3,
551.5500,2.11614209E+3,
551.700,2.01209607E+3,
551.8500,1.96508350E+3,
552.00,1.92592029E+3,
552.1500,1.81337585E+3,
552.300,1.86661963E+3,
552.4500,1.69936914E+3,
552.600,1.71417773E+3,
552.7500,1.79311133E+3,
552.900,1.65564294E+3,
553.0500,1.65279675E+3,
553.200,1.55833801E+3,
553.3500,1.59084326E+3,
553.500,1.58311816E+3,
553.6500,1.65930200E+3,
553.800,1.52072595E+3,
553.9500,1.54361133E+3,
554.100,1.64593896E+3,
554.2500,1.57820667E+3,
554.400,1.66782959E+3,
554.5500,1.64221936E+3,
554.700,1.73863757E+3,
554.8500,1.63154309E+3,
555.00,1.65146924E+3,
555.1500,1.76945947E+3,
555.300,1.72250781E+3,
555.4500,1.74913831E+3,
555.600,1.70203711E+3,
555.7500,1.78122595E+3,
555.900,1.73896826E+3,
556.0500,1.82003198E+3,
556.200,1.66405457E+3,
556.3500,1.75677747E+3,
556.500,1.76548804E+3,
556.6500,1.71634070E+3,
556.800,1.65713452E+3,
556.9500,1.73369336E+3,
557.100,1.68433264E+3,
557.2500,1.68137732E+3,
557.400,1.74827368E+3,
557.5500,1.78534473E+3,
557.700,1.67910059E+3,
557.8500,1.86641235E+3,
558.00,1.70651099E+3,
558.1500,1.77553992E+3,
558.300,1.72744360E+3,
558.4500,1.71613086E+3,
558.600,1.78204407E+3,
558.7500,1.63790686E+3,
558.900,1.73922974E+3,
559.0500,1.79192664E+3,
559.200,1.84816956E+3,
559.3500,1.74907117E+3,
559.500,1.82907385E+3,
559.6500,1.82456262E+3,
559.800,1.76066357E+3,
559.9500,1.77812036E+3,
560.100,1.73270093E+3,
560.2500,1.72291614E+3,
560.400,1.64150916E+3,
560.5500,1.58037402E+3,
560.700,1.69508655E+3,
560.8500,1.56028894E+3,
561.00,1.57418103E+3,
561.1500,1.60180139E+3,
561.300,1.66382153E+3,
561.4500,1.55063696E+3,
561.600,1.45782764E+3,
561.7500,1.56296167E+3,
561.900,1.50444031E+3,
562.0500,1.48377966E+3,
562.200,1.43540662E+3,
562.3500,1.47694812E+3,
562.500,1.38163367E+3,
562.6500,1.36418921E+3,
562.800,1.45617029E+3,
562.9500,1.32394006E+3,
563.100,1.36738696E+3,
563.2500,1.38655750E+3,
563.400,1.38481604E+3,
563.5500,1.27640491E+3,
563.700,1.29726843E+3,
563.8500,1.25682715E+3,
564.00,1.23383081E+3,
564.1500,1.37960144E+3,
564.300,1.27586353E+3,
564.4500,1.30048181E+3,
564.600,1.26163660E+3,
564.7500,1.30925964E+3,
564.900,1.28269702E+3,
565.0500,1.33753772E+3,
565.200,1.28960779E+3,
565.3500,1.17405298E+3,
565.500,1.21825659E+3,
565.6500,1.30708972E+3,
565.800,1.26598157E+3,
565.9500,1.22476355E+3,
566.100,1.31385376E+3,
566.2500,1.25278137E+3,
566.400,1.32056982E+3,
566.5500,1.34187134E+3,
566.700,1.35244275E+3,
566.8500,1.30009692E+3,
567.00,1.32143555E+3,
567.1500,1.18420361E+3,
567.300,1.24875391E+3,
567.4500,1.33513220E+3,
567.600,1.36382654E+3,
567.7500,1.29298376E+3,
567.900,1.39783313E+3,
568.0500,1.33415173E+3,
568.200,1.25221155E+3,
568.3500,1.33565381E+3,
568.500,1.34642029E+3,
568.6500,1.43929810E+3,
568.800,1.47029956E+3,
568.9500,1.38067859E+3,
569.100,1.50693579E+3,
569.2500,1.45936487E+3,
569.400,1.41350244E+3,
569.5500,1.55132214E+3,
569.700,1.50544836E+3,
569.8500,1.51473340E+3,
570.00,1.47052905E+3,
570.1500,1.47785779E+3,
570.300,1.56102942E+3,
570.4500,1.54069751E+3,
570.600,1.52772632E+3,
570.7500,1.39220386E+3,
570.900,1.42175732E+3,
571.0500,1.47181567E+3,
571.200,1.40084680E+3,
571.3500,1.33344031E+3,
571.500,1.46191821E+3,
571.6500,1.31965076E+3,
571.800,1.36605725E+3,
571.9500,1.35636243E+3,
572.100,1.33167993E+3,
572.2500,1.38958105E+3,
572.400,1.36677271E+3,
572.5500,1.32131873E+3,
572.700,1.35866882E+3,
572.8500,1.41308032E+3,
573.00,1.31650879E+3,
573.1500,1.43916528E+3,
573.300,1.38602429E+3,
573.4500,1.34791504E+3,
573.600,1.39132617E+3,
573.7500,1.35501941E+3,
573.900,1.42327209E+3,
574.0500,1.40595935E+3,
574.200,1.36381201E+3,
574.3500,1.34638245E+3,
574.500,1.40730127E+3,
574.6500,1.43773364E+3,
574.800,1.39731323E+3,
574.9500,1.30497583E+3,
575.100,1.44875122E+3,
575.2500,1.43897534E+3,
575.400,1.40027954E+3,
575.5500,1.40776611E+3,
575.700,1.52532166E+3,
575.8500,1.49623853E+3,
576.00,1.41095154E+3,
576.1500,1.39524963E+3,
576.300,1.34845898E+3,
576.4500,1.49775293E+3,
576.600,1.42956824E+3,
576.7500,1.48000110E+3,
576.900,1.41551733E+3,
577.0500,1.40161414E+3,
577.200,1.40524207E+3,
577.3500,1.36778101E+3,
577.500,1.38312146E+3,
577.6500,1.41418567E+3,
577.800,1.35891211E+3,
577.9500,1.35855420E+3,
578.100,1.40145325E+3,
578.2500,1.34786707E+3,
578.400,1.42830554E+3,
578.5500,1.47534473E+3,
578.700,1.41571472E+3,
578.8500,1.44106274E+3,
579.00,1.49222498E+3,
579.1500,1.41454846E+3,
579.300,1.34265002E+3,
579.4500,1.43959985E+3,
579.600,1.50093140E+3,
579.7500,1.59627356E+3,
579.900,1.52623242E+3,
580.0500,1.57588745E+3,
580.200,1.56170496E+3,
580.3500,1.49143030E+3,
580.500,1.52921631E+3,
580.6500,1.55303918E+3,
580.800,1.55481335E+3,
580.9500,1.46005518E+3,
581.100,1.53022046E+3,
581.2500,1.46147705E+3,
581.400,1.56613306E+3,
581.5500,1.55585571E+3,
581.700,1.65883655E+3,
581.8500,1.45622559E+3,
582.00,1.54309839E+3,
582.1500,1.58556726E+3,
582.300,1.71350208E+3,
582.4500,1.44286682E+3,
582.600,1.65039111E+3,
582.7500,1.60545264E+3,
582.900,1.57061377E+3,
583.0500,1.48661865E+3,
583.200,1.64197864E+3,
583.3500,1.66652002E+3,
583.500,1.63570227E+3,
583.6500,1.74247729E+3,
583.800,1.59234180E+3,
583.9500,1.55100732E+3,
584.100,1.53226733E+3,
584.2500,1.68692603E+3,
584.400,1.55666992E+3,
584.5500,1.65583801E+3,
584.700,1.67649475E+3,
584.8500,1.62872595E+3,
585.00,1.59330017E+3,
585.1500,1.74286694E+3,
585.300,1.66997998E+3,
585.4500,1.69698340E+3,
585.600,1.70108484E+3,
585.7500,1.65712720E+3,
585.900,1.72812976E+3,
586.0500,1.62123303E+3,
586.200,1.66923279E+3,
586.3500,1.63126013E+3,
586.500,1.63312939E+3,
586.6500,1.75283630E+3,
586.800,1.66425195E+3,
586.9500,1.67880444E+3,
587.100,1.65114685E+3,
587.2500,1.88975916E+3,
587.400,1.72894153E+3,
587.5500,1.85376379E+3,
587.700,1.73283044E+3,
587.8500,1.89190051E+3,
588.00,1.80686328E+3,
588.1500,1.79401563E+3,
588.300,1.75130371E+3,
588.4500,1.72768799E+3,
588.600,1.72109521E+3,
588.7500,1.77433923E+3,
588.900,1.83411902E+3,
589.0500,1.72051001E+3,
589.200,1.81906592E+3,
589.3500,1.94361853E+3,
589.500,1.76958411E+3,
589.6500,1.88144348E+3,
589.800,1.84700342E+3,
589.9500,1.83837109E+3,
590.100,1.81903247E+3,
590.2500,1.89703955E+3,
590.400,1.88643896E+3,
590.5500,1.76954407E+3,
590.700,1.78696960E+3,
590.8500,1.72834143E+3,
591.00,1.84369934E+3,
591.1500,2.01172363E+3,
591.300,1.84190723E+3,
591.4500,1.85301709E+3,
591.600,1.87290015E+3,
591.7500,1.85558386E+3,
591.900,1.92596106E+3,
592.0500,2.01184412E+3,
592.200,1.88675024E+3,
592.3500,1.92647070E+3,
592.500,2.02139001E+3,
592.6500,1.84286292E+3,
592.800,1.91800952E+3,
592.9500,1.95793616E+3,
593.100,2.04669141E+3,
593.2500,2.15561890E+3,
593.400,2.09383398E+3,
593.5500,2.20973608E+3,
593.700,2.08775708E+3,
593.8500,2.28637036E+3,
594.00,2.14855664E+3,
594.1500,2.16922876E+3,
594.300,2.22797217E+3,
594.4500,2.32045996E+3,
594.600,2.20011938E+3,
594.7500,2.21419653E+3,
594.900,2.14960522E+3,
595.0500,2.18844434E+3,
595.200,2.24775586E+3,
595.3500,2.21014258E+3,
595.500,2.20858960E+3,
595.6500,2.16175269E+3,
595.800,2.19637964E+3,
595.9500,2.10626147E+3,
596.100,2.17497144E+3,
596.2500,2.11868652E+3,
596.400,2.28328198E+3,
596.5500,2.07637964E+3,
596.700,2.06769849E+3,
596.8500,2.33580469E+3,
597.00,2.31139038E+3,
597.1500,2.39697412E+3,
597.300,2.15893018E+3,
597.4500,2.42619995E+3,
597.600,2.32341919E+3,
597.7500,2.36331641E+3,
597.900,2.55337158E+3,
598.0500,2.51042700E+3,
598.200,2.63863550E+3,
598.3500,2.56089990E+3,
598.500,2.74053418E+3,
598.6500,2.60230225E+3,
598.800,2.66145435E+3,
598.9500,2.80693823E+3,
599.100,2.74526880E+3,
599.2500,2.82826245E+3,
599.400,2.94654248E+3,
599.5500,2.74666406E+3,
599.700,2.94484375E+3,
599.8500,2.68573193E+3,
600.00,2.59283838E+3,
600.1500,2.70246680E+3,
600.300,2.70395361E+3,
600.4500,2.76209546E+3,
600.600,2.74001074E+3,
600.7500,2.88831030E+3,
600.900,2.83313086E+3,
601.0500,2.75890698E+3,
601.200,2.88443823E+3,
601.3500,2.70073511E+3,
601.500,2.85516235E+3,
601.6500,2.62304834E+3,
601.800,2.96443018E+3,
601.9500,3.01211108E+3,
602.100,2.85116748E+3,
602.2500,3.08153491E+3,
602.400,3.16575342E+3,
602.5500,3.26468311E+3,
602.700,3.51363086E+3,
602.8500,3.67384424E+3,
603.00,3.57292700E+3,
603.1500,3.67536206E+3,
603.300,4.06964282E+3,
603.4500,4.40913770E+3,
603.600,4.57173584E+3,
603.7500,4.75677197E+3,
603.900,5.29188135E+3,
604.0500,5.44909375E+3,
604.200,5.79298633E+3,
604.3500,6.02247607E+3,
604.500,6.08050391E+3,
604.6500,6.18793018E+3,
604.800,5.97013330E+3,
604.9500,5.65289600E+3,
605.100,5.77497559E+3,
605.2500,5.76118262E+3,
605.400,5.73740967E+3,
605.5500,6.27992383E+3,
605.700,6.54538086E+3,
605.8500,7.38711084E+3,
606.00,7.95931592E+3,
606.1500,9.26591504E+3,
606.300,1.04287998E+4,
606.4500,1.18308203E+4,
606.600,1.20672432E+4,
606.7500,1.27292354E+4,
606.900,1.30154990E+4,
607.0500,1.21123965E+4,
607.200,1.11183311E+4,
607.3500,1.05891211E+4,
607.500,1.00050254E+4,
607.6500,8.96995801E+3,
607.800,8.80842676E+3,
607.9500,9.10452637E+3,
608.100,9.09553711E+3,
608.2500,9.50261133E+3,
608.400,1.03481455E+4,
608.5500,1.09426797E+4,
608.700,1.09054941E+4,
608.8500,1.11763877E+4,
609.00,1.10004326E+4,
609.1500,1.11052881E+4,
609.300,1.17368711E+4,
609.4500,1.19878643E+4,
609.600,1.17943232E+4,
609.7500,1.18257002E+4,
609.900,1.18908955E+4,
610.0500,1.25286670E+4,
610.200,1.28953926E+4,
610.3500,1.34641592E+4,
610.500,1.33316621E+4,
610.6500,1.41227637E+4,
610.800,1.48429170E+4,
610.9500,1.57019121E+4,
611.100,1.64530078E+4,
611.2500,1.77965254E+4,
611.400,1.93157910E+4,
611.5500,1.99544063E+4,
611.700,2.07432363E+4,
611.8500,2.11871484E+4,
612.00,2.06498242E+4,
612.1500,2.07459355E+4,
612.300,1.94543594E+4,
612.4500,1.90284746E+4,
612.600,1.80667383E+4,
612.7500,1.73615391E+4,
612.900,1.57105410E+4,
613.0500,1.55767520E+4,
613.200,1.37945693E+4,
613.3500,1.38057480E+4,
613.500,1.32045635E+4,
613.6500,1.26014209E+4,
613.800,1.22290215E+4,
613.9500,1.15464189E+4,
614.100,1.14241611E+4,
614.2500,1.18782676E+4,
614.400,1.11435010E+4,
614.5500,1.16149199E+4,
614.700,1.10794131E+4,
614.8500,1.13797451E+4,
615.00,1.11819785E+4,
615.1500,1.13410410E+4,
615.300,1.15225898E+4,
615.4500,1.11728174E+4,
615.600,1.13877383E+4,
615.7500,1.10143223E+4,
615.900,1.07310137E+4,
616.0500,1.08213057E+4,
616.200,1.12009980E+4,
616.3500,1.08274297E+4,
616.500,1.08485645E+4,
616.6500,1.11183564E+4,
616.800,1.05299316E+4,
616.9500,1.09289453E+4,
617.100,1.08831318E+4,
617.2500,1.07725771E+4,
617.400,1.10335176E+4,
617.5500,1.10130566E+4,
617.700,1.07889287E+4,
617.8500,1.05214902E+4,
618.00,1.11495908E+4,
618.1500,1.02828086E+4,
618.300,1.07652822E+4,
618.4500,1.06219482E+4,
618.600,1.06066270E+4,
618.7500,1.05053320E+4,
618.900,1.02745957E+4,
619.0500,1.11232832E+4,
619.200,1.08961084E+4,
619.3500,1.18213496E+4,
619.500,1.28365732E+4,
619.6500,1.27876514E+4,
619.800,1.35705059E+4,
619.9500,1.41005947E+4,
620.100,1.48304629E+4,
620.2500,1.52568984E+4,
620.400,1.58921758E+4,
620.5500,1.53360313E+4,
620.700,1.58446748E+4,
620.8500,1.57560898E+4,
621.00,1.59612773E+4,
621.1500,1.50940459E+4,
621.300,1.47461484E+4,
621.4500,1.45596240E+4,
621.600,1.40434922E+4,
621.7500,1.27685928E+4,
621.900,1.29073818E+4,
622.0500,1.21112090E+4,
622.200,1.16999277E+4,
622.3500,1.12721885E+4,
622.500,1.05584170E+4,
622.6500,1.09009951E+4,
622.800,1.04063232E+4,
622.9500,1.01266201E+4,
623.100,9.93045020E+3,
623.2500,1.00054941E+4,
623.400,9.33326172E+3,
623.5500,9.36497949E+3,
623.700,9.17507324E+3,
623.8500,9.34346191E+3,
624.00,9.31124707E+3,
624.1500,9.02897754E+3,
624.300,8.96587598E+3,
624.4500,8.93622559E+3,
624.600,9.05379004E+3,
624.7500,8.73191602E+3,
624.900,9.14526855E+3,
625.0500,8.90273828E+3,
625.200,9.06477539E+3,
625.3500,9.19019043E+3,
625.500,8.74173438E+3,
625.6500,8.89182129E+3,
625.800,8.84611523E+3,
625.9500,9.11550684E+3,
626.100,8.81992871E+3,
626.2500,8.73948730E+3,
626.400,9.08253906E+3,
626.5500,8.79460742E+3,
626.700,8.73875977E+3,
626.8500,8.22168457E+3,
627.00,8.14864307E+3,
627.1500,7.79957031E+3,
627.300,7.32212158E+3,
627.4500,7.49500293E+3,
627.600,7.46770166E+3,
627.7500,7.19119043E+3,
627.900,6.89761426E+3,
628.0500,6.74396777E+3,
628.200,6.58659668E+3,
628.3500,6.19049463E+3,
628.500,6.44080908E+3,
628.6500,6.13976270E+3,
628.800,5.69192139E+3,
628.9500,5.87131445E+3,
629.100,5.85657227E+3,
629.2500,5.42522510E+3,
629.400,5.50739551E+3,
629.5500,5.55064404E+3,
629.700,5.41401221E+3,
629.8500,5.27682666E+3,
630.00,5.38224414E+3,
630.1500,5.44867627E+3,
630.300,5.20196289E+3,
630.4500,5.25833984E+3,
630.600,5.37120361E+3,
630.7500,5.48779834E+3,
630.900,5.38209521E+3,
631.0500,5.43589746E+3,
631.200,5.76370264E+3,
631.3500,5.42731738E+3,
631.500,6.08470947E+3,
631.6500,6.20080566E+3,
631.800,6.33414258E+3,
631.9500,6.13767969E+3,
632.100,6.49767920E+3,
632.2500,6.38535693E+3,
632.400,6.59467090E+3,
632.5500,6.81156787E+3,
632.700,6.52891406E+3,
632.8500,6.64757520E+3,
633.00,6.73591699E+3,
633.1500,6.89293604E+3,
633.300,7.08483691E+3,
633.4500,6.68275830E+3,
633.600,6.88183301E+3,
633.7500,6.56399121E+3,
633.900,6.87075195E+3,
634.0500,6.67979053E+3,
634.200,6.55059229E+3,
634.3500,6.50085107E+3,
634.500,6.46133984E+3,
634.6500,6.60323047E+3,
634.800,6.50422266E+3,
634.9500,6.60462842E+3,
635.100,6.53353662E+3,
635.2500,6.43058057E+3,
635.400,6.22490527E+3,
635.5500,6.27987451E+3,
635.700,6.55105420E+3,
635.8500,6.32654004E+3,
636.00,5.98375928E+3,
636.1500,6.20636377E+3,
636.300,6.31917871E+3,
636.4500,5.91727393E+3,
636.600,5.84707080E+3,
636.7500,5.47119727E+3,
636.900,5.60491992E+3,
637.0500,5.59120654E+3,
637.200,5.11825488E+3,
637.3500,5.13593066E+3,
637.500,5.32423389E+3,
637.6500,4.97868506E+3,
637.800,4.85034570E+3,
637.9500,4.86752979E+3,
638.100,4.81872949E+3,
638.2500,4.85761572E+3,
638.400,4.54766553E+3,
638.5500,4.81064307E+3,
638.700,4.64315820E+3,
638.8500,4.78169287E+3,
639.00,4.77265088E+3,
639.1500,4.73045605E+3,
639.300,4.63972900E+3,
639.4500,4.93605176E+3,
639.600,4.93865771E+3,
639.7500,4.98613770E+3,
639.900,4.74518457E+3,
640.0500,5.24702246E+3,
640.200,4.91567236E+3,
640.3500,4.91858447E+3,
640.500,5.49225635E+3,
640.6500,5.54182129E+3,
640.800,5.31824658E+3,
640.9500,5.66051709E+3,
641.100,5.44000000E+3,
641.2500,5.18795508E+3,
641.400,5.55501953E+3,
641.5500,5.07957129E+3,
641.700,5.29413086E+3,
641.8500,4.87385254E+3,
642.00,4.59848340E+3,
642.1500,4.36053320E+3,
642.300,4.34643652E+3,
642.4500,4.03308887E+3,
642.600,3.83910107E+3,
642.7500,3.41797485E+3,
642.900,3.47990332E+3,
643.0500,3.54989063E+3,
643.200,3.27460718E+3,
643.3500,3.04143604E+3,
643.500,3.20944043E+3,
643.6500,2.90796289E+3,
643.800,2.96946118E+3,
643.9500,2.82886255E+3,
644.100,2.79898364E+3,
644.2500,2.82474463E+3,
644.400,2.83064111E+3,
644.5500,2.55649072E+3,
644.700,2.64200830E+3,
644.8500,2.56315259E+3,
645.00,2.62486084E+3,
645.1500,2.54981982E+3,
645.300,2.76555005E+3,
645.4500,2.49597266E+3,
645.600,2.44043311E+3,
645.7500,2.60845752E+3,
645.900,2.29597852E+3,
646.0500,2.43582104E+3,
646.200,2.53538525E+3,
646.3500,2.61484863E+3,
646.500,2.67819336E+3,
646.6500,2.58925562E+3,
646.800,2.52883350E+3,
646.9500,2.62964331E+3,
647.100,2.60216870E+3,
647.2500,2.49135107E+3,
647.400,2.72183521E+3,
647.5500,2.86558032E+3,
647.700,2.75876367E+3,
647.8500,2.54658374E+3,
648.00,2.65301025E+3,
648.1500,2.75135205E+3,
648.300,2.61364282E+3,
648.4500,2.52188428E+3,
648.600,2.40851978E+3,
648.7500,2.67285547E+3,
648.900,2.44858936E+3,
649.0500,2.46661450E+3,
649.200,2.52323193E+3,
649.3500,2.52864917E+3,
649.500,2.58991309E+3,
649.6500,2.37595801E+3,
649.800,2.62692676E+3,
649.9500,2.46830347E+3,
650.100,2.59071167E+3,
650.2500,2.64425171E+3,
650.400,2.74153687E+3,
650.5500,3.18378516E+3,
650.700,3.18652051E+3,
650.8500,3.28124707E+3,
651.00,3.78470825E+3,
651.1500,4.25098633E+3,
651.300,4.55616748E+3,
651.4500,5.49045850E+3,
651.600,6.28719482E+3,
651.7500,6.71006201E+3,
651.900,6.99685400E+3,
652.0500,6.82534814E+3,
652.200,7.12236279E+3,
652.3500,6.33625293E+3,
652.500,5.81604443E+3,
652.6500,5.32948291E+3,
652.800,4.86776465E+3,
652.9500,4.08744727E+3,
653.100,3.82472461E+3,
653.2500,3.34733008E+3,
653.400,3.30477197E+3,
653.5500,3.07951196E+3,
653.700,2.97211450E+3,
653.8500,2.78631128E+3,
654.00,3.11408008E+3,
654.1500,2.89101538E+3,
654.300,3.08678979E+3,
654.4500,3.05684546E+3,
654.600,2.90623340E+3,
654.7500,3.14051392E+3,
654.900,3.38982324E+3,
655.0500,3.35558301E+3,
655.200,3.43815503E+3,
655.3500,3.42262915E+3,
655.500,3.27543433E+3,
655.6500,2.98624243E+3,
655.800,3.22444946E+3,
655.9500,2.89591943E+3,
656.100,3.07806616E+3,
656.2500,3.00433228E+3,
656.400,2.91118823E+3,
656.5500,2.72208374E+3,
656.700,2.76664233E+3,
656.8500,2.44197607E+3,
657.00,2.45721509E+3,
657.1500,2.72803052E+3,
657.300,2.44451782E+3,
657.4500,2.63906519E+3,
657.600,2.67919019E+3,
657.7500,2.55894727E+3,
657.900,2.48201929E+3,
658.0500,2.70288403E+3,
658.200,2.67986523E+3,
658.3500,2.46520239E+3,
658.500,2.73190405E+3,
658.6500,2.63474121E+3,
658.800,2.76459937E+3,
658.9500,2.59266821E+3,
659.100,2.68324902E+3,
659.2500,2.62979639E+3,
659.400,2.34642969E+3,
659.5500,2.46204395E+3,
659.700,2.50797314E+3,
659.8500,2.16193896E+3,
660.00,2.17207349E+3,
660.1500,2.07117163E+3,
660.300,2.13687524E+3,
660.4500,2.32470532E+3,
660.600,2.03006921E+3,
660.7500,2.26951929E+3,
660.900,2.26983081E+3,
661.0500,2.44953027E+3,
661.200,2.40415771E+3,
661.3500,2.60573242E+3,
661.500,2.60179126E+3,
661.6500,2.67544385E+3,
661.800,2.66125024E+3,
661.9500,2.80818896E+3,
662.100,2.80990039E+3,
662.2500,3.03111743E+3,
662.400,3.16435474E+3,
662.5500,2.96735693E+3,
662.700,2.86414233E+3,
662.8500,2.82901221E+3,
663.00,2.97359155E+3,
663.1500,2.85356152E+3,
663.300,2.61063452E+3,
663.4500,2.49442993E+3,
663.600,2.46847266E+3,
663.7500,2.11565430E+3,
663.900,1.92754309E+3,
664.0500,1.79766589E+3,
664.200,1.81814697E+3,
664.3500,1.71433105E+3,
664.500,1.69674524E+3,
664.6500,1.51605176E+3,
664.800,1.44342004E+3,
664.9500,1.49601428E+3,
665.100,1.42295386E+3,
665.2500,1.38244385E+3,
665.400,1.23175781E+3,
665.5500,1.36696948E+3,
665.700,1.24314172E+3,
665.8500,1.28486377E+3,
666.00,1.24905884E+3,
666.1500,1.23534753E+3,
666.300,1.10442627E+3,
666.4500,1.15738660E+3,
666.600,1.14333838E+3,
666.7500,1.30337500E+3,
666.900,1.21638989E+3,
667.0500,1.14592383E+3,
667.200,1.23357312E+3,
667.3500,1.21953882E+3,
667.500,1.21680225E+3,
667.6500,1.05445435E+3,
667.800,1.15984961E+3,
667.9500,1.19129614E+3,
668.100,1.19425439E+3,
668.2500,1.16847742E+3,
668.400,9.92531921E+2,
668.5500,9.54533813E+2,
668.700,8.52545532E+2,
668.8500,1.08144922E+3,
669.00,9.32623962E+2,
669.1500,1.13376453E+3,
669.300,1.04297876E+3,
669.4500,1.02808594E+3,
669.600,7.95172363E+2,
669.7500,1.04529187E+3,
669.900,1.00658661E+3,
670.0500,9.61723999E+2,
670.200,9.82076050E+2,
670.3500,1.00849524E+3,
670.500,1.02308038E+3,
670.6500,9.71754028E+2,
670.800,9.20153320E+2,
670.9500,8.74310608E+2,
671.100,8.28148987E+2,
671.2500,1.02410803E+3,
671.400,1.00233997E+3,
671.5500,1.04135510E+3,
671.700,9.34043762E+2,
671.8500,8.69034851E+2,
672.00,9.75482666E+2,
672.1500,9.65514832E+2,
672.300,9.43163696E+2,
672.4500,8.83627563E+2,
672.600,9.47681152E+2,
672.7500,9.12695862E+2,
672.900,9.27328979E+2,
673.0500,8.60939392E+2,
673.200,7.94253784E+2,
673.3500,9.02776672E+2,
673.500,9.36411560E+2,
673.6500,8.12706604E+2,
673.800,8.21014099E+2,
673.9500,8.92669800E+2,
674.100,7.29893555E+2,
674.2500,9.98997742E+2,
674.400,7.46371277E+2,
674.5500,1.01688098E+3,
674.700,6.73236511E+2,
674.8500,9.44933594E+2,
675.00,8.44231262E+2,
675.1500,9.36877502E+2,
675.300,8.09746887E+2,
675.4500,8.50817688E+2,
675.600,9.50701843E+2,
675.7500,8.16071899E+2,
675.900,7.39647644E+2,
676.0500,7.67830200E+2,
676.200,8.68555786E+2,
676.3500,7.58693542E+2,
676.500,8.20230164E+2,
676.6500,7.95869812E+2,
676.800,8.97720398E+2,
676.9500,9.40101196E+2,
677.100,9.69333191E+2,
677.2500,8.44552246E+2,
677.400,8.40074951E+2,
677.5500,7.27752441E+2,
677.700,7.29688049E+2,
677.8500,7.65501160E+2,
678.00,6.79238281E+2,
678.1500,7.35487976E+2,
678.300,8.53476074E+2,
678.4500,7.87245667E+2,
678.600,8.85387634E+2,
678.7500,7.56952209E+2,
678.900,8.00326050E+2,
679.0500,7.47063782E+2,
679.200,7.21236572E+2,
679.3500,9.24712341E+2,
679.500,7.80700195E+2,
679.6500,9.50424255E+2,
679.800,6.79614197E+2,
679.9500,6.32189209E+2,
680.100,7.77317139E+2,
680.2500,6.87347290E+2,
680.400,7.24778137E+2,
680.5500,7.41034668E+2,
680.700,6.93073181E+2,
680.8500,7.66644165E+2,
681.00,7.83141479E+2,
681.1500,7.06037903E+2,
681.300,6.28505798E+2,
681.4500,7.09914490E+2,
681.600,7.48182617E+2,
681.7500,8.23076477E+2,
681.900,6.64654297E+2,
682.0500,8.42243896E+2,
682.200,6.53586548E+2,
682.3500,6.62718445E+2,
682.500,6.79279846E+2,
682.6500,6.21893311E+2,
682.800,7.49779480E+2,
682.9500,8.63470642E+2,
683.100,7.98623718E+2,
683.2500,7.18446960E+2,
683.400,7.50394897E+2,
683.5500,7.97557495E+2,
683.700,7.99705322E+2,
683.8500,7.94295166E+2,
684.00,7.05415222E+2,
684.1500,6.54082336E+2,
684.300,7.01606873E+2,
684.4500,6.11744080E+2,
684.600,5.75062805E+2,
684.7500,5.76620850E+2,
684.900,6.55276306E+2,
685.0500,6.26132141E+2,
685.200,8.37105408E+2,
685.3500,6.45075317E+2,
685.500,6.00066956E+2,
685.6500,6.56396606E+2,
685.800,7.91382568E+2,
685.9500,6.75683655E+2,
686.100,7.56297424E+2,
686.2500,7.10950378E+2,
686.400,6.89116821E+2,
686.5500,8.73660767E+2,
686.700,7.16755798E+2,
686.8500,6.78776062E+2,
687.00,6.64607910E+2,
687.1500,7.62784851E+2,
687.300,7.32674194E+2,
687.4500,8.47718567E+2,
687.600,7.44806702E+2,
687.7500,8.11801941E+2,
687.900,7.81478699E+2,
688.0500,8.32609314E+2,
688.200,7.44866638E+2,
688.3500,6.89466248E+2,
688.500,6.83139282E+2,
688.6500,8.17081482E+2,
688.800,9.02101990E+2,
688.9500,8.05010925E+2,
689.100,7.82245544E+2,
689.2500,7.76025879E+2,
689.400,9.70578430E+2,
689.5500,7.04743774E+2,
689.700,7.65551758E+2,
689.8500,4.97699066E+2,
690.00,8.12023499E+2,
690.1500,7.03956421E+2,
690.300,6.29317261E+2,
690.4500,6.31017822E+2,
690.600,5.89972107E+2,
690.7500,6.68729309E+2,
690.900,6.53347229E+2,
691.0500,7.41320862E+2,
691.200,6.39622864E+2,
691.3500,5.89367432E+2,
691.500,7.90868835E+2,
691.6500,5.75167419E+2,
691.800,7.16558289E+2,
691.9500,6.39660767E+2,
692.100,7.90790344E+2,
692.2500,7.40103149E+2,
692.400,5.91947754E+2,
692.5500,6.02438965E+2,
692.700,6.21870056E+2,
692.8500,7.83939087E+2,
693.00,7.05709229E+2,
693.1500,7.70343262E+2,
693.300,7.81433777E+2,
693.4500,7.02516418E+2,
693.600,9.03132385E+2,
693.7500,7.96937927E+2,
693.900,7.99128174E+2,
694.0500,6.82947876E+2,
694.200,6.30044067E+2,
694.3500,7.05031738E+2,
694.500,8.26337708E+2,
694.6500,6.62897217E+2,
694.800,8.40143799E+2,
694.9500,9.44306641E+2,
695.100,9.00534058E+2,
695.2500,8.84455078E+2,
695.400,8.02926880E+2,
695.5500,8.52009583E+2,
695.700,8.35642761E+2,
695.8500,7.34435303E+2,
696.00,8.02614746E+2,
696.1500,9.37446350E+2,
696.300,7.40677124E+2,
696.4500,7.61815002E+2,
696.600,1.09820435E+3,
696.7500,9.19355469E+2,
696.900,7.77903625E+2,
697.0500,6.35627502E+2,
697.200,6.85671021E+2,
697.3500,1.14271704E+3,
697.500,8.44843323E+2,
697.6500,8.47184326E+2,
697.800,9.08120361E+2,
697.9500,8.32306335E+2,
698.100,9.13171265E+2,
698.2500,7.97555115E+2,
698.400,9.97252380E+2,
698.5500,9.10918579E+2,
698.700,9.13460022E+2,
698.8500,9.65793091E+2,
699.00,7.88771484E+2,
699.1500,8.81121094E+2,
699.300,8.83618103E+2,
699.4500,8.05569641E+2,
699.600,7.87661194E+2,
699.7500,1.02281989E+3,
699.900,8.83551025E+2,
700.0500,8.65679260E+2,
700.200,7.65965515E+2,
700.3500,7.16896301E+2,
700.500,8.21598816E+2,
700.6500,7.20909912E+2,
700.800,7.53908875E+2,
700.9500,8.28516724E+2,
701.100,9.65782166E+2,
701.2500,6.45592102E+2,
701.400,7.72627258E+2,
701.5500,7.85183594E+2,
701.700,8.18800842E+2,
701.8500,8.63120972E+2,
702.00,8.02133057E+2,
702.1500,8.78385925E+2,
702.300,7.00366943E+2,
702.4500,1.01083807E+3,
702.600,7.89526306E+2,
702.7500,1.05912646E+3,
702.900,9.44005493E+2,
703.0500,1.06493530E+3,
703.200,1.01402362E+3,
703.3500,1.01690631E+3,
703.500,1.03064856E+3,
703.6500,7.83348938E+2,
703.800,9.81976685E+2,
703.9500,7.98766052E+2,
704.100,8.99871033E+2,
704.2500,1.00159998E+3,
704.400,9.82497437E+2,
704.5500,7.75047302E+2,
704.700,1.15492773E+3,
704.8500,1.13609265E+3,
705.00,1.15065308E+3,
705.1500,9.86002625E+2,
705.300,8.76553833E+2,
705.4500,1.35255933E+3,
705.600,1.08527100E+3,
705.7500,1.05449207E+3,
705.900,1.10313184E+3,
706.0500,1.06077905E+3,
706.200,1.06388550E+3,
706.3500,1.12436853E+3,
706.500,1.03561218E+3,
706.6500,1.09635742E+3,
706.800,1.08800427E+3,
706.9500,1.17246741E+3,
707.100,1.26904797E+3,
707.2500,1.36618066E+3,
707.400,1.37019006E+3,
707.5500,1.44468433E+3,
707.700,1.61385242E+3,
707.8500,1.41775317E+3,
708.00,1.29158655E+3,
708.1500,1.36661914E+3,
708.300,1.23946948E+3,
708.4500,1.66139380E+3,
708.600,1.30659265E+3,
708.7500,8.65572510E+2,
708.900,1.29007166E+3,
709.0500,1.25748584E+3,
709.200,9.21479797E+2,
709.3500,1.43468762E+3,
709.500,1.13386768E+3,
709.6500,9.65855896E+2,
709.800,1.11566199E+3,
709.9500,1.24171106E+3,
710.100,1.04786865E+3,
710.2500,1.10016492E+3,
710.400,1.02879077E+3,
710.5500,1.23045459E+3,
710.700,9.97019836E+2,
710.8500,1.06222534E+3,
711.00,9.39818420E+2,
711.1500,8.67041382E+2,
711.300,8.82057617E+2,
711.4500,8.33975281E+2,
711.600,1.08972937E+3,
711.7500,8.76761292E+2,
711.900,9.30184021E+2,
712.0500,1.09891577E+3,
712.200,9.99527832E+2,
712.3500,9.76672302E+2,
712.500,7.73255127E+2,
712.6500,1.05979883E+3,
712.800,1.02394226E+3,
712.9500,1.11785852E+3,
713.100,8.60306396E+2,
713.2500,9.80352539E+2,
713.400,1.00931146E+3,
713.5500,8.41256653E+2,
713.700,9.35884338E+2,
713.8500,7.40232727E+2,
714.00,8.88122253E+2,
714.1500,7.84242004E+2,
714.300,8.79716919E+2,
714.4500,8.42056946E+2,
714.600,9.51617432E+2,
714.7500,8.60177856E+2,
714.900,7.68226013E+2,
715.0500,1.02718066E+3,
715.200,8.67478333E+2,
715.3500,9.92312073E+2,
715.500,9.13373230E+2,
715.6500,7.79288330E+2,
715.800,8.36380554E+2,
715.9500,7.97542908E+2,
716.100,8.13664612E+2,
716.2500,7.60732300E+2,
716.400,6.93612305E+2,
716.5500,7.65223145E+2,
716.700,7.53527771E+2,
716.8500,6.71781738E+2,
717.00,4.49179565E+2,
717.1500,8.02429504E+2,
717.300,8.75359863E+2,
717.4500,8.63752075E+2,
717.600,6.39053955E+2,
717.7500,6.97892090E+2,
717.900,7.14218689E+2,
718.0500,6.58991577E+2,
718.200,5.17212036E+2,
718.3500,9.50944763E+2,
718.500,7.51382996E+2,
718.6500,8.54985229E+2,
718.800,7.84783081E+2,
718.9500,8.89071106E+2,
719.100,9.64696716E+2,
719.2500,9.08812439E+2,
719.400,9.40805725E+2,
719.5500,8.99265869E+2,
719.700,8.13131104E+2,
719.8500,8.00631287E+2,
720.00,9.51614258E+2,
720.1500,9.54319153E+2,
720.300,1.00189453E+3,
720.4500,8.54785095E+2,
720.600,6.16597839E+2,
720.7500,6.93766663E+2,
720.900,8.62123840E+2,
721.0500,8.03900085E+2,
721.200,8.21362915E+2,
721.3500,1.00670367E+3,
721.500,8.71867004E+2,
721.6500,8.58979492E+2,
721.800,1.03059888E+3,
721.9500,9.40949036E+2,
722.100,1.17557727E+3,
722.2500,1.16329712E+3,
722.400,1.10428491E+3,
722.5500,1.02934448E+3,
722.700,9.07068542E+2,
722.8500,8.46841919E+2,
723.00,1.08506384E+3,
723.1500,1.04079126E+3,
723.300,7.27430786E+2,
723.4500,7.92901733E+2,
723.600,7.79223755E+2,
723.7500,7.65465088E+2,
723.900,8.15594055E+2,
724.0500,6.89611877E+2,
724.200,6.27275513E+2,
724.3500,6.77488403E+2,
724.500,6.63279724E+2,
724.6500,8.92355286E+2,
724.800,1.05767358E+3,
724.9500,1.04443860E+3,
725.100,1.16202649E+3,
725.2500,1.11613599E+3,
725.400,1.00413116E+3,
725.5500,1.15561182E+3,
725.700,1.20862476E+3,
725.8500,1.24533459E+3,
726.00,1.44877747E+3,
726.1500,1.31923938E+3,
726.300,1.08849072E+3,
726.4500,1.20909399E+3,
726.600,9.26206299E+2,
726.7500,1.03013391E+3,
726.900,1.01609802E+3,
727.0500,7.30237183E+2,
727.200,6.98186096E+2,
727.3500,6.31803589E+2,
727.500,7.53403076E+2,
727.6500,4.46420380E+2,
727.800,6.37043579E+2,
727.9500,5.00683594E+2,
728.100,7.96365234E+2,
728.2500,8.33260986E+2,
728.400,6.78877380E+2,
728.5500,7.85465027E+2,
728.700,7.70115540E+2,
728.8500,4.21215729E+2,
729.00,6.51157898E+2,
729.1500,7.23572144E+2,
729.300,6.72505188E+2,
729.4500,5.50160217E+2,
729.600,6.76282104E+2,
729.7500,4.64018890E+2,
729.900,5.90603699E+2,
730.0500,6.82012024E+2,
730.200,7.01958923E+2,
730.3500,6.85915466E+2,
730.500,7.42185303E+2,
730.6500,6.17235291E+2,
730.800,6.73624390E+2,
730.9500,5.66009155E+2,
731.100,6.04224915E+2,
731.2500,6.79357605E+2,
731.400,8.10145996E+2,
731.5500,5.16991516E+2,
731.700,6.85082825E+2,
731.8500,6.49870483E+2,
732.00,9.12375488E+2,
732.1500,7.46848755E+2,
732.300,6.92740173E+2,
732.4500,6.94652588E+2,
732.600,6.02440857E+2,
732.7500,7.92891113E+2,
732.900,7.57226379E+2,
733.0500,8.35272827E+2,
733.200,6.47263123E+2,
733.3500,1.16455334E+3,
733.500,1.16785388E+3,
733.6500,1.19036829E+3,
733.800,1.42479797E+3,
733.9500,1.69917285E+3,
734.100,1.60722546E+3,
734.2500,2.11677686E+3,
734.400,2.33712378E+3,
734.5500,2.08995630E+3,
734.700,2.21353418E+3,
734.8500,2.12171753E+3,
735.00,2.30519214E+3,
735.1500,1.67948413E+3,
735.300,2.29853760E+3,
735.4500,1.66921008E+3,
735.600,1.77362280E+3,
735.7500,1.59883032E+3,
735.900,1.62345569E+3,
736.0500,1.30646045E+3,
736.200,1.20928882E+3,
736.3500,9.90311890E+2,
736.500,1.37810815E+3,
736.6500,1.15837622E+3,
736.800,1.46726440E+3,
736.9500,1.36915674E+3,
737.100,1.06547388E+3,
737.2500,1.45860828E+3,
737.400,1.25647156E+3,
737.5500,1.48695715E+3,
737.700,1.92572021E+3,
737.8500,2.01385132E+3,
738.00,2.31060205E+3,
738.1500,3.21386377E+3,
738.300,2.59437988E+3,
738.4500,3.16734229E+3,
738.600,3.72218994E+3,
738.7500,3.94253003E+3,
738.900,3.95261621E+3,
739.0500,4.70450928E+3,
739.200,4.78057080E+3,
739.3500,4.64398340E+3,
739.500,4.42122363E+3,
739.6500,3.96171777E+3,
739.800,3.71448193E+3,
739.9500,2.58329980E+3,
740.100,2.46080884E+3,
740.2500,2.61913330E+3,
740.400,1.69304285E+3,
740.5500,1.69773486E+3,
740.700,9.82180176E+2,
740.8500,1.07245605E+3,
741.00,1.29491577E+3,
741.1500,1.16646265E+3,
741.300,7.50378113E+2,
741.4500,9.73781860E+2,
741.600,9.09917358E+2,
741.7500,9.34712402E+2,
741.900,6.47200989E+2,
742.0500,7.38510071E+2,
742.200,8.30276184E+2,
742.3500,5.85024292E+2,
742.500,5.41492920E+2,
742.6500,4.97722260E+2,
742.800,4.53709625E+2,
742.9500,7.27918884E+2,
743.100,6.84293030E+2,
743.2500,6.63298401E+2,
743.400,5.96315674E+2,
743.5500,7.35945496E+2,
743.700,5.30417358E+2,
743.8500,6.01255127E+2,
744.00,4.63780365E+2,
744.1500,5.11576691E+2,
744.300,4.66363586E+2,
744.4500,4.91045715E+2,
744.600,7.73795227E+2,
744.7500,5.87845398E+2,
744.900,6.36648438E+2,
745.0500,5.91125488E+2,
745.200,4.97902100E+2,
745.3500,4.99263916E+2,
745.500,7.86705994E+2,
745.6500,7.41053894E+2,
745.800,5.51323242E+2,
745.9500,6.73020508E+2,
746.100,7.95315918E+2,
746.2500,5.79928894E+2,
746.400,1.06599622E+3,
746.5500,1.11738025E+3,
746.700,1.46128784E+3,
746.8500,9.03501465E+2,
747.00,1.10175098E+3,
747.1500,1.22720044E+3,
747.300,1.03340332E+3,
747.4500,8.87971802E+2,
747.600,5.68723938E+2,
747.7500,7.18869019E+2,
747.900,5.96406738E+2,
748.0500,7.97184265E+2,
748.200,6.99262512E+2,
748.3500,7.26029968E+2,
748.500,5.52146912E+2,
748.6500,5.53517639E+2,
748.800,4.03558136E+2,
748.9500,6.57412354E+2,
749.100,4.05615326E+2,
749.2500,6.10045166E+2,
749.400,4.33269165E+2,
749.5500,5.11090546E+2,
749.700,2.56228882E+2,
749.8500,8.22128296E+2,
750.00,6.44009827E+2,
