Labels,32C_14_275K,
Type,Emission Scan,
Comment,,
Start,252.00,
Stop,750.00,
Step,0.150,
Fixed/Offset,248.400,
Xaxis,Wavelength,
Yaxis,Counts,
Scan Corr. by File,True,
Corr. by Ref. Det.,False,
Fixed/Offset Corr. by File,False,
Repeats,1,
Dwell Time,0.20,
Lamp,Xe,
Temp,26.950,
Scan Polariser,None,
Scan Slit,0.2520,
Fixed/Offset Polariser,None,
Fixed/Offset Slit,2.9970,
Detector,Red PMT,

252.00,3.92314883E+4,
252.1500,1.42375928E+4,
252.300,1.43844707E+4,
252.4500,1.54287354E+4,
252.600,1.68854785E+4,
252.7500,1.64599668E+4,
252.900,1.50974189E+4,
253.0500,1.51233525E+4,
253.200,1.47925605E+4,
253.3500,1.51296377E+4,
253.500,1.43226406E+4,
253.6500,1.64077988E+4,
253.800,1.54480137E+4,
253.9500,1.42853750E+4,
254.100,1.57961025E+4,
254.2500,1.56770518E+4,
254.400,1.53411260E+4,
254.5500,1.54487432E+4,
254.700,1.52682266E+4,
254.8500,1.45338467E+4,
255.00,1.50599951E+4,
255.1500,1.46637051E+4,
255.300,1.59407188E+4,
255.4500,1.71087949E+4,
255.600,1.68245547E+4,
255.7500,1.83175234E+4,
255.900,1.70893594E+4,
256.0500,1.69319414E+4,
256.200,1.61637393E+4,
256.3500,1.97335938E+4,
256.500,1.81876074E+4,
256.6500,1.56621572E+4,
256.800,1.73789922E+4,
256.9500,2.03689551E+4,
257.100,1.87843516E+4,
257.2500,2.13676895E+4,
257.400,1.95988848E+4,
257.5500,2.27069824E+4,
257.700,2.40830781E+4,
257.8500,2.29039434E+4,
258.00,2.47272832E+4,
258.1500,2.86667480E+4,
258.300,2.69242832E+4,
258.4500,2.78755020E+4,
258.600,2.87036387E+4,
258.7500,2.73096934E+4,
258.900,3.19943516E+4,
259.0500,3.44047227E+4,
259.200,3.21427949E+4,
259.3500,3.12817539E+4,
259.500,3.71105703E+4,
259.6500,3.39398789E+4,
259.800,3.75820898E+4,
259.9500,3.90456172E+4,
260.100,4.05387266E+4,
260.2500,4.10747109E+4,
260.400,3.99956055E+4,
260.5500,4.15585781E+4,
260.700,4.38731250E+4,
260.8500,4.49264375E+4,
261.00,4.45102148E+4,
261.1500,4.82338594E+4,
261.300,4.78327148E+4,
261.4500,5.27187930E+4,
261.600,5.15651953E+4,
261.7500,5.27165234E+4,
261.900,5.57424609E+4,
262.0500,5.83112891E+4,
262.200,5.99342422E+4,
262.3500,6.16763398E+4,
262.500,5.75217617E+4,
262.6500,6.33923633E+4,
262.800,6.26229531E+4,
262.9500,6.60378828E+4,
263.100,6.60408359E+4,
263.2500,6.54913281E+4,
263.400,7.07047031E+4,
263.5500,6.98394219E+4,
263.700,7.28505781E+4,
263.8500,7.36782109E+4,
264.00,7.29419375E+4,
264.1500,7.58878828E+4,
264.300,7.42188750E+4,
264.4500,7.80393203E+4,
264.600,7.66498906E+4,
264.7500,7.90036406E+4,
264.900,8.00233906E+4,
265.0500,8.28630313E+4,
265.200,8.12723672E+4,
265.3500,8.36773906E+4,
265.500,8.08586875E+4,
265.6500,8.89772500E+4,
265.800,8.84227422E+4,
265.9500,8.69887891E+4,
266.100,9.27137500E+4,
266.2500,9.19246484E+4,
266.400,8.92846797E+4,
266.5500,8.85396797E+4,
266.700,9.14344453E+4,
266.8500,9.25068516E+4,
267.00,9.00214688E+4,
267.1500,9.20915156E+4,
267.300,9.27683125E+4,
267.4500,9.49208516E+4,
267.600,9.23518359E+4,
267.7500,9.18826484E+4,
267.900,9.61156172E+4,
268.0500,9.34509609E+4,
268.200,9.61694219E+4,
268.3500,9.50260781E+4,
268.500,9.74030234E+4,
268.6500,9.52299063E+4,
268.800,9.59792344E+4,
268.9500,9.79284141E+4,
269.100,9.87429688E+4,
269.2500,9.78905391E+4,
269.400,9.74646328E+4,
269.5500,9.69842969E+4,
269.700,9.76538125E+4,
269.8500,9.87514609E+4,
270.00,9.59362031E+4,
270.1500,9.92262422E+4,
270.300,9.81821328E+4,
270.4500,1.01430852E+5,
270.600,9.95494531E+4,
270.7500,9.72014922E+4,
270.900,9.73393516E+4,
271.0500,9.75146172E+4,
271.200,9.72860078E+4,
271.3500,9.48780391E+4,
271.500,9.96461797E+4,
271.6500,1.00393281E+5,
271.800,9.64153047E+4,
271.9500,1.00452422E+5,
272.100,9.54415703E+4,
272.2500,9.97372031E+4,
272.400,9.91453516E+4,
272.5500,9.80268438E+4,
272.700,9.88398594E+4,
272.8500,9.76861797E+4,
273.00,9.85493516E+4,
273.1500,9.61997813E+4,
273.300,9.77605547E+4,
273.4500,9.54650156E+4,
273.600,9.60243516E+4,
273.7500,9.82915234E+4,
273.900,9.87211250E+4,
274.0500,9.64662422E+4,
274.200,9.79256719E+4,
274.3500,1.00447953E+5,
274.500,9.82892734E+4,
274.6500,1.01714555E+5,
274.800,9.89253750E+4,
274.9500,1.01142195E+5,
275.100,1.00838023E+5,
275.2500,1.03554281E+5,
275.400,9.94228047E+4,
275.5500,1.00825555E+5,
275.700,1.00164406E+5,
275.8500,9.76710000E+4,
276.00,9.91844063E+4,
276.1500,9.65007344E+4,
276.300,1.03029844E+5,
276.4500,9.82738516E+4,
276.600,9.76892500E+4,
276.7500,9.67659453E+4,
276.900,9.90309531E+4,
277.0500,9.76720000E+4,
277.200,1.00956531E+5,
277.3500,1.00776727E+5,
277.500,9.86692734E+4,
277.6500,1.01545359E+5,
277.800,9.83284141E+4,
277.9500,1.01095016E+5,
278.100,1.00953281E+5,
278.2500,9.80146719E+4,
278.400,9.57762188E+4,
278.5500,9.52265781E+4,
278.700,9.33497500E+4,
278.8500,9.20590703E+4,
279.00,9.16489766E+4,
279.1500,9.28454219E+4,
279.300,9.18069219E+4,
279.4500,9.23096016E+4,
279.600,9.19524922E+4,
279.7500,9.29917891E+4,
279.900,9.21773125E+4,
280.0500,9.23733438E+4,
280.200,9.25622500E+4,
280.3500,9.33253047E+4,
280.500,9.06966797E+4,
280.6500,9.22156484E+4,
280.800,8.96463672E+4,
280.9500,9.11922266E+4,
281.100,9.25811250E+4,
281.2500,9.17709297E+4,
281.400,9.03847188E+4,
281.5500,9.05563203E+4,
281.700,8.88557109E+4,
281.8500,8.99597813E+4,
282.00,9.06132266E+4,
282.1500,9.10021797E+4,
282.300,8.71496250E+4,
282.4500,8.48395781E+4,
282.600,8.67882969E+4,
282.7500,8.55007031E+4,
282.900,8.35108359E+4,
283.0500,8.55040078E+4,
283.200,8.32882500E+4,
283.3500,8.48800703E+4,
283.500,8.24047578E+4,
283.6500,8.17048125E+4,
283.800,8.09362500E+4,
283.9500,8.23147188E+4,
284.100,8.14791406E+4,
284.2500,8.25004531E+4,
284.400,8.07443672E+4,
284.5500,8.15330625E+4,
284.700,8.23207734E+4,
284.8500,8.04998281E+4,
285.00,8.13828281E+4,
285.1500,8.23918984E+4,
285.300,7.95276719E+4,
285.4500,8.02091875E+4,
285.600,8.17160625E+4,
285.7500,7.79606328E+4,
285.900,7.80831172E+4,
286.0500,7.77239688E+4,
286.200,7.82022031E+4,
286.3500,7.64186094E+4,
286.500,7.53156641E+4,
286.6500,7.52405703E+4,
286.800,7.44872656E+4,
286.9500,7.44749141E+4,
287.100,7.08114531E+4,
287.2500,7.33548984E+4,
287.400,7.39900859E+4,
287.5500,6.97658828E+4,
287.700,7.02034297E+4,
287.8500,6.98455391E+4,
288.00,6.90221016E+4,
288.1500,6.81114688E+4,
288.300,6.72988281E+4,
288.4500,6.63424844E+4,
288.600,6.69980625E+4,
288.7500,6.53332305E+4,
288.900,6.58814453E+4,
289.0500,6.40428672E+4,
289.200,6.34638438E+4,
289.3500,6.22757422E+4,
289.500,6.23602539E+4,
289.6500,6.26506953E+4,
289.800,6.35677969E+4,
289.9500,6.22731797E+4,
290.100,6.21607734E+4,
290.2500,6.15835391E+4,
290.400,6.20346289E+4,
290.5500,5.96720195E+4,
290.700,5.90794336E+4,
290.8500,5.94507695E+4,
291.00,5.69160078E+4,
291.1500,5.63473398E+4,
291.300,5.67135820E+4,
291.4500,5.75586016E+4,
291.600,5.46656289E+4,
291.7500,5.56881172E+4,
291.900,5.49195273E+4,
292.0500,5.51975391E+4,
292.200,5.43555977E+4,
292.3500,5.29252344E+4,
292.500,5.33039570E+4,
292.6500,5.19054883E+4,
292.800,5.18453594E+4,
292.9500,5.18378125E+4,
293.100,5.11530430E+4,
293.2500,4.94514336E+4,
293.400,4.94994766E+4,
293.5500,4.97908008E+4,
293.700,4.92035820E+4,
293.8500,4.95980391E+4,
294.00,4.72130898E+4,
294.1500,4.77880547E+4,
294.300,4.83774102E+4,
294.4500,4.76660313E+4,
294.600,4.84669336E+4,
294.7500,4.74587070E+4,
294.900,4.80255117E+4,
295.0500,4.80190000E+4,
295.200,4.62546406E+4,
295.3500,4.59902617E+4,
295.500,4.46039688E+4,
295.6500,4.49851133E+4,
295.800,4.39446797E+4,
295.9500,4.46850586E+4,
296.100,4.37939648E+4,
296.2500,4.28174180E+4,
296.400,4.30660820E+4,
296.5500,4.35938516E+4,
296.700,4.28902227E+4,
296.8500,4.27000898E+4,
297.00,4.40250586E+4,
297.1500,4.25457148E+4,
297.300,4.16782891E+4,
297.4500,4.25244414E+4,
297.600,4.31301563E+4,
297.7500,4.18676836E+4,
297.900,4.15184727E+4,
298.0500,4.27196602E+4,
298.200,4.31997695E+4,
298.3500,4.18261094E+4,
298.500,4.12663047E+4,
298.6500,4.17610664E+4,
298.800,3.96130742E+4,
298.9500,4.33356602E+4,
299.100,4.25656484E+4,
299.2500,4.19432383E+4,
299.400,4.16404492E+4,
299.5500,4.08283633E+4,
299.700,4.14445430E+4,
299.8500,4.21835781E+4,
300.00,4.38649688E+4,
300.1500,4.18270664E+4,
300.300,4.23529102E+4,
300.4500,4.24276016E+4,
300.600,4.15993086E+4,
300.7500,4.20586523E+4,
300.900,4.14293789E+4,
301.0500,4.12251563E+4,
301.200,4.16035820E+4,
301.3500,4.19707305E+4,
301.500,4.14719414E+4,
301.6500,4.22498281E+4,
301.800,4.31122031E+4,
301.9500,4.28755938E+4,
302.100,4.19084102E+4,
302.2500,4.24817227E+4,
302.400,4.18983242E+4,
302.5500,4.26315039E+4,
302.700,4.17070156E+4,
302.8500,4.08325664E+4,
303.00,4.15382227E+4,
303.1500,4.13062344E+4,
303.300,4.18741758E+4,
303.4500,4.23615977E+4,
303.600,4.22680039E+4,
303.7500,4.31601914E+4,
303.900,4.18504414E+4,
304.0500,4.04994180E+4,
304.200,4.20096836E+4,
304.3500,4.09415742E+4,
304.500,4.22642266E+4,
304.6500,4.23081055E+4,
304.800,4.21713164E+4,
304.9500,4.17544375E+4,
305.100,4.27454063E+4,
305.2500,4.25947500E+4,
305.400,4.19799375E+4,
305.5500,4.17086289E+4,
305.700,4.16759375E+4,
305.8500,4.18969805E+4,
306.00,4.16471875E+4,
306.1500,4.18876875E+4,
306.300,4.23385820E+4,
306.4500,4.19958164E+4,
306.600,4.23983359E+4,
306.7500,4.33366445E+4,
306.900,4.37392617E+4,
307.0500,4.21399180E+4,
307.200,4.36777578E+4,
307.3500,4.26931758E+4,
307.500,4.29649023E+4,
307.6500,4.23130234E+4,
307.800,4.28379141E+4,
307.9500,4.29532695E+4,
308.100,4.26246523E+4,
308.2500,4.31835352E+4,
308.400,4.34522617E+4,
308.5500,4.27906289E+4,
308.700,4.32600000E+4,
308.8500,4.19610000E+4,
309.00,4.18272695E+4,
309.1500,4.12157383E+4,
309.300,4.18727344E+4,
309.4500,4.36367461E+4,
309.600,4.16857109E+4,
309.7500,4.18237852E+4,
309.900,4.22465898E+4,
310.0500,4.26281758E+4,
310.200,4.17169102E+4,
310.3500,4.13789023E+4,
310.500,4.20886406E+4,
310.6500,4.17879805E+4,
310.800,4.21306914E+4,
310.9500,4.25898203E+4,
311.100,4.22733320E+4,
311.2500,4.17853711E+4,
311.400,4.21369414E+4,
311.5500,4.26748047E+4,
311.700,4.21184453E+4,
311.8500,4.20602422E+4,
312.00,4.13232891E+4,
312.1500,4.10829219E+4,
312.300,4.11354023E+4,
312.4500,4.11518672E+4,
312.600,4.08591328E+4,
312.7500,4.10194805E+4,
312.900,4.11039219E+4,
313.0500,4.01823047E+4,
313.200,4.08485820E+4,
313.3500,4.15236094E+4,
313.500,4.14791406E+4,
313.6500,4.08303516E+4,
313.800,4.05330117E+4,
313.9500,4.02519570E+4,
314.100,4.00310273E+4,
314.2500,3.99949922E+4,
314.400,4.05131992E+4,
314.5500,4.09278594E+4,
314.700,3.91853555E+4,
314.8500,3.92638477E+4,
315.00,3.96492578E+4,
315.1500,3.96856484E+4,
315.300,3.93601055E+4,
315.4500,3.99040703E+4,
315.600,4.03931563E+4,
315.7500,4.00490742E+4,
315.900,3.99581484E+4,
316.0500,4.02154766E+4,
316.200,3.92378555E+4,
316.3500,3.93507148E+4,
316.500,3.90528164E+4,
316.6500,3.80971992E+4,
316.800,3.89627305E+4,
316.9500,3.88284492E+4,
317.100,3.79099063E+4,
317.2500,3.81326797E+4,
317.400,3.82213438E+4,
317.5500,3.81376133E+4,
317.700,3.79181641E+4,
317.8500,3.73284883E+4,
318.00,3.76959961E+4,
318.1500,3.80947578E+4,
318.300,3.67290352E+4,
318.4500,3.73477656E+4,
318.600,3.72138516E+4,
318.7500,3.62224961E+4,
318.900,3.70373516E+4,
319.0500,3.65907266E+4,
319.200,3.66342461E+4,
319.3500,3.60794766E+4,
319.500,3.58785078E+4,
319.6500,3.57585039E+4,
319.800,3.65215898E+4,
319.9500,3.56202930E+4,
320.100,3.57382031E+4,
320.2500,3.55065625E+4,
320.400,3.57165117E+4,
320.5500,3.60162461E+4,
320.700,3.51690078E+4,
320.8500,3.47466758E+4,
321.00,3.53418125E+4,
321.1500,3.51423008E+4,
321.300,3.50499102E+4,
321.4500,3.39951445E+4,
321.600,3.31247148E+4,
321.7500,3.35325547E+4,
321.900,3.42617266E+4,
322.0500,3.36526836E+4,
322.200,3.29572852E+4,
322.3500,3.30482773E+4,
322.500,3.25456836E+4,
322.6500,3.30364023E+4,
322.800,3.22249375E+4,
322.9500,3.25027910E+4,
323.100,3.26775879E+4,
323.2500,3.19776152E+4,
323.400,3.27295684E+4,
323.5500,3.25285918E+4,
323.700,3.34401289E+4,
323.8500,3.10785313E+4,
324.00,3.11560059E+4,
324.1500,3.14021719E+4,
324.300,3.19777188E+4,
324.4500,3.11527910E+4,
324.600,3.13268809E+4,
324.7500,3.08663164E+4,
324.900,3.06505469E+4,
325.0500,3.04403633E+4,
325.200,3.05243398E+4,
325.3500,3.04967559E+4,
325.500,2.98694961E+4,
325.6500,2.97516875E+4,
325.800,2.92882637E+4,
325.9500,2.93160371E+4,
326.100,2.98114102E+4,
326.2500,2.89348066E+4,
326.400,2.88983652E+4,
326.5500,2.90273438E+4,
326.700,2.85815176E+4,
326.8500,2.82647598E+4,
327.00,2.80687383E+4,
327.1500,2.74854570E+4,
327.300,2.72913008E+4,
327.4500,2.73947637E+4,
327.600,2.70604766E+4,
327.7500,2.68087480E+4,
327.900,2.70596797E+4,
328.0500,2.69754277E+4,
328.200,2.51294922E+4,
328.3500,2.64522715E+4,
328.500,2.56978203E+4,
328.6500,2.58851016E+4,
328.800,2.49302031E+4,
328.9500,2.50851934E+4,
329.100,2.51363984E+4,
329.2500,2.50977617E+4,
329.400,2.44438730E+4,
329.5500,2.48832246E+4,
329.700,2.54434355E+4,
329.8500,2.45581406E+4,
330.00,2.40675547E+4,
330.1500,2.38589883E+4,
330.300,2.37297578E+4,
330.4500,2.35936953E+4,
330.600,2.38612559E+4,
330.7500,2.29199863E+4,
330.900,2.24832773E+4,
331.0500,2.20878789E+4,
331.200,2.21493047E+4,
331.3500,2.18953809E+4,
331.500,2.23808633E+4,
331.6500,2.20001152E+4,
331.800,2.20009863E+4,
331.9500,2.14951563E+4,
332.100,2.15068301E+4,
332.2500,2.11149141E+4,
332.400,2.07661641E+4,
332.5500,2.05722246E+4,
332.700,2.10070293E+4,
332.8500,2.03357559E+4,
333.00,1.95099766E+4,
333.1500,2.03003145E+4,
333.300,2.03285508E+4,
333.4500,1.97473867E+4,
333.600,1.92959434E+4,
333.7500,1.97187070E+4,
333.900,1.89759043E+4,
334.0500,1.91019922E+4,
334.200,1.91899844E+4,
334.3500,1.86471133E+4,
334.500,1.83488457E+4,
334.6500,1.87959512E+4,
334.800,1.87505254E+4,
334.9500,1.85179688E+4,
335.100,1.83450547E+4,
335.2500,1.77355742E+4,
335.400,1.71245801E+4,
335.5500,1.73101152E+4,
335.700,1.77886934E+4,
335.8500,1.70218750E+4,
336.00,1.71458633E+4,
336.1500,1.66820000E+4,
336.300,1.59679258E+4,
336.4500,1.66359395E+4,
336.600,1.64557383E+4,
336.7500,1.61758682E+4,
336.900,1.60468125E+4,
337.0500,1.61502725E+4,
337.200,1.55806885E+4,
337.3500,1.59017871E+4,
337.500,1.56986182E+4,
337.6500,1.49904453E+4,
337.800,1.53106484E+4,
337.9500,1.52410527E+4,
338.100,1.48630713E+4,
338.2500,1.47245498E+4,
338.400,1.48058281E+4,
338.5500,1.39523818E+4,
338.700,1.45758965E+4,
338.8500,1.43606494E+4,
339.00,1.42663281E+4,
339.1500,1.38157012E+4,
339.300,1.36029727E+4,
339.4500,1.37554902E+4,
339.600,1.34214482E+4,
339.7500,1.37018926E+4,
339.900,1.34237598E+4,
340.0500,1.32646494E+4,
340.200,1.23851641E+4,
340.3500,1.30327813E+4,
340.500,1.23481865E+4,
340.6500,1.27742861E+4,
340.800,1.26395107E+4,
340.9500,1.28296563E+4,
341.100,1.25542666E+4,
341.2500,1.19699961E+4,
341.400,1.22889531E+4,
341.5500,1.20167168E+4,
341.700,1.18888418E+4,
341.8500,1.22707031E+4,
342.00,1.15479307E+4,
342.1500,1.15062012E+4,
342.300,1.16002549E+4,
342.4500,1.14292266E+4,
342.600,1.11146426E+4,
342.7500,1.12730410E+4,
342.900,1.16781396E+4,
343.0500,1.09289570E+4,
343.200,1.07427500E+4,
343.3500,1.09214805E+4,
343.500,1.10266582E+4,
343.6500,1.06117217E+4,
343.800,1.01895713E+4,
343.9500,9.98878809E+3,
344.100,1.03547666E+4,
344.2500,1.05298408E+4,
344.400,1.02890791E+4,
344.5500,1.01655469E+4,
344.700,1.00158193E+4,
344.8500,1.00149102E+4,
345.00,9.76270117E+3,
345.1500,9.53607031E+3,
345.300,9.62808203E+3,
345.4500,9.48790039E+3,
345.600,9.64666406E+3,
345.7500,9.25624707E+3,
345.900,9.22850000E+3,
346.0500,9.39185059E+3,
346.200,9.36538867E+3,
346.3500,9.20056641E+3,
346.500,9.26093359E+3,
346.6500,9.07424316E+3,
346.800,8.87136719E+3,
346.9500,8.36156738E+3,
347.100,8.88686328E+3,
347.2500,8.60376855E+3,
347.400,8.75485449E+3,
347.5500,8.26209473E+3,
347.700,8.10103516E+3,
347.8500,8.74836523E+3,
348.00,8.36303320E+3,
348.1500,8.37605957E+3,
348.300,8.22211230E+3,
348.4500,8.30464844E+3,
348.600,8.43367676E+3,
348.7500,8.01870459E+3,
348.900,7.99919580E+3,
349.0500,7.83686279E+3,
349.200,7.93185938E+3,
349.3500,8.03988525E+3,
349.500,7.63343799E+3,
349.6500,7.64399561E+3,
349.800,7.57064111E+3,
349.9500,7.12842773E+3,
350.100,7.49360400E+3,
350.2500,7.18353857E+3,
350.400,7.26517773E+3,
350.5500,7.61773438E+3,
350.700,7.46123291E+3,
350.8500,7.20513867E+3,
351.00,7.05869238E+3,
351.1500,7.10922021E+3,
351.300,6.93930664E+3,
351.4500,6.72866406E+3,
351.600,6.83685010E+3,
351.7500,6.87164014E+3,
351.900,7.09489111E+3,
352.0500,6.56671680E+3,
352.200,6.73302930E+3,
352.3500,6.43219141E+3,
352.500,6.78663232E+3,
352.6500,6.72913574E+3,
352.800,6.76323828E+3,
352.9500,6.66815283E+3,
353.100,6.45505127E+3,
353.2500,6.37379150E+3,
353.400,6.49325977E+3,
353.5500,6.33743896E+3,
353.700,6.16019385E+3,
353.8500,6.25672656E+3,
354.00,6.35258252E+3,
354.1500,6.33884326E+3,
354.300,6.08705371E+3,
354.4500,5.97876953E+3,
354.600,6.02232520E+3,
354.7500,5.97805762E+3,
354.900,5.95340820E+3,
355.0500,5.96752588E+3,
355.200,5.58215723E+3,
355.3500,5.71009082E+3,
355.500,5.97338623E+3,
355.6500,5.98712939E+3,
355.800,5.71577148E+3,
355.9500,5.63312500E+3,
356.100,5.30344287E+3,
356.2500,5.60380420E+3,
356.400,5.58105908E+3,
356.5500,5.48364697E+3,
356.700,5.51956445E+3,
356.8500,5.60164063E+3,
357.00,5.35455957E+3,
357.1500,5.32106885E+3,
357.300,5.29004883E+3,
357.4500,5.34855908E+3,
357.600,5.29701172E+3,
357.7500,5.13646875E+3,
357.900,5.07223730E+3,
358.0500,4.94723730E+3,
358.200,5.22874365E+3,
358.3500,4.96001660E+3,
358.500,4.81396045E+3,
358.6500,5.21585303E+3,
358.800,4.87398438E+3,
358.9500,5.08443994E+3,
359.100,4.63007031E+3,
359.2500,4.77804199E+3,
359.400,4.70973535E+3,
359.5500,4.85641016E+3,
359.700,4.68127783E+3,
359.8500,4.75523633E+3,
360.00,4.83951953E+3,
360.1500,4.57487598E+3,
360.300,4.70825732E+3,
360.4500,4.87506250E+3,
360.600,4.55291455E+3,
360.7500,4.56978955E+3,
360.900,4.56738965E+3,
361.0500,4.63264844E+3,
361.200,4.37633691E+3,
361.3500,4.38261719E+3,
361.500,4.31543018E+3,
361.6500,4.52034131E+3,
361.800,4.40308301E+3,
361.9500,4.46925049E+3,
362.100,4.36551709E+3,
362.2500,4.25618945E+3,
362.400,4.36812012E+3,
362.5500,4.49826025E+3,
362.700,4.17364502E+3,
362.8500,4.16426465E+3,
363.00,4.26152686E+3,
363.1500,4.16855420E+3,
363.300,4.35776074E+3,
363.4500,4.26915283E+3,
363.600,4.30913672E+3,
363.7500,4.21493213E+3,
363.900,4.28544629E+3,
364.0500,4.16084961E+3,
364.200,4.20163623E+3,
364.3500,4.20400586E+3,
364.500,4.19637109E+3,
364.6500,4.11242383E+3,
364.800,4.36608984E+3,
364.9500,4.27226807E+3,
365.100,4.11188965E+3,
365.2500,4.22918896E+3,
365.400,4.13895020E+3,
365.5500,4.30160742E+3,
365.700,4.10660693E+3,
365.8500,4.20153369E+3,
366.00,4.12622217E+3,
366.1500,4.16579053E+3,
366.300,4.11078662E+3,
366.4500,4.15431885E+3,
366.600,4.02711206E+3,
366.7500,4.11190674E+3,
366.900,4.13001563E+3,
367.0500,4.08575293E+3,
367.200,4.02235229E+3,
367.3500,4.02729468E+3,
367.500,4.13518066E+3,
367.6500,4.07609302E+3,
367.800,3.91857007E+3,
367.9500,4.05914380E+3,
368.100,4.06908228E+3,
368.2500,3.90917529E+3,
368.400,4.10727734E+3,
368.5500,3.93079810E+3,
368.700,4.12443359E+3,
368.8500,4.04806689E+3,
369.00,3.90912305E+3,
369.1500,3.92883521E+3,
369.300,4.14407275E+3,
369.4500,3.93036792E+3,
369.600,3.98228833E+3,
369.7500,4.03029541E+3,
369.900,3.88057617E+3,
370.0500,4.01117188E+3,
370.200,3.88415210E+3,
370.3500,4.03634521E+3,
370.500,4.06483545E+3,
370.6500,4.17891309E+3,
370.800,3.72420410E+3,
370.9500,3.96286865E+3,
371.100,3.78788208E+3,
371.2500,3.90704492E+3,
371.400,3.99078711E+3,
371.5500,3.86291406E+3,
371.700,3.77049878E+3,
371.8500,4.04639600E+3,
372.00,3.91395703E+3,
372.1500,3.94205566E+3,
372.300,3.90464209E+3,
372.4500,4.07435718E+3,
372.600,3.88303931E+3,
372.7500,3.79740918E+3,
372.900,3.71400220E+3,
373.0500,3.72817505E+3,
373.200,3.86446289E+3,
373.3500,3.85684106E+3,
373.500,3.74731616E+3,
373.6500,3.80617627E+3,
373.800,3.76504761E+3,
373.9500,3.71346460E+3,
374.100,3.80724609E+3,
374.2500,3.78704028E+3,
374.400,3.86072241E+3,
374.5500,3.87240308E+3,
374.700,3.74495093E+3,
374.8500,3.86595410E+3,
375.00,3.80933594E+3,
375.1500,3.73265601E+3,
375.300,3.85379272E+3,
375.4500,3.78970386E+3,
375.600,3.74683813E+3,
375.7500,3.72158472E+3,
375.900,3.72422314E+3,
376.0500,3.57133569E+3,
376.200,3.79864941E+3,
376.3500,3.81163257E+3,
376.500,3.73528833E+3,
376.6500,3.66960278E+3,
376.800,3.74286401E+3,
376.9500,3.65192773E+3,
377.100,3.77143188E+3,
377.2500,3.67628418E+3,
377.400,3.70555737E+3,
377.5500,3.77379395E+3,
377.700,3.82830884E+3,
377.8500,3.60548438E+3,
378.00,3.63658594E+3,
378.1500,3.61225928E+3,
378.300,3.59310645E+3,
378.4500,3.56230615E+3,
378.600,3.75133203E+3,
378.7500,3.57816040E+3,
378.900,3.63460718E+3,
379.0500,3.61068799E+3,
379.200,3.67999878E+3,
379.3500,3.59105786E+3,
379.500,3.78821851E+3,
379.6500,3.55681421E+3,
379.800,3.60609790E+3,
379.9500,3.73467065E+3,
380.100,3.63599390E+3,
380.2500,3.60990527E+3,
380.400,3.63332617E+3,
380.5500,3.71092920E+3,
380.700,3.53248950E+3,
380.8500,3.43328564E+3,
381.00,3.60088745E+3,
381.1500,3.51543506E+3,
381.300,3.45642749E+3,
381.4500,3.50982739E+3,
381.600,3.29061890E+3,
381.7500,3.46888452E+3,
381.900,3.37994775E+3,
382.0500,3.42661230E+3,
382.200,3.44369019E+3,
382.3500,3.22308350E+3,
382.500,3.45377856E+3,
382.6500,3.36371069E+3,
382.800,3.36504468E+3,
382.9500,3.26924341E+3,
383.100,3.37581030E+3,
383.2500,3.32013892E+3,
383.400,3.28374146E+3,
383.5500,3.42303076E+3,
383.700,3.38036670E+3,
383.8500,3.21031982E+3,
384.00,3.18088306E+3,
384.1500,3.20933325E+3,
384.300,3.19856592E+3,
384.4500,3.38331860E+3,
384.600,3.28809766E+3,
384.7500,3.10293018E+3,
384.900,3.12217188E+3,
385.0500,3.04339087E+3,
385.200,3.02803198E+3,
385.3500,3.14263159E+3,
385.500,3.10563770E+3,
385.6500,3.14582739E+3,
385.800,3.13211963E+3,
385.9500,3.14765698E+3,
386.100,3.08351099E+3,
386.2500,3.13576465E+3,
386.400,3.15126221E+3,
386.5500,3.06778735E+3,
386.700,2.99226367E+3,
386.8500,3.02172681E+3,
387.00,3.10412427E+3,
387.1500,2.91428833E+3,
387.300,3.00128809E+3,
387.4500,3.10610547E+3,
387.600,3.03917578E+3,
387.7500,3.08360693E+3,
387.900,3.07547241E+3,
388.0500,3.10762256E+3,
388.200,3.00343164E+3,
388.3500,3.05768701E+3,
388.500,3.01952393E+3,
388.6500,3.18208984E+3,
388.800,3.03270361E+3,
388.9500,3.07188965E+3,
389.100,3.07056274E+3,
389.2500,2.99676514E+3,
389.400,3.02633472E+3,
389.5500,3.06024219E+3,
389.700,3.04714258E+3,
389.8500,3.06926416E+3,
390.00,3.07673877E+3,
390.1500,2.94570752E+3,
390.300,2.89379639E+3,
390.4500,2.92202954E+3,
390.600,3.07349097E+3,
390.7500,3.02464966E+3,
390.900,3.07141431E+3,
391.0500,2.95956299E+3,
391.200,2.80675684E+3,
391.3500,2.93354688E+3,
391.500,3.00396997E+3,
391.6500,2.90351245E+3,
391.800,2.95951514E+3,
391.9500,2.94959033E+3,
392.100,2.95147803E+3,
392.2500,2.94499194E+3,
392.400,3.01835645E+3,
392.5500,2.92503613E+3,
392.700,2.90162988E+3,
392.8500,2.80730859E+3,
393.00,3.03093799E+3,
393.1500,2.85637109E+3,
393.300,2.92416309E+3,
393.4500,3.02567188E+3,
393.600,3.00708130E+3,
393.7500,2.92101050E+3,
393.900,3.04748071E+3,
394.0500,2.89401709E+3,
394.200,2.96190869E+3,
394.3500,2.98205322E+3,
394.500,2.93793652E+3,
394.6500,2.86473218E+3,
394.800,3.06736841E+3,
394.9500,2.96925635E+3,
395.100,3.00882935E+3,
395.2500,3.04415356E+3,
395.400,2.88996509E+3,
395.5500,3.04831079E+3,
395.700,2.99254175E+3,
395.8500,3.19572388E+3,
396.00,3.11523926E+3,
396.1500,3.05440698E+3,
396.300,3.06229492E+3,
396.4500,3.10850269E+3,
396.600,3.03028735E+3,
396.7500,3.10103491E+3,
396.900,3.05581519E+3,
397.0500,3.04486426E+3,
397.200,3.11977563E+3,
397.3500,3.08867676E+3,
397.500,3.02109131E+3,
397.6500,2.92527734E+3,
397.800,2.82837598E+3,
397.9500,2.86002124E+3,
398.100,2.87846973E+3,
398.2500,2.92671484E+3,
398.400,2.86315894E+3,
398.5500,3.01625659E+3,
398.700,2.85740210E+3,
398.8500,2.79819922E+3,
399.00,2.85845947E+3,
399.1500,2.93238794E+3,
399.300,2.78803882E+3,
399.4500,2.81111890E+3,
399.600,2.78874609E+3,
399.7500,2.77977954E+3,
399.900,2.73615967E+3,
400.0500,2.56174341E+3,
400.200,2.65519507E+3,
400.3500,2.49422827E+3,
400.500,2.61086694E+3,
400.6500,2.52831641E+3,
400.800,2.51431445E+3,
400.9500,2.48647339E+3,
401.100,2.57186597E+3,
401.2500,2.49679761E+3,
401.400,2.48358813E+3,
401.5500,2.53809058E+3,
401.700,2.52491650E+3,
401.8500,2.57158154E+3,
402.00,2.59211938E+3,
402.1500,2.51049097E+3,
402.300,2.63510742E+3,
402.4500,2.64817114E+3,
402.600,2.54254468E+3,
402.7500,2.52384619E+3,
402.900,2.56288599E+3,
403.0500,2.63212476E+3,
403.200,2.67693628E+3,
403.3500,2.45719482E+3,
403.500,2.60630640E+3,
403.6500,2.58925928E+3,
403.800,2.48498364E+3,
403.9500,2.55687695E+3,
404.100,2.56410864E+3,
404.2500,2.55787842E+3,
404.400,2.44836255E+3,
404.5500,2.36307007E+3,
404.700,2.40348682E+3,
404.8500,2.53632813E+3,
405.00,2.40660254E+3,
405.1500,2.29522729E+3,
405.300,2.39970850E+3,
405.4500,2.44902515E+3,
405.600,2.33358252E+3,
405.7500,2.31177075E+3,
405.900,2.21453003E+3,
406.0500,2.29789111E+3,
406.200,2.39432764E+3,
406.3500,2.26630298E+3,
406.500,2.16952539E+3,
406.6500,2.17750537E+3,
406.800,2.13253857E+3,
406.9500,2.25957544E+3,
407.100,2.13085449E+3,
407.2500,2.09032153E+3,
407.400,2.05868286E+3,
407.5500,2.05345728E+3,
407.700,2.17098022E+3,
407.8500,2.12627368E+3,
408.00,2.05835742E+3,
408.1500,2.05326953E+3,
408.300,2.12530664E+3,
408.4500,2.07950146E+3,
408.600,2.13542480E+3,
408.7500,2.02157544E+3,
408.900,2.18033398E+3,
409.0500,2.06823145E+3,
409.200,1.98977747E+3,
409.3500,1.97215442E+3,
409.500,1.99499414E+3,
409.6500,1.99617188E+3,
409.800,2.05788525E+3,
409.9500,1.88768567E+3,
410.100,1.94078699E+3,
410.2500,1.90037805E+3,
410.400,1.77386707E+3,
410.5500,1.95469702E+3,
410.700,1.86565210E+3,
410.8500,1.90571912E+3,
411.00,1.84980640E+3,
411.1500,1.80534827E+3,
411.300,1.88532837E+3,
411.4500,1.93376794E+3,
411.600,1.90793433E+3,
411.7500,1.93348499E+3,
411.900,1.86069885E+3,
412.0500,1.96171167E+3,
412.200,1.88048706E+3,
412.3500,1.86762659E+3,
412.500,1.76958386E+3,
412.6500,1.83206299E+3,
412.800,1.90863477E+3,
412.9500,1.91283594E+3,
413.100,1.95378979E+3,
413.2500,1.82772815E+3,
413.400,1.86443420E+3,
413.5500,1.93781372E+3,
413.700,1.86572559E+3,
413.8500,1.64992151E+3,
414.00,1.92059985E+3,
414.1500,1.82054944E+3,
414.300,1.66438599E+3,
414.4500,1.74324719E+3,
414.600,1.66466260E+3,
414.7500,1.76307458E+3,
414.900,1.71827527E+3,
415.0500,1.78571851E+3,
415.200,1.86715735E+3,
415.3500,1.91210193E+3,
415.500,1.69261194E+3,
415.6500,1.72924121E+3,
415.800,1.77421240E+3,
415.9500,1.82471729E+3,
416.100,1.77331494E+3,
416.2500,1.74569092E+3,
416.400,1.80728943E+3,
416.5500,1.82147046E+3,
416.700,1.73683191E+3,
416.8500,1.69959375E+3,
417.00,1.87229529E+3,
417.1500,1.67386218E+3,
417.300,1.79220154E+3,
417.4500,1.67593628E+3,
417.600,1.67767554E+3,
417.7500,1.80412891E+3,
417.900,1.78226013E+3,
418.0500,1.84209399E+3,
418.200,1.76357385E+3,
418.3500,1.82892065E+3,
418.500,1.85689685E+3,
418.6500,1.74676404E+3,
418.800,1.89621460E+3,
418.9500,1.89516162E+3,
419.100,2.03195605E+3,
419.2500,2.06939868E+3,
419.400,2.11231592E+3,
419.5500,2.15106445E+3,
419.700,2.10862451E+3,
419.8500,2.14322461E+3,
420.00,2.09810254E+3,
420.1500,2.08726196E+3,
420.300,2.15604102E+3,
420.4500,2.15616895E+3,
420.600,2.17412549E+3,
420.7500,2.09342676E+3,
420.900,2.08950684E+3,
421.0500,2.14992236E+3,
421.200,2.16651855E+3,
421.3500,1.99992664E+3,
421.500,2.10131030E+3,
421.6500,2.06467407E+3,
421.800,2.07175806E+3,
421.9500,1.95880359E+3,
422.100,2.11605347E+3,
422.2500,2.15194263E+3,
422.400,2.10062207E+3,
422.5500,2.19505200E+3,
422.700,2.11926807E+3,
422.8500,2.29253540E+3,
423.00,2.04270728E+3,
423.1500,2.06787720E+3,
423.300,2.06992969E+3,
423.4500,2.13312573E+3,
423.600,2.02514734E+3,
423.7500,2.11819873E+3,
423.900,2.23834375E+3,
424.0500,2.17794238E+3,
424.200,2.19491016E+3,
424.3500,2.22000928E+3,
424.500,2.10952319E+3,
424.6500,2.14412866E+3,
424.800,2.14755396E+3,
424.9500,2.24444360E+3,
425.100,2.21256396E+3,
425.2500,2.18473462E+3,
425.400,2.04191101E+3,
425.5500,2.19137109E+3,
425.700,2.09733130E+3,
425.8500,2.12231738E+3,
426.00,2.21080420E+3,
426.1500,2.20862280E+3,
426.300,2.20644849E+3,
426.4500,2.16783521E+3,
426.600,2.14005054E+3,
426.7500,2.03540698E+3,
426.900,2.11017603E+3,
427.0500,2.11216992E+3,
427.200,2.06846826E+3,
427.3500,2.05308472E+3,
427.500,1.97172021E+3,
427.6500,2.09910107E+3,
427.800,1.99623718E+3,
427.9500,2.11682178E+3,
428.100,2.09905737E+3,
428.2500,1.95765686E+3,
428.400,2.09880566E+3,
428.5500,2.09329980E+3,
428.700,1.96941492E+3,
428.8500,1.97468018E+3,
429.00,2.04719861E+3,
429.1500,2.05793066E+3,
429.300,2.08345776E+3,
429.4500,1.98658862E+3,
429.600,2.00270142E+3,
429.7500,2.10354834E+3,
429.900,2.07662085E+3,
430.0500,2.02134583E+3,
430.200,2.03983154E+3,
430.3500,2.12015723E+3,
430.500,2.01899036E+3,
430.6500,1.99581067E+3,
430.800,2.02504688E+3,
430.9500,1.85274451E+3,
431.100,1.97055347E+3,
431.2500,2.02514233E+3,
431.400,1.99512292E+3,
431.5500,2.04297461E+3,
431.700,2.02236475E+3,
431.8500,1.97896008E+3,
432.00,1.97716003E+3,
432.1500,1.95950391E+3,
432.300,2.02231641E+3,
432.4500,1.98723010E+3,
432.600,1.89450012E+3,
432.7500,2.02567419E+3,
432.900,1.91687720E+3,
433.0500,1.97308716E+3,
433.200,1.91023608E+3,
433.3500,1.92781226E+3,
433.500,1.90114575E+3,
433.6500,1.90799536E+3,
433.800,1.92020886E+3,
433.9500,1.93510474E+3,
434.100,1.88977209E+3,
434.2500,1.83643518E+3,
434.400,1.93737061E+3,
434.5500,1.89072937E+3,
434.700,1.87628125E+3,
434.8500,1.88867383E+3,
435.00,1.98833459E+3,
435.1500,1.92156055E+3,
435.300,1.81581128E+3,
435.4500,1.89136646E+3,
435.600,1.88364783E+3,
435.7500,1.86517358E+3,
435.900,1.80771411E+3,
436.0500,1.74757312E+3,
436.200,1.89856458E+3,
436.3500,1.83712781E+3,
436.500,1.79852954E+3,
436.6500,1.85140503E+3,
436.800,1.79663794E+3,
436.9500,1.95721960E+3,
437.100,1.84602234E+3,
437.2500,1.76714209E+3,
437.400,1.78521680E+3,
437.5500,1.86394849E+3,
437.700,1.85509436E+3,
437.8500,1.81791089E+3,
438.00,1.88052771E+3,
438.1500,1.95021729E+3,
438.300,1.84713354E+3,
438.4500,1.92226416E+3,
438.600,1.97988843E+3,
438.7500,1.82663660E+3,
438.900,1.83691614E+3,
439.0500,1.87705408E+3,
439.200,1.85781421E+3,
439.3500,1.74099609E+3,
439.500,1.70131042E+3,
439.6500,1.82027124E+3,
439.800,1.81178809E+3,
439.9500,1.77069983E+3,
440.100,1.74314465E+3,
440.2500,1.80119421E+3,
440.400,1.81849719E+3,
440.5500,1.74327441E+3,
440.700,1.73740625E+3,
440.8500,1.81190381E+3,
441.00,1.70655139E+3,
441.1500,1.73333130E+3,
441.300,1.77650635E+3,
441.4500,1.72006506E+3,
441.600,1.71136548E+3,
441.7500,1.72861572E+3,
441.900,1.81286938E+3,
442.0500,1.75365576E+3,
442.200,1.76706909E+3,
442.3500,1.76953589E+3,
442.500,1.77885120E+3,
442.6500,1.71823535E+3,
442.800,1.66851636E+3,
442.9500,1.66541199E+3,
443.100,1.64881738E+3,
443.2500,1.66119604E+3,
443.400,1.58963208E+3,
443.5500,1.67497095E+3,
443.700,1.58122766E+3,
443.8500,1.63495056E+3,
444.00,1.69427722E+3,
444.1500,1.65872388E+3,
444.300,1.64107471E+3,
444.4500,1.62337915E+3,
444.600,1.59177136E+3,
444.7500,1.73913831E+3,
444.900,1.67282959E+3,
445.0500,1.64130115E+3,
445.200,1.50275439E+3,
445.3500,1.61903528E+3,
445.500,1.49264636E+3,
445.6500,1.60639319E+3,
445.800,1.65602441E+3,
445.9500,1.67773730E+3,
446.100,1.62280945E+3,
446.2500,1.57215662E+3,
446.400,1.56075586E+3,
446.5500,1.51402588E+3,
446.700,1.67206714E+3,
446.8500,1.53897229E+3,
447.00,1.56992249E+3,
447.1500,1.56540271E+3,
447.300,1.53803101E+3,
447.4500,1.67483740E+3,
447.600,1.55443408E+3,
447.7500,1.66176648E+3,
447.900,1.54787451E+3,
448.0500,1.56995044E+3,
448.200,1.72733960E+3,
448.3500,1.60637854E+3,
448.500,1.67156091E+3,
448.6500,1.60214392E+3,
448.800,1.63975916E+3,
448.9500,1.65987915E+3,
449.100,1.71765039E+3,
449.2500,1.64219995E+3,
449.400,1.67121716E+3,
449.5500,1.80500037E+3,
449.700,1.86868909E+3,
449.8500,2.07856372E+3,
450.00,2.33546875E+3,
450.1500,1.09881332E+2,
450.300,1.08830971E+2,
450.4500,1.35881516E+2,
450.600,1.14537636E+2,
450.7500,1.08756828E+2,
450.900,1.28254471E+2,
451.0500,1.69942642E+2,
451.200,1.39777313E+2,
451.3500,1.60439270E+2,
451.500,1.55686310E+2,
451.6500,1.98595428E+2,
451.800,2.46277985E+2,
451.9500,2.47886551E+2,
452.100,2.70938446E+2,
452.2500,2.96585815E+2,
452.400,3.51865845E+2,
452.5500,3.22218719E+2,
452.700,3.09962463E+2,
452.8500,3.50554047E+2,
453.00,3.21305237E+2,
453.1500,3.22309631E+2,
453.300,3.61438568E+2,
453.4500,4.00087555E+2,
453.600,3.81038879E+2,
453.7500,4.34086090E+2,
453.900,3.73431976E+2,
454.0500,4.34623230E+2,
454.200,4.33039246E+2,
454.3500,4.32952362E+2,
454.500,4.95137115E+2,
454.6500,5.20547363E+2,
454.800,5.49920654E+2,
454.9500,5.49127319E+2,
455.100,5.32622009E+2,
455.2500,5.42833374E+2,
455.400,5.83486023E+2,
455.5500,6.44289978E+2,
455.700,7.09765320E+2,
455.8500,6.91363281E+2,
456.00,7.19196167E+2,
456.1500,7.39785217E+2,
456.300,7.34784119E+2,
456.4500,7.74914856E+2,
456.600,8.05332275E+2,
456.7500,9.02054260E+2,
456.900,8.26103027E+2,
457.0500,9.00908569E+2,
457.200,8.83829895E+2,
457.3500,1.01361279E+3,
457.500,8.98539063E+2,
457.6500,9.78874817E+2,
457.800,9.94421570E+2,
457.9500,9.56277283E+2,
458.100,1.05869458E+3,
458.2500,1.00864148E+3,
458.400,1.03632727E+3,
458.5500,1.02597473E+3,
458.700,1.04727515E+3,
458.8500,1.04306152E+3,
459.00,1.01252716E+3,
459.1500,1.05054797E+3,
459.300,1.05614905E+3,
459.4500,1.12438684E+3,
459.600,1.00961487E+3,
459.7500,9.80274963E+2,
459.900,1.05731433E+3,
460.0500,1.08385596E+3,
460.200,1.12191125E+3,
460.3500,1.18152466E+3,
460.500,1.10547937E+3,
460.6500,1.12478308E+3,
460.800,1.16666931E+3,
460.9500,1.18787097E+3,
461.100,1.27354089E+3,
461.2500,1.22629065E+3,
461.400,1.26556213E+3,
461.5500,1.30569373E+3,
461.700,1.33112329E+3,
461.8500,1.49259521E+3,
462.00,1.57022070E+3,
462.1500,1.45451880E+3,
462.300,1.64120068E+3,
462.4500,1.70978503E+3,
462.600,1.67001550E+3,
462.7500,1.61635559E+3,
462.900,1.55542798E+3,
463.0500,1.55018164E+3,
463.200,1.52263171E+3,
463.3500,1.38866467E+3,
463.500,1.39496985E+3,
463.6500,1.41947437E+3,
463.800,1.46311633E+3,
463.9500,1.37755664E+3,
464.100,1.40322803E+3,
464.2500,1.34715308E+3,
464.400,1.32734900E+3,
464.5500,1.40066809E+3,
464.700,1.29119751E+3,
464.8500,1.36326331E+3,
465.00,1.37936707E+3,
465.1500,1.38531372E+3,
465.300,1.35461218E+3,
465.4500,1.35433594E+3,
465.600,1.33842554E+3,
465.7500,1.46004675E+3,
465.900,1.38061719E+3,
466.0500,1.48218579E+3,
466.200,1.37435034E+3,
466.3500,1.49453052E+3,
466.500,1.58957703E+3,
466.6500,1.77416064E+3,
466.800,2.00977368E+3,
466.9500,2.19328735E+3,
467.100,2.37552710E+3,
467.2500,2.54615820E+3,
467.400,2.58308594E+3,
467.5500,2.31677295E+3,
467.700,2.43473291E+3,
467.8500,2.18662817E+3,
468.00,1.99219104E+3,
468.1500,1.90149353E+3,
468.300,1.83339429E+3,
468.4500,1.75322961E+3,
468.600,1.70576123E+3,
468.7500,1.65940955E+3,
468.900,1.65069592E+3,
469.0500,1.62487524E+3,
469.200,1.68944873E+3,
469.3500,1.62539551E+3,
469.500,1.58369556E+3,
469.6500,1.59663428E+3,
469.800,1.70245740E+3,
469.9500,1.58211084E+3,
470.100,1.54478894E+3,
470.2500,1.64767578E+3,
470.400,1.58930103E+3,
470.5500,1.47161108E+3,
470.700,1.46572729E+3,
470.8500,1.44477332E+3,
471.00,1.45298816E+3,
471.1500,1.44639697E+3,
471.300,1.38961108E+3,
471.4500,1.37301843E+3,
471.600,1.41061853E+3,
471.7500,1.37498059E+3,
471.900,1.39952393E+3,
472.0500,1.36800305E+3,
472.200,1.38473987E+3,
472.3500,1.49363354E+3,
472.500,1.40117004E+3,
472.6500,1.44693225E+3,
472.800,1.44061804E+3,
472.9500,1.74759351E+3,
473.100,1.71831494E+3,
473.2500,1.93425891E+3,
473.400,2.16216113E+3,
473.5500,2.08988574E+3,
473.700,1.81056311E+3,
473.8500,1.65232898E+3,
474.00,1.47512891E+3,
474.1500,1.52311279E+3,
474.300,1.45808887E+3,
474.4500,1.43806860E+3,
474.600,1.45505042E+3,
474.7500,1.39603015E+3,
474.900,1.37801196E+3,
475.0500,1.41203650E+3,
475.200,1.44114856E+3,
475.3500,1.51427234E+3,
475.500,1.38735571E+3,
475.6500,1.42447375E+3,
475.800,1.42458179E+3,
475.9500,1.30963342E+3,
476.100,1.51090845E+3,
476.2500,1.41504590E+3,
476.400,1.39522327E+3,
476.5500,1.40342236E+3,
476.700,1.37958594E+3,
476.8500,1.42883630E+3,
477.00,1.44705457E+3,
477.1500,1.49945972E+3,
477.300,1.49177454E+3,
477.4500,1.44600525E+3,
477.600,1.59065137E+3,
477.7500,1.54989294E+3,
477.900,1.66253381E+3,
478.0500,1.68702820E+3,
478.200,1.67053113E+3,
478.3500,1.63294360E+3,
478.500,1.71781482E+3,
478.6500,1.77461816E+3,
478.800,1.66368140E+3,
478.9500,1.77979138E+3,
479.100,1.73826599E+3,
479.2500,1.71788550E+3,
479.400,1.69748425E+3,
479.5500,1.68712878E+3,
479.700,1.72510010E+3,
479.8500,1.60794702E+3,
480.00,1.64893384E+3,
480.1500,1.81605518E+3,
480.300,1.87739844E+3,
480.4500,1.90346765E+3,
480.600,2.10827490E+3,
480.7500,2.16577637E+3,
480.900,2.25768408E+3,
481.0500,2.23439648E+3,
481.200,2.09271606E+3,
481.3500,2.10775513E+3,
481.500,2.13899951E+3,
481.6500,2.13988354E+3,
481.800,2.11746216E+3,
481.9500,2.08893677E+3,
482.100,2.15576440E+3,
482.2500,2.24398413E+3,
482.400,2.13335498E+3,
482.5500,2.18508154E+3,
482.700,2.16980493E+3,
482.8500,2.24902441E+3,
483.00,2.28052319E+3,
483.1500,2.19835425E+3,
483.300,2.24128418E+3,
483.4500,2.25777686E+3,
483.600,2.17442505E+3,
483.7500,2.18782959E+3,
483.900,2.10841968E+3,
484.0500,2.10245947E+3,
484.200,2.03328564E+3,
484.3500,2.07744775E+3,
484.500,2.08382593E+3,
484.6500,2.09736792E+3,
484.800,2.02799841E+3,
484.9500,2.02512170E+3,
485.100,2.03156384E+3,
485.2500,1.97856970E+3,
485.400,1.91523413E+3,
485.5500,1.95656921E+3,
485.700,1.84070679E+3,
485.8500,1.95608252E+3,
486.00,2.08909961E+3,
486.1500,1.95356848E+3,
486.300,2.10948315E+3,
486.4500,2.06348413E+3,
486.600,2.12060815E+3,
486.7500,2.16850977E+3,
486.900,2.20716895E+3,
487.0500,2.26857007E+3,
487.200,2.30096851E+3,
487.3500,2.57978247E+3,
487.500,2.77916235E+3,
487.6500,3.13631250E+3,
487.800,3.57165576E+3,
487.9500,4.05938672E+3,
488.100,4.78117041E+3,
488.2500,5.42680713E+3,
488.400,6.11782568E+3,
488.5500,6.59430762E+3,
488.700,6.66861230E+3,
488.8500,6.38277100E+3,
489.00,5.82474512E+3,
489.1500,5.15928418E+3,
489.300,4.55241602E+3,
489.4500,4.40290771E+3,
489.600,4.34613623E+3,
489.7500,4.35302002E+3,
489.900,4.59410205E+3,
490.0500,5.18307373E+3,
490.200,5.58076465E+3,
490.3500,6.23472363E+3,
490.500,6.59813818E+3,
490.6500,7.58231641E+3,
490.800,7.75402100E+3,
490.9500,8.46409668E+3,
491.100,8.59301465E+3,
491.2500,8.90450195E+3,
491.400,9.24914648E+3,
491.5500,1.01775000E+4,
491.700,1.04424434E+4,
491.8500,1.08303174E+4,
492.00,1.11902510E+4,
492.1500,1.05932461E+4,
492.300,1.04526689E+4,
492.4500,9.71409766E+3,
492.600,9.44415234E+3,
492.7500,8.57821289E+3,
492.900,8.27283887E+3,
493.0500,7.54902295E+3,
493.200,7.46448975E+3,
493.3500,7.22432080E+3,
493.500,7.05941943E+3,
493.6500,6.77585107E+3,
493.800,6.54625488E+3,
493.9500,6.39533105E+3,
494.100,6.14898145E+3,
494.2500,6.12795508E+3,
494.400,6.18717480E+3,
494.5500,5.92610254E+3,
494.700,6.06241943E+3,
494.8500,6.09376172E+3,
495.00,6.28298438E+3,
495.1500,6.14496094E+3,
495.300,6.03681494E+3,
495.4500,6.37731445E+3,
495.600,6.22174219E+3,
495.7500,6.22653076E+3,
495.900,6.19570508E+3,
496.0500,5.96310254E+3,
496.200,5.97036475E+3,
496.3500,5.60448779E+3,
496.500,5.48260010E+3,
496.6500,5.37565381E+3,
496.800,5.51029883E+3,
496.9500,5.36191797E+3,
497.100,5.27217676E+3,
497.2500,5.08997656E+3,
497.400,5.00426953E+3,
497.5500,5.08066309E+3,
497.700,4.89555615E+3,
497.8500,4.92830762E+3,
498.00,5.03644971E+3,
498.1500,4.97436230E+3,
498.300,4.92308057E+3,
498.4500,4.85964404E+3,
498.600,5.00431055E+3,
498.7500,5.08339990E+3,
498.900,5.09783203E+3,
499.0500,4.70788135E+3,
499.200,4.70663672E+3,
499.3500,4.64151514E+3,
499.500,4.49912549E+3,
499.6500,4.25389258E+3,
499.800,4.09761963E+3,
499.9500,3.91232715E+3,
500.100,3.80746045E+3,
500.2500,3.66588672E+3,
500.400,3.45092749E+3,
500.5500,3.23445923E+3,
500.700,3.34388159E+3,
500.8500,3.15578882E+3,
501.00,3.06963525E+3,
501.1500,2.95548340E+3,
501.300,2.80659448E+3,
501.4500,2.75330054E+3,
501.600,2.77799927E+3,
501.7500,2.66985229E+3,
501.900,2.55815601E+3,
502.0500,2.48429419E+3,
502.200,2.51665942E+3,
502.3500,2.47736084E+3,
502.500,2.45368555E+3,
502.6500,2.40526904E+3,
502.800,2.36687085E+3,
502.9500,2.34751270E+3,
503.100,2.31918970E+3,
503.2500,2.34490796E+3,
503.400,2.29851807E+3,
503.5500,2.35922266E+3,
503.700,2.31387500E+3,
503.8500,2.31138843E+3,
504.00,2.26363867E+3,
504.1500,2.34496289E+3,
504.300,2.36862671E+3,
504.4500,2.48420630E+3,
504.600,2.38199561E+3,
504.7500,2.51368677E+3,
504.900,2.57394897E+3,
505.0500,2.67644019E+3,
505.200,2.64580884E+3,
505.3500,2.74854761E+3,
505.500,3.11628809E+3,
505.6500,3.21389819E+3,
505.800,3.28422534E+3,
505.9500,3.62248950E+3,
506.100,3.69798047E+3,
506.2500,4.22085449E+3,
506.400,4.57711475E+3,
506.5500,5.04889551E+3,
506.700,5.50657959E+3,
506.8500,5.94896973E+3,
507.00,6.49927930E+3,
507.1500,7.06731543E+3,
507.300,7.52795313E+3,
507.4500,7.65903564E+3,
507.600,7.81231885E+3,
507.7500,7.86052588E+3,
507.900,7.59476123E+3,
508.0500,7.13950635E+3,
508.200,6.74974902E+3,
508.3500,6.04648926E+3,
508.500,5.61751758E+3,
508.6500,5.26801123E+3,
508.800,4.68109131E+3,
508.9500,4.39640186E+3,
509.100,4.15194336E+3,
509.2500,3.97243774E+3,
509.400,3.78319873E+3,
509.5500,3.68496509E+3,
509.700,3.60059863E+3,
509.8500,3.36108789E+3,
510.00,3.44895557E+3,
510.1500,3.45798950E+3,
510.300,3.56238477E+3,
510.4500,3.87905615E+3,
510.600,3.68442993E+3,
510.7500,3.83059033E+3,
510.900,3.95927783E+3,
511.0500,3.78191211E+3,
511.200,3.57110498E+3,
511.3500,3.29118677E+3,
511.500,3.05936865E+3,
511.6500,2.80101001E+3,
511.800,2.66809741E+3,
511.9500,2.33875366E+3,
512.100,2.24573560E+3,
512.2500,2.05609253E+3,
512.400,1.98054907E+3,
512.5500,1.86665991E+3,
512.700,1.85409351E+3,
512.8500,1.72072229E+3,
513.00,1.75944678E+3,
513.1500,1.65579114E+3,
513.300,1.59629260E+3,
513.4500,1.58829187E+3,
513.600,1.45769189E+3,
513.7500,1.42546509E+3,
513.900,1.47625269E+3,
514.0500,1.39698242E+3,
514.200,1.29828430E+3,
514.3500,1.37692688E+3,
514.500,1.22600183E+3,
514.6500,1.34224182E+3,
514.800,1.32301917E+3,
514.9500,1.27949744E+3,
515.100,1.24316455E+3,
515.2500,1.30761926E+3,
515.400,1.26636560E+3,
515.5500,1.27494836E+3,
515.700,1.25063306E+3,
515.8500,1.21894250E+3,
516.00,1.24947400E+3,
516.1500,1.22261060E+3,
516.300,1.15652454E+3,
516.4500,1.17605676E+3,
516.600,1.15515527E+3,
516.7500,1.10474817E+3,
516.900,1.13041699E+3,
517.0500,1.14999707E+3,
517.200,1.08715320E+3,
517.3500,1.09935583E+3,
517.500,1.16462878E+3,
517.6500,1.00032587E+3,
517.800,1.00504700E+3,
517.9500,1.16693323E+3,
518.100,1.05416675E+3,
518.2500,1.10113696E+3,
518.400,1.02406995E+3,
518.5500,9.61750427E+2,
518.700,9.81393677E+2,
518.8500,1.02472986E+3,
519.00,1.03948376E+3,
519.1500,9.88184082E+2,
519.300,9.81735901E+2,
519.4500,1.00527893E+3,
519.600,1.01760211E+3,
519.7500,9.68551270E+2,
519.900,9.87125427E+2,
520.0500,9.68079651E+2,
520.200,9.50274719E+2,
520.3500,9.76468567E+2,
520.500,9.43509399E+2,
520.6500,9.72266724E+2,
520.800,9.08926147E+2,
520.9500,9.49074097E+2,
521.100,9.28571289E+2,
521.2500,9.85268860E+2,
521.400,8.69669250E+2,
521.5500,9.87330872E+2,
521.700,9.07055054E+2,
521.8500,8.90193176E+2,
522.00,9.59858337E+2,
522.1500,9.16249329E+2,
522.300,8.34276367E+2,
522.4500,9.01536804E+2,
522.600,8.96069824E+2,
522.7500,8.82910522E+2,
522.900,8.55631653E+2,
523.0500,8.60364319E+2,
523.200,8.81824402E+2,
523.3500,8.59637756E+2,
523.500,8.66985901E+2,
523.6500,8.00947693E+2,
523.800,9.17811951E+2,
523.9500,8.91683838E+2,
524.100,8.44839905E+2,
524.2500,8.53505371E+2,
524.400,8.73837280E+2,
524.5500,8.44962158E+2,
524.700,9.09430786E+2,
524.8500,8.74031677E+2,
525.00,9.19159424E+2,
525.1500,9.21401367E+2,
525.300,8.92377808E+2,
525.4500,8.73724792E+2,
525.600,8.81138000E+2,
525.7500,8.70269043E+2,
525.900,9.28700378E+2,
526.0500,9.03460144E+2,
526.200,9.83049133E+2,
526.3500,9.63080627E+2,
526.500,9.85097595E+2,
526.6500,8.40174011E+2,
526.800,1.01083044E+3,
526.9500,1.02636633E+3,
527.100,9.68143433E+2,
527.2500,9.54718689E+2,
527.400,9.78275574E+2,
527.5500,9.27765381E+2,
527.700,1.03613586E+3,
527.8500,9.48427795E+2,
528.00,9.25588806E+2,
528.1500,9.37301514E+2,
528.300,1.07149268E+3,
528.4500,9.91444763E+2,
528.600,9.65905823E+2,
528.7500,1.04582129E+3,
528.900,9.84174011E+2,
529.0500,1.06293750E+3,
529.200,1.10433203E+3,
529.3500,1.05457788E+3,
529.500,1.15917603E+3,
529.6500,1.14835962E+3,
529.800,1.12001306E+3,
529.9500,1.14550659E+3,
530.100,1.09683618E+3,
530.2500,1.16555017E+3,
530.400,1.05323547E+3,
530.5500,1.12204102E+3,
530.700,1.18692639E+3,
530.8500,1.18819507E+3,
531.00,1.20032471E+3,
531.1500,1.21793762E+3,
531.300,1.23150037E+3,
531.4500,1.36087952E+3,
531.600,1.27506543E+3,
531.7500,1.28598914E+3,
531.900,1.41036194E+3,
532.0500,1.32843616E+3,
532.200,1.43264429E+3,
532.3500,1.31494922E+3,
532.500,1.39328198E+3,
532.6500,1.37971082E+3,
532.800,1.42801099E+3,
532.9500,1.37036523E+3,
533.100,1.29746021E+3,
533.2500,1.30308618E+3,
533.400,1.38749219E+3,
533.5500,1.31574414E+3,
533.700,1.30615833E+3,
533.8500,1.34923865E+3,
534.00,1.34104590E+3,
534.1500,1.38288354E+3,
534.300,1.28566833E+3,
534.4500,1.28434436E+3,
534.600,1.18399634E+3,
534.7500,1.28725476E+3,
534.900,1.25376428E+3,
535.0500,1.18520593E+3,
535.200,1.20473669E+3,
535.3500,1.25796350E+3,
535.500,1.29305176E+3,
535.6500,1.27620911E+3,
535.800,1.33389746E+3,
535.9500,1.30578333E+3,
536.100,1.33260999E+3,
536.2500,1.36090930E+3,
536.400,1.44862439E+3,
536.5500,1.47993225E+3,
536.700,1.52830115E+3,
536.8500,1.47467664E+3,
537.00,1.55010461E+3,
537.1500,1.59449707E+3,
537.300,1.55646448E+3,
537.4500,1.48700549E+3,
537.600,1.58849548E+3,
537.7500,1.60455542E+3,
537.900,1.67924048E+3,
538.0500,1.57238489E+3,
538.200,1.57271912E+3,
538.3500,1.47697229E+3,
538.500,1.42263623E+3,
538.6500,1.48458350E+3,
538.800,1.35530713E+3,
538.9500,1.50228674E+3,
539.100,1.37995715E+3,
539.2500,1.29777551E+3,
539.400,1.32234924E+3,
539.5500,1.29343994E+3,
539.700,1.21811328E+3,
539.8500,1.33256592E+3,
540.00,1.08291003E+3,
540.1500,1.27600549E+3,
540.300,1.22073889E+3,
540.4500,1.21195422E+3,
540.600,1.22210242E+3,
540.7500,1.19868811E+3,
540.900,1.15182849E+3,
541.0500,1.23071692E+3,
541.200,1.27757275E+3,
541.3500,1.19691968E+3,
541.500,1.35984778E+3,
541.6500,1.26733105E+3,
541.800,1.23641406E+3,
541.9500,1.28205042E+3,
542.100,1.24959595E+3,
542.2500,1.32193079E+3,
542.400,1.33232153E+3,
542.5500,1.29683667E+3,
542.700,1.31462231E+3,
542.8500,1.36063477E+3,
543.00,1.32355994E+3,
543.1500,1.35034753E+3,
543.300,1.41887732E+3,
543.4500,1.33254211E+3,
543.600,1.30718677E+3,
543.7500,1.41024487E+3,
543.900,1.27423682E+3,
544.0500,1.29512622E+3,
544.200,1.29656592E+3,
544.3500,1.20946899E+3,
544.500,1.30544800E+3,
544.6500,1.26929138E+3,
544.800,1.27671021E+3,
544.9500,1.27509851E+3,
545.100,1.27199548E+3,
545.2500,1.30816882E+3,
545.400,1.43061914E+3,
545.5500,1.36863257E+3,
545.700,1.37622375E+3,
545.8500,1.41720776E+3,
546.00,1.28054993E+3,
546.1500,1.37940942E+3,
546.300,1.27141626E+3,
546.4500,1.26377686E+3,
546.600,1.27290271E+3,
546.7500,1.24384338E+3,
546.900,1.29273413E+3,
547.0500,1.27283582E+3,
547.200,1.29127966E+3,
547.3500,1.37578833E+3,
547.500,1.26217932E+3,
547.6500,1.32222192E+3,
547.800,1.28531311E+3,
547.9500,1.25911096E+3,
548.100,1.48157434E+3,
548.2500,1.37356189E+3,
548.400,1.32722815E+3,
548.5500,1.43738257E+3,
548.700,1.34442871E+3,
548.8500,1.41133984E+3,
549.00,1.58889868E+3,
549.1500,1.44121802E+3,
549.300,1.36961511E+3,
549.4500,1.34000549E+3,
549.600,1.36973743E+3,
549.7500,1.38857593E+3,
549.900,1.31184778E+3,
550.0500,1.55347131E+3,
550.200,1.47831372E+3,
550.3500,1.52880054E+3,
550.500,1.58884741E+3,
550.6500,1.66164099E+3,
550.800,1.58623218E+3,
550.9500,1.78243262E+3,
551.100,1.70065466E+3,
551.2500,1.63135474E+3,
551.400,1.81559570E+3,
551.5500,1.78435388E+3,
551.700,1.64654932E+3,
551.8500,1.72800049E+3,
552.00,1.66785657E+3,
552.1500,1.66664709E+3,
552.300,1.66223364E+3,
552.4500,1.68657996E+3,
552.600,1.63415076E+3,
552.7500,1.54794055E+3,
552.900,1.57863635E+3,
553.0500,1.40704565E+3,
553.200,1.42485803E+3,
553.3500,1.43143689E+3,
553.500,1.48639001E+3,
553.6500,1.38006152E+3,
553.800,1.43345789E+3,
553.9500,1.39960571E+3,
554.100,1.41751636E+3,
554.2500,1.42087256E+3,
554.400,1.46970374E+3,
554.5500,1.35605054E+3,
554.700,1.41305005E+3,
554.8500,1.34630823E+3,
555.00,1.40831812E+3,
555.1500,1.39040625E+3,
555.300,1.39043835E+3,
555.4500,1.54769263E+3,
555.600,1.45607800E+3,
555.7500,1.40856396E+3,
555.900,1.43489539E+3,
556.0500,1.31812439E+3,
556.200,1.37243311E+3,
556.3500,1.31139722E+3,
556.500,1.34765027E+3,
556.6500,1.42201648E+3,
556.800,1.49820862E+3,
556.9500,1.41712036E+3,
557.100,1.39227100E+3,
557.2500,1.44212988E+3,
557.400,1.42723010E+3,
557.5500,1.42894202E+3,
557.700,1.34561487E+3,
557.8500,1.53586707E+3,
558.00,1.41568542E+3,
558.1500,1.41239941E+3,
558.300,1.38899207E+3,
558.4500,1.40075195E+3,
558.600,1.45284460E+3,
558.7500,1.43106641E+3,
558.900,1.35198596E+3,
559.0500,1.42612415E+3,
559.200,1.46840869E+3,
559.3500,1.32828015E+3,
559.500,1.38745654E+3,
559.6500,1.38917493E+3,
559.800,1.38749792E+3,
559.9500,1.29750134E+3,
560.100,1.40452502E+3,
560.2500,1.34326172E+3,
560.400,1.27502478E+3,
560.5500,1.22880054E+3,
560.700,1.18416833E+3,
560.8500,1.23522876E+3,
561.00,1.10655164E+3,
561.1500,1.16104871E+3,
561.300,1.12123376E+3,
561.4500,1.21197229E+3,
561.600,1.17899878E+3,
561.7500,1.08045972E+3,
561.900,1.06276978E+3,
562.0500,1.10722095E+3,
562.200,1.07396082E+3,
562.3500,1.07870886E+3,
562.500,9.30912537E+2,
562.6500,1.02921655E+3,
562.800,9.67884094E+2,
562.9500,9.56855530E+2,
563.100,1.00855676E+3,
563.2500,9.33092102E+2,
563.400,8.95851990E+2,
563.5500,8.35782898E+2,
563.700,9.41876404E+2,
563.8500,8.93977478E+2,
564.00,8.72281555E+2,
564.1500,8.55880188E+2,
564.300,8.95744141E+2,
564.4500,7.82403687E+2,
564.600,9.08731323E+2,
564.7500,9.01109924E+2,
564.900,8.49233948E+2,
565.0500,8.66299255E+2,
565.200,7.92922546E+2,
565.3500,8.64998230E+2,
565.500,8.30548645E+2,
565.6500,8.79703430E+2,
565.800,8.30911865E+2,
565.9500,7.85562622E+2,
566.100,9.08078552E+2,
566.2500,8.51891357E+2,
566.400,8.13485352E+2,
566.5500,8.44948364E+2,
566.700,8.27989502E+2,
566.8500,9.18878967E+2,
567.00,8.33548584E+2,
567.1500,8.41739868E+2,
567.300,7.70546143E+2,
567.4500,8.03970032E+2,
567.600,9.06203064E+2,
567.7500,9.76075989E+2,
567.900,9.50018921E+2,
568.0500,8.54946228E+2,
568.200,9.26890991E+2,
568.3500,8.37058228E+2,
568.500,8.28986755E+2,
568.6500,8.68321838E+2,
568.800,8.20080139E+2,
568.9500,9.56417053E+2,
569.100,8.95372559E+2,
569.2500,8.76352295E+2,
569.400,9.71094482E+2,
569.5500,1.01277069E+3,
569.700,9.14679565E+2,
569.8500,9.71124634E+2,
570.00,8.91173828E+2,
570.1500,9.69844177E+2,
570.300,9.67320374E+2,
570.4500,8.40717163E+2,
570.600,9.01061890E+2,
570.7500,9.37417236E+2,
570.900,8.93941528E+2,
571.0500,9.47097595E+2,
571.200,9.81710449E+2,
571.3500,8.69067444E+2,
571.500,8.28980408E+2,
571.6500,8.33660400E+2,
571.800,8.27119629E+2,
571.9500,9.36714417E+2,
572.100,9.07793030E+2,
572.2500,8.28115234E+2,
572.400,7.97127441E+2,
572.5500,8.50763611E+2,
572.700,8.38568176E+2,
572.8500,8.67846375E+2,
573.00,8.32970398E+2,
573.1500,8.43453003E+2,
573.300,8.17981567E+2,
573.4500,9.09984863E+2,
573.600,8.06703430E+2,
573.7500,8.36197144E+2,
573.900,8.41024414E+2,
574.0500,7.92519104E+2,
574.200,8.18287170E+2,
574.3500,8.76580872E+2,
574.500,8.29848816E+2,
574.6500,8.69149231E+2,
574.800,8.70206055E+2,
574.9500,8.61667847E+2,
575.100,9.37653320E+2,
575.2500,7.81048157E+2,
575.400,8.78304688E+2,
575.5500,8.69729431E+2,
575.700,8.49546265E+2,
575.8500,8.52507996E+2,
576.00,8.45796692E+2,
576.1500,8.46838989E+2,
576.300,8.65342041E+2,
576.4500,9.32453186E+2,
576.600,9.39430542E+2,
576.7500,8.88000610E+2,
576.900,9.00783752E+2,
577.0500,8.02316711E+2,
577.200,8.73634460E+2,
577.3500,9.05983704E+2,
577.500,8.99224854E+2,
577.6500,9.72865601E+2,
577.800,9.32779297E+2,
577.9500,9.51577759E+2,
578.100,1.01172327E+3,
578.2500,1.01878253E+3,
578.400,9.66670837E+2,
578.5500,1.11786499E+3,
578.700,9.62923279E+2,
578.8500,1.05506372E+3,
579.00,1.03048730E+3,
579.1500,9.52290710E+2,
579.300,1.01294598E+3,
579.4500,1.05186230E+3,
579.600,9.99293823E+2,
579.7500,1.00240399E+3,
579.900,9.09754211E+2,
580.0500,9.54720215E+2,
580.200,1.06179932E+3,
580.3500,9.86946533E+2,
580.500,9.52002258E+2,
580.6500,9.99242310E+2,
580.800,1.01042786E+3,
580.9500,1.00956989E+3,
581.100,1.00269708E+3,
581.2500,1.00388354E+3,
581.400,1.01516101E+3,
581.5500,1.03656360E+3,
581.700,9.89233032E+2,
581.8500,1.04913062E+3,
582.00,1.04225037E+3,
582.1500,1.10035522E+3,
582.300,1.00614893E+3,
582.4500,1.11522009E+3,
582.600,1.10637329E+3,
582.7500,1.08322156E+3,
582.900,1.09881689E+3,
583.0500,1.05719653E+3,
583.200,1.11376111E+3,
583.3500,1.09461462E+3,
583.500,1.02000507E+3,
583.6500,1.10548682E+3,
583.800,1.17059753E+3,
583.9500,1.12463477E+3,
584.100,1.08887915E+3,
584.2500,1.20789685E+3,
584.400,1.08739490E+3,
584.5500,1.15287720E+3,
584.700,1.08174329E+3,
584.8500,1.17641736E+3,
585.00,1.15706409E+3,
585.1500,1.14596619E+3,
585.300,1.14316577E+3,
585.4500,1.15286462E+3,
585.600,1.18136682E+3,
585.7500,1.18067700E+3,
585.900,1.12558569E+3,
586.0500,1.15622827E+3,
586.200,1.30225317E+3,
586.3500,1.32264331E+3,
586.500,1.14970630E+3,
586.6500,1.26254712E+3,
586.800,1.25345557E+3,
586.9500,1.33713831E+3,
587.100,1.34287646E+3,
587.2500,1.35496155E+3,
587.400,1.33955933E+3,
587.5500,1.37284448E+3,
587.700,1.51224988E+3,
587.8500,1.51606848E+3,
588.00,1.41573059E+3,
588.1500,1.60461182E+3,
588.300,1.65116833E+3,
588.4500,1.74901746E+3,
588.600,1.63781641E+3,
588.7500,1.55628796E+3,
588.900,1.51951514E+3,
589.0500,1.60052429E+3,
589.200,1.56379602E+3,
589.3500,1.63006238E+3,
589.500,1.70292908E+3,
589.6500,1.60590027E+3,
589.800,1.62501819E+3,
589.9500,1.57944556E+3,
590.100,1.68508948E+3,
590.2500,1.77806909E+3,
590.400,1.52474512E+3,
590.5500,1.69798157E+3,
590.700,1.71531714E+3,
590.8500,1.84791223E+3,
591.00,1.88505750E+3,
591.1500,1.76107556E+3,
591.300,1.97503088E+3,
591.4500,1.99723779E+3,
591.600,1.94291504E+3,
591.7500,2.15352881E+3,
591.900,2.15409326E+3,
592.0500,2.20731812E+3,
592.200,2.34634326E+3,
592.3500,2.44166406E+3,
592.500,2.47328198E+3,
592.6500,2.59104321E+3,
592.800,2.69581982E+3,
592.9500,2.70792529E+3,
593.100,2.73335205E+3,
593.2500,2.81649805E+3,
593.400,2.82212402E+3,
593.5500,2.90778149E+3,
593.700,3.08489478E+3,
593.8500,2.93261548E+3,
594.00,3.16594189E+3,
594.1500,2.95783618E+3,
594.300,2.97286670E+3,
594.4500,2.91625366E+3,
594.600,2.90882227E+3,
594.7500,2.90809790E+3,
594.900,2.86913818E+3,
595.0500,2.82111206E+3,
595.200,2.96694751E+3,
595.3500,2.87160498E+3,
595.500,2.89580688E+3,
595.6500,2.74576563E+3,
595.800,2.79704077E+3,
595.9500,2.97327832E+3,
596.100,2.89996191E+3,
596.2500,3.01076489E+3,
596.400,2.87575024E+3,
596.5500,3.00276440E+3,
596.700,3.01586963E+3,
596.8500,3.14567236E+3,
597.00,3.11774268E+3,
597.1500,3.12180078E+3,
597.300,3.24528540E+3,
597.4500,3.55076099E+3,
597.600,3.52542603E+3,
597.7500,3.42162085E+3,
597.900,3.54840161E+3,
598.0500,3.72171948E+3,
598.200,3.51123682E+3,
598.3500,3.92825830E+3,
598.500,4.04002539E+3,
598.6500,4.09630273E+3,
598.800,3.95495825E+3,
598.9500,4.01590186E+3,
599.100,4.31032861E+3,
599.2500,4.35566455E+3,
599.400,4.14854492E+3,
599.5500,4.32722559E+3,
599.700,4.60952441E+3,
599.8500,4.45822119E+3,
600.00,4.23598828E+3,
600.1500,4.49626416E+3,
600.300,4.42722314E+3,
600.4500,4.46420752E+3,
600.600,4.54619580E+3,
600.7500,4.52659766E+3,
600.900,4.56145947E+3,
601.0500,4.36391650E+3,
601.200,4.87001611E+3,
601.3500,4.57981836E+3,
601.500,4.70374316E+3,
601.6500,4.92836865E+3,
601.800,4.90243555E+3,
601.9500,5.06571436E+3,
602.100,5.04714258E+3,
602.2500,5.11025195E+3,
602.400,5.39983643E+3,
602.5500,5.70234521E+3,
602.700,5.77877588E+3,
602.8500,5.99085742E+3,
603.00,6.20599219E+3,
603.1500,6.59866992E+3,
603.300,6.81999268E+3,
603.4500,6.86190283E+3,
603.600,7.33768506E+3,
603.7500,7.45610010E+3,
603.900,8.03681592E+3,
604.0500,7.63264795E+3,
604.200,8.08517480E+3,
604.3500,8.30330762E+3,
604.500,8.34501855E+3,
604.6500,8.68230859E+3,
604.800,8.67531152E+3,
604.9500,8.70037207E+3,
605.100,9.05446875E+3,
605.2500,9.24365137E+3,
605.400,9.44576563E+3,
605.5500,9.74034082E+3,
605.700,9.94121777E+3,
605.8500,1.06907559E+4,
606.00,1.10881504E+4,
606.1500,1.18422793E+4,
606.300,1.19154102E+4,
606.4500,1.25577139E+4,
606.600,1.25391885E+4,
606.7500,1.23068545E+4,
606.900,1.27561455E+4,
607.0500,1.28538174E+4,
607.200,1.25024395E+4,
607.3500,1.20917344E+4,
607.500,1.24904473E+4,
607.6500,1.23625566E+4,
607.800,1.29025918E+4,
607.9500,1.27824805E+4,
608.100,1.29805146E+4,
608.2500,1.37790420E+4,
608.400,1.36978057E+4,
608.5500,1.40592813E+4,
608.700,1.44372119E+4,
608.8500,1.40841494E+4,
609.00,1.45429014E+4,
609.1500,1.46868076E+4,
609.300,1.49059297E+4,
609.4500,1.45131211E+4,
609.600,1.49500029E+4,
609.7500,1.55359775E+4,
609.900,1.59393574E+4,
610.0500,1.58552539E+4,
610.200,1.56281738E+4,
610.3500,1.63474717E+4,
610.500,1.68050547E+4,
610.6500,1.75572520E+4,
610.800,1.73678652E+4,
610.9500,1.86537344E+4,
611.100,1.88466504E+4,
611.2500,1.93614609E+4,
611.400,1.96535527E+4,
611.5500,2.07816543E+4,
611.700,2.04070449E+4,
611.8500,2.09485234E+4,
612.00,2.03948887E+4,
612.1500,1.95889512E+4,
612.300,1.97420586E+4,
612.4500,1.92232422E+4,
612.600,1.84114531E+4,
612.7500,1.80948613E+4,
612.900,1.75332969E+4,
613.0500,1.73594063E+4,
613.200,1.68438945E+4,
613.3500,1.59226650E+4,
613.500,1.55811143E+4,
613.6500,1.52384258E+4,
613.800,1.47971426E+4,
613.9500,1.47962207E+4,
614.100,1.43372139E+4,
614.2500,1.42386934E+4,
614.400,1.40063262E+4,
614.5500,1.37922061E+4,
614.700,1.44518838E+4,
614.8500,1.38325361E+4,
615.00,1.41406230E+4,
615.1500,1.41014541E+4,
615.300,1.38667275E+4,
615.4500,1.39122803E+4,
615.600,1.37674297E+4,
615.7500,1.35224795E+4,
615.900,1.32157119E+4,
616.0500,1.38956660E+4,
616.200,1.34662119E+4,
616.3500,1.32496104E+4,
616.500,1.27756494E+4,
616.6500,1.29788652E+4,
616.800,1.29868223E+4,
616.9500,1.28574180E+4,
617.100,1.28289541E+4,
617.2500,1.30030352E+4,
617.400,1.29381797E+4,
617.5500,1.25879629E+4,
617.700,1.26040469E+4,
617.8500,1.28920117E+4,
618.00,1.28716777E+4,
618.1500,1.24570342E+4,
618.300,1.29263115E+4,
618.4500,1.24103379E+4,
618.600,1.25582227E+4,
618.7500,1.24947617E+4,
618.900,1.21213271E+4,
619.0500,1.26573311E+4,
619.200,1.28991973E+4,
619.3500,1.29371699E+4,
619.500,1.33478408E+4,
619.6500,1.42750586E+4,
619.800,1.38633115E+4,
619.9500,1.42283857E+4,
620.100,1.48799268E+4,
620.2500,1.43007920E+4,
620.400,1.48671572E+4,
620.5500,1.47158027E+4,
620.700,1.51207324E+4,
620.8500,1.49251221E+4,
621.00,1.46934355E+4,
621.1500,1.41775586E+4,
621.300,1.43151299E+4,
621.4500,1.34121260E+4,
621.600,1.32968760E+4,
621.7500,1.27715615E+4,
621.900,1.25386846E+4,
622.0500,1.25103486E+4,
622.200,1.22877588E+4,
622.3500,1.19118721E+4,
622.500,1.15465850E+4,
622.6500,1.15549346E+4,
622.800,1.12777734E+4,
622.9500,1.08189873E+4,
623.100,1.04099336E+4,
623.2500,1.03045713E+4,
623.400,1.00747178E+4,
623.5500,1.02805586E+4,
623.700,1.00102754E+4,
623.8500,9.91544824E+3,
624.00,9.91472559E+3,
624.1500,9.70073145E+3,
624.300,9.54402344E+3,
624.4500,9.19977637E+3,
624.600,9.41913477E+3,
624.7500,9.61464258E+3,
624.900,9.29625195E+3,
625.0500,8.99534668E+3,
625.200,9.13900000E+3,
625.3500,8.94230957E+3,
625.500,9.17944141E+3,
625.6500,8.88560059E+3,
625.800,8.83365137E+3,
625.9500,8.80333203E+3,
626.100,8.71984375E+3,
626.2500,8.78649023E+3,
626.400,8.55510547E+3,
626.5500,8.79775293E+3,
626.700,8.67888379E+3,
626.8500,8.71422852E+3,
627.00,8.11068359E+3,
627.1500,8.35102246E+3,
627.300,8.01432568E+3,
627.4500,7.94037695E+3,
627.600,7.94897461E+3,
627.7500,7.95437598E+3,
627.900,7.84779541E+3,
628.0500,7.51965234E+3,
628.200,7.33485449E+3,
628.3500,6.97235059E+3,
628.500,7.17579590E+3,
628.6500,6.65975293E+3,
628.800,6.61414844E+3,
628.9500,6.66236963E+3,
629.100,6.77907129E+3,
629.2500,7.05246729E+3,
629.400,6.59322314E+3,
629.5500,6.40333301E+3,
629.700,6.52365576E+3,
629.8500,6.43451465E+3,
630.00,6.53558252E+3,
630.1500,6.42976709E+3,
630.300,6.16186865E+3,
630.4500,6.27960156E+3,
630.600,6.52028369E+3,
630.7500,6.18455615E+3,
630.900,6.48909814E+3,
631.0500,6.38851172E+3,
631.200,6.10411816E+3,
631.3500,6.14962207E+3,
631.500,6.73472803E+3,
631.6500,6.49624170E+3,
631.800,6.41151123E+3,
631.9500,6.96345215E+3,
632.100,7.07179883E+3,
632.2500,7.20086914E+3,
632.400,6.87947949E+3,
632.5500,7.18527002E+3,
632.700,7.10079004E+3,
632.8500,7.20693994E+3,
633.00,7.50143994E+3,
633.1500,7.34150732E+3,
633.300,7.19805713E+3,
633.4500,7.41153662E+3,
633.600,7.19526953E+3,
633.7500,7.13342236E+3,
633.900,7.05401807E+3,
634.0500,7.02625293E+3,
634.200,7.21016455E+3,
634.3500,7.11997949E+3,
634.500,7.04334863E+3,
634.6500,7.02924512E+3,
634.800,6.92757471E+3,
634.9500,7.08139551E+3,
635.100,6.57217578E+3,
635.2500,6.77903564E+3,
635.400,6.74335303E+3,
635.5500,6.77816504E+3,
635.700,6.56875977E+3,
635.8500,6.40460156E+3,
636.00,6.66995361E+3,
636.1500,6.53057715E+3,
636.300,6.34773975E+3,
636.4500,6.07110889E+3,
636.600,6.13745264E+3,
636.7500,5.94898389E+3,
636.900,6.17009180E+3,
637.0500,5.84010547E+3,
637.200,5.59176563E+3,
637.3500,5.78063818E+3,
637.500,5.90492725E+3,
637.6500,5.84786377E+3,
637.800,5.51722266E+3,
637.9500,5.48464355E+3,
638.100,5.27608838E+3,
638.2500,5.22789404E+3,
638.400,5.13540918E+3,
638.5500,5.30753467E+3,
638.700,5.29592920E+3,
638.8500,5.23251709E+3,
639.00,4.99480713E+3,
639.1500,5.03097949E+3,
639.300,4.98919580E+3,
639.4500,5.07016357E+3,
639.600,5.15516748E+3,
639.7500,5.15446191E+3,
639.900,4.94008936E+3,
640.0500,4.99162012E+3,
640.200,5.21678564E+3,
640.3500,5.16375928E+3,
640.500,5.11048242E+3,
640.6500,5.11377881E+3,
640.800,5.42453564E+3,
640.9500,5.41705420E+3,
641.100,5.38281738E+3,
641.2500,5.03514355E+3,
641.400,5.12623779E+3,
641.5500,5.15246533E+3,
641.700,4.98655615E+3,
641.8500,4.77753125E+3,
642.00,4.81470117E+3,
642.1500,4.37214063E+3,
642.300,4.12155420E+3,
642.4500,3.96315088E+3,
642.600,3.97927100E+3,
642.7500,3.82766382E+3,
642.900,3.63239355E+3,
643.0500,3.49895410E+3,
643.200,3.51804321E+3,
643.3500,3.34833374E+3,
643.500,3.23309717E+3,
643.6500,3.10551489E+3,
643.800,2.95362402E+3,
643.9500,3.24148755E+3,
644.100,3.17668750E+3,
644.2500,2.81677637E+3,
644.400,2.84661084E+3,
644.5500,2.86855054E+3,
644.700,2.77430933E+3,
644.8500,2.85642847E+3,
645.00,2.64096411E+3,
645.1500,2.71926978E+3,
645.300,2.68064282E+3,
645.4500,2.74719067E+3,
645.600,2.48916040E+3,
645.7500,2.56369458E+3,
645.900,2.72418066E+3,
646.0500,2.50121216E+3,
646.200,2.45756250E+3,
646.3500,2.50812012E+3,
646.500,2.58357227E+3,
646.6500,2.53153320E+3,
646.800,2.54122974E+3,
646.9500,2.44743164E+3,
647.100,2.47766309E+3,
647.2500,2.37905298E+3,
647.400,2.38004272E+3,
647.5500,2.58988306E+3,
647.700,2.48665503E+3,
647.8500,2.37457397E+3,
648.00,2.32926733E+3,
648.1500,2.48169434E+3,
648.300,2.36874585E+3,
648.4500,2.20876440E+3,
648.600,2.41700049E+3,
648.7500,2.21817261E+3,
648.900,2.44007251E+3,
649.0500,2.53062720E+3,
649.200,2.38210205E+3,
649.3500,2.34864355E+3,
649.500,2.20765405E+3,
649.6500,2.19517847E+3,
649.800,2.26027856E+3,
649.9500,2.30836084E+3,
650.100,2.25712500E+3,
650.2500,2.35334058E+3,
650.400,2.57617432E+3,
650.5500,2.36821265E+3,
650.700,2.59642407E+3,
650.8500,2.73802344E+3,
651.00,2.99000732E+3,
651.1500,3.22124438E+3,
651.300,3.30355200E+3,
651.4500,3.88133862E+3,
651.600,4.00094214E+3,
651.7500,4.12551123E+3,
651.900,4.91827197E+3,
652.0500,5.08555371E+3,
652.200,5.16851953E+3,
652.3500,5.43555518E+3,
652.500,5.14686230E+3,
652.6500,4.90636523E+3,
652.800,4.44820752E+3,
652.9500,3.84328564E+3,
653.100,3.54829321E+3,
653.2500,3.30191187E+3,
653.400,3.15455493E+3,
653.5500,2.85139990E+3,
653.700,2.77549780E+3,
653.8500,2.59841870E+3,
654.00,2.49401978E+3,
654.1500,2.46288721E+3,
654.300,2.39929858E+3,
654.4500,2.57588940E+3,
654.600,2.41490845E+3,
654.7500,2.62948340E+3,
654.900,2.64480713E+3,
655.0500,2.51552051E+3,
655.200,2.46985815E+3,
655.3500,2.55056201E+3,
655.500,2.61752783E+3,
655.6500,2.75544458E+3,
655.800,2.61071826E+3,
655.9500,2.65932471E+3,
656.100,2.33344922E+3,
656.2500,2.64780542E+3,
656.400,2.33943286E+3,
656.5500,2.37346606E+3,
656.700,2.26883813E+3,
656.8500,2.18770361E+3,
657.00,2.25044336E+3,
657.1500,2.06289233E+3,
657.300,2.17397827E+3,
657.4500,2.10640991E+3,
657.600,2.19382959E+3,
657.7500,1.84380420E+3,
657.900,2.35523633E+3,
658.0500,2.28254395E+3,
658.200,2.21934009E+3,
658.3500,2.27859351E+3,
658.500,2.10184326E+3,
658.6500,1.97358887E+3,
658.800,2.12166919E+3,
658.9500,2.01266394E+3,
659.100,2.24597876E+3,
659.2500,2.03211548E+3,
659.400,2.05187793E+3,
659.5500,1.85153711E+3,
659.700,1.91107544E+3,
659.8500,1.85524536E+3,
660.00,1.83945911E+3,
660.1500,1.77817664E+3,
660.300,1.76216248E+3,
660.4500,1.81712769E+3,
660.600,1.84181726E+3,
660.7500,1.79011523E+3,
660.900,1.86085217E+3,
661.0500,1.75771729E+3,
661.200,1.89044885E+3,
661.3500,1.95687427E+3,
661.500,1.92553198E+3,
661.6500,2.06997607E+3,
661.800,1.98685925E+3,
661.9500,1.96573230E+3,
662.100,2.23123828E+3,
662.2500,2.24720776E+3,
662.400,2.41517798E+3,
662.5500,2.22683081E+3,
662.700,2.21655127E+3,
662.8500,2.30121143E+3,
663.00,2.42331836E+3,
663.1500,2.16403931E+3,
663.300,1.93006177E+3,
663.4500,1.84950256E+3,
663.600,1.95020020E+3,
663.7500,1.62289429E+3,
663.900,1.56243750E+3,
664.0500,1.60390552E+3,
664.200,1.44049036E+3,
664.3500,1.39526001E+3,
664.500,1.37149048E+3,
664.6500,1.23349011E+3,
664.800,1.03490491E+3,
664.9500,1.20663928E+3,
665.100,1.17120056E+3,
665.2500,1.13557886E+3,
665.400,1.09428479E+3,
665.5500,1.07483484E+3,
665.700,1.09396472E+3,
665.8500,1.19071423E+3,
666.00,1.14913416E+3,
666.1500,9.73809998E+2,
666.300,9.20355164E+2,
666.4500,9.67284424E+2,
666.600,1.05926941E+3,
666.7500,9.83149231E+2,
666.900,1.08686682E+3,
667.0500,8.97546204E+2,
667.200,9.84595093E+2,
667.3500,9.58614258E+2,
667.500,8.47212769E+2,
667.6500,9.00561035E+2,
667.800,8.17036926E+2,
667.9500,8.47653076E+2,
668.100,8.72724365E+2,
668.2500,8.63406982E+2,
668.400,7.61710571E+2,
668.5500,7.80982239E+2,
668.700,8.06148499E+2,
668.8500,6.80266479E+2,
669.00,8.27703796E+2,
669.1500,8.29868835E+2,
669.300,7.55866638E+2,
669.4500,7.69595764E+2,
669.600,7.89282166E+2,
669.7500,8.68123779E+2,
669.900,8.05269287E+2,
670.0500,8.48929199E+2,
670.200,7.49948975E+2,
670.3500,6.86254150E+2,
670.500,7.35899963E+2,
670.6500,7.85801086E+2,
670.800,7.57773315E+2,
670.9500,7.17537659E+2,
671.100,6.77026917E+2,
671.2500,7.02938049E+2,
671.400,6.56077026E+2,
671.5500,7.24685730E+2,
671.700,5.86066650E+2,
671.8500,6.24236267E+2,
672.00,7.54618652E+2,
672.1500,6.82625122E+2,
672.300,7.08913879E+2,
672.4500,7.78580933E+2,
672.600,7.12309387E+2,
672.7500,6.20881531E+2,
672.900,7.59289490E+2,
673.0500,7.11210815E+2,
673.200,7.69237915E+2,
673.3500,6.70813232E+2,
673.500,7.73010864E+2,
673.6500,6.99305664E+2,
673.800,7.01019714E+2,
673.9500,6.39430115E+2,
674.100,7.29893555E+2,
674.2500,5.72673889E+2,
674.400,7.20854309E+2,
674.5500,6.45943298E+2,
674.700,6.73236511E+2,
674.8500,5.72102661E+2,
675.00,6.50895874E+2,
675.1500,6.39661194E+2,
675.300,8.48614746E+2,
675.4500,7.33911438E+2,
675.600,6.57677307E+2,
675.7500,6.26743225E+2,
675.900,5.43281006E+2,
676.0500,6.30014526E+2,
676.200,6.97476624E+2,
676.3500,6.20149475E+2,
676.500,6.28402161E+2,
676.6500,6.03534607E+2,
676.800,6.25079407E+2,
676.9500,6.80073181E+2,
677.100,6.61820618E+2,
677.2500,7.17199097E+2,
677.400,5.71250977E+2,
677.5500,6.46891052E+2,
677.700,5.87804260E+2,
677.8500,5.89368164E+2,
678.00,6.92823059E+2,
678.1500,6.26526794E+2,
678.300,6.14502747E+2,
678.4500,6.29796509E+2,
678.600,7.06937439E+2,
678.7500,5.09222382E+2,
678.900,5.51948975E+2,
679.0500,6.57139465E+2,
679.200,5.89472168E+2,
679.3500,6.11839722E+2,
679.500,5.15819763E+2,
679.6500,5.31119446E+2,
679.800,7.49677551E+2,
679.9500,7.51602722E+2,
680.100,5.29988953E+2,
680.2500,5.03109894E+2,
680.400,5.40030762E+2,
680.5500,4.20394684E+2,
680.700,5.78751831E+2,
680.8500,4.15564117E+2,
681.00,5.38858826E+2,
681.1500,4.82699371E+2,
681.300,4.55124878E+2,
681.4500,5.14325806E+2,
681.600,4.43098450E+2,
681.7500,6.04560608E+2,
681.900,5.77007568E+2,
682.0500,5.12670166E+2,
682.200,6.82961243E+2,
682.3500,6.77445496E+2,
682.500,5.90678162E+2,
682.6500,6.14489807E+2,
682.800,6.90390991E+2,
682.9500,7.14596375E+2,
683.100,5.59782959E+2,
683.2500,5.53802856E+2,
683.400,5.92811951E+2,
683.5500,6.77171448E+2,
683.700,6.18639954E+2,
683.8500,7.94295166E+2,
684.00,7.58510986E+2,
684.1500,8.13800110E+2,
684.300,7.70242310E+2,
684.4500,8.41148132E+2,
684.600,6.21067810E+2,
684.7500,7.68827820E+2,
684.900,5.24221008E+2,
685.0500,6.87972351E+2,
685.200,6.35580017E+2,
685.3500,6.99479248E+2,
685.500,4.67584656E+2,
685.6500,6.56396606E+2,
685.800,5.56318420E+2,
685.9500,6.44256531E+2,
686.100,8.19322205E+2,
686.2500,8.13643188E+2,
686.400,9.50505920E+2,
686.5500,9.68969238E+2,
686.700,7.40647644E+2,
686.8500,8.22516846E+2,
687.00,7.60695801E+2,
687.1500,7.94902100E+2,
687.300,7.08520081E+2,
687.4500,7.83130493E+2,
687.600,8.90529724E+2,
687.7500,8.11801941E+2,
687.900,6.75653442E+2,
688.0500,8.48934937E+2,
688.200,8.59461487E+2,
688.3500,7.63337646E+2,
688.500,7.32522888E+2,
688.6500,8.50094849E+2,
688.800,7.77959473E+2,
688.9500,8.79702637E+2,
689.100,7.15671448E+2,
689.2500,7.76025879E+2,
689.400,8.11604370E+2,
689.5500,7.71862244E+2,
689.700,8.16027710E+2,
689.8500,7.33895203E+2,
690.00,9.05067871E+2,
690.1500,6.19142395E+2,
690.300,7.56881531E+2,
690.4500,7.50399536E+2,
690.600,7.52428223E+2,
690.7500,7.20170044E+2,
690.900,7.22120667E+2,
691.0500,7.58560852E+2,
691.200,8.72998779E+2,
691.3500,7.80045105E+2,
691.500,7.56105347E+2,
691.6500,7.84319214E+2,
691.800,7.68989380E+2,
691.9500,8.06147766E+2,
692.100,8.43509705E+2,
692.2500,9.25128967E+2,
692.400,8.21658813E+2,
692.5500,9.12517822E+2,
692.700,9.50572815E+2,
692.8500,8.90839844E+2,
693.00,8.84369751E+2,
693.1500,1.01219519E+3,
693.300,7.99397766E+2,
693.4500,7.92582642E+2,
693.600,7.85725159E+2,
693.7500,8.51274597E+2,
693.900,9.26262207E+2,
694.0500,1.16556433E+3,
694.200,7.48748047E+2,
694.3500,9.33938171E+2,
694.500,9.45697571E+2,
694.6500,9.02276733E+2,
694.800,9.50932007E+2,
694.9500,7.86922180E+2,
695.100,9.74804871E+2,
695.2500,1.12651648E+3,
695.400,8.21599609E+2,
695.5500,1.06735266E+3,
695.700,1.01403839E+3,
695.8500,9.41583679E+2,
696.00,9.06482544E+2,
696.1500,1.15523694E+3,
696.300,1.06353638E+3,
696.4500,1.02845020E+3,
696.600,9.64509888E+2,
696.7500,1.07258142E+3,
696.900,1.17165735E+3,
697.0500,1.18457849E+3,
697.200,1.12025122E+3,
697.3500,1.00714038E+3,
697.500,1.00992767E+3,
697.6500,1.23669434E+3,
697.800,1.04482666E+3,
697.9500,1.03793494E+3,
698.100,1.12919031E+3,
698.2500,1.10279224E+3,
698.400,9.87378601E+2,
698.5500,1.09904309E+3,
698.700,1.03260693E+3,
698.8500,1.21470886E+3,
699.00,9.88460510E+2,
699.1500,1.13143958E+3,
699.300,9.53905945E+2,
699.4500,1.13786707E+3,
699.600,1.00982202E+3,
699.7500,9.72185242E+2,
699.900,9.85108643E+2,
700.0500,9.16601624E+2,
700.200,1.11320325E+3,
700.3500,1.05486169E+3,
700.500,8.21598816E+2,
700.6500,9.06286743E+2,
700.800,9.60459290E+2,
700.9500,8.07803772E+2,
701.100,8.72319397E+2,
701.2500,1.05169031E+3,
701.400,1.01276819E+3,
701.5500,9.42220337E+2,
701.700,8.08303406E+2,
701.8500,9.47327881E+2,
702.00,1.13987329E+3,
702.1500,1.10062817E+3,
702.300,1.03993884E+3,
702.4500,1.19172485E+3,
702.600,1.22696655E+3,
702.7500,1.20890198E+3,
702.900,1.28728027E+3,
703.0500,1.20477527E+3,
703.200,9.81661133E+2,
703.3500,1.24408752E+3,
703.500,1.10659106E+3,
703.6500,1.07710486E+3,
703.800,1.20019373E+3,
703.9500,1.26927209E+3,
704.100,1.41565076E+3,
704.2500,1.39783728E+3,
704.400,1.26951917E+3,
704.5500,1.39508508E+3,
704.700,1.52139514E+3,
704.8500,1.13609265E+3,
705.00,1.26236694E+3,
705.1500,1.26611707E+3,
705.300,1.33730640E+3,
705.4500,1.22857471E+3,
705.600,1.54877222E+3,
705.7500,1.41732800E+3,
705.900,1.39881665E+3,
706.0500,1.26609119E+3,
706.200,1.08676477E+3,
706.3500,1.25057312E+3,
706.500,1.42684338E+3,
706.6500,1.24638525E+3,
706.800,1.70145349E+3,
706.9500,1.24211890E+3,
707.100,1.36218909E+3,
707.2500,1.52965540E+3,
707.400,1.68638782E+3,
707.5500,1.31548486E+3,
707.700,1.69631201E+3,
707.8500,1.46501160E+3,
708.00,1.64706909E+3,
708.1500,1.39038635E+3,
708.300,1.71618848E+3,
708.4500,1.43429675E+3,
708.600,1.47441187E+3,
708.7500,1.64699207E+3,
708.900,1.32624182E+3,
709.0500,1.31794189E+3,
709.200,1.40646912E+3,
709.3500,1.39821252E+3,
709.500,1.20702051E+3,
709.6500,1.79722546E+3,
709.800,1.29956226E+3,
709.9500,1.40153528E+3,
710.100,1.35606531E+3,
710.2500,1.40920007E+3,
710.400,1.36345764E+3,
710.5500,1.40445825E+3,
710.700,1.22134937E+3,
710.8500,1.51210913E+3,
711.00,1.25309131E+3,
711.1500,1.23145007E+3,
711.300,1.23488062E+3,
711.4500,1.44050269E+3,
711.600,1.24178455E+3,
711.7500,1.25796179E+3,
711.900,1.33793591E+3,
712.0500,1.30336523E+3,
712.200,1.35833276E+3,
712.3500,1.38790271E+3,
712.500,1.19854541E+3,
712.6500,1.40875696E+3,
712.800,1.34797461E+3,
712.9500,1.00087335E+3,
713.100,1.40777405E+3,
713.2500,1.37249353E+3,
713.400,1.04863525E+3,
713.5500,1.48534375E+3,
713.700,1.21269519E+3,
713.8500,1.36149951E+3,
714.00,1.31230005E+3,
714.1500,1.32922375E+3,
714.300,1.27958826E+3,
714.4500,1.55045410E+3,
714.600,1.59496436E+3,
714.7500,1.19618481E+3,
714.900,1.17255554E+3,
715.0500,1.43264673E+3,
715.200,1.36898926E+3,
715.3500,1.25058508E+3,
715.500,1.19965442E+3,
715.6500,1.49021802E+3,
715.800,1.41224915E+3,
715.9500,1.26506812E+3,
716.100,1.44804724E+3,
716.2500,1.28632910E+3,
716.400,1.15139648E+3,
716.5500,1.41914111E+3,
716.700,1.20006274E+3,
716.8500,1.55349536E+3,
717.00,1.33350183E+3,
717.1500,1.36553796E+3,
717.300,1.31303979E+3,
717.4500,1.01951068E+3,
717.600,1.19290063E+3,
717.7500,1.36729883E+3,
717.900,1.02847485E+3,
718.0500,1.27500537E+3,
718.200,1.23556201E+3,
718.3500,1.18147681E+3,
718.500,1.06927588E+3,
718.6500,1.33319727E+3,
718.800,1.22077368E+3,
718.9500,1.29716931E+3,
719.100,1.18394592E+3,
719.2500,1.33390210E+3,
719.400,1.41120862E+3,
719.5500,1.10565479E+3,
719.700,1.34536243E+3,
719.8500,9.93375854E+2,
720.00,1.26386267E+3,
720.1500,1.05869788E+3,
720.300,1.06170911E+3,
720.4500,1.15470972E+3,
720.600,1.42870239E+3,
720.7500,1.19146887E+3,
720.900,8.77248840E+2,
721.0500,1.25893787E+3,
721.200,1.14078186E+3,
721.3500,1.17448755E+3,
721.500,1.11660156E+3,
721.6500,1.01236871E+3,
721.800,1.30747620E+3,
721.9500,1.43456165E+3,
722.100,1.05183228E+3,
722.2500,1.41146716E+3,
722.400,1.10428491E+3,
722.5500,1.20090198E+3,
722.700,1.11037695E+3,
722.8500,1.20753381E+3,
723.00,1.36812402E+3,
723.1500,1.07233044E+3,
723.300,1.29672437E+3,
723.4500,1.22106873E+3,
723.600,1.25629956E+3,
723.7500,1.27577515E+3,
723.900,9.11546326E+2,
724.0500,1.04243665E+3,
724.200,1.19021509E+3,
724.3500,7.09749756E+2,
724.500,9.86830750E+2,
724.6500,1.23307275E+3,
724.800,1.18784875E+3,
724.9500,9.62841858E+2,
725.100,1.35842542E+3,
725.2500,1.26385986E+3,
725.400,1.51442737E+3,
725.5500,1.38673425E+3,
725.700,1.24173779E+3,
725.8500,1.41137915E+3,
726.00,1.46543005E+3,
726.1500,1.15224707E+3,
726.300,1.38991895E+3,
726.4500,1.24267993E+3,
726.600,1.36404932E+3,
726.7500,1.13145862E+3,
726.900,1.01609802E+3,
727.0500,1.01893561E+3,
727.200,1.05579358E+3,
727.3500,1.07577368E+3,
727.500,1.04449060E+3,
727.6500,8.92840759E+2,
727.800,6.71478394E+2,
727.9500,8.63247620E+2,
728.100,7.09803833E+2,
728.2500,7.98541748E+2,
728.400,9.92205444E+2,
728.5500,9.60012756E+2,
728.700,1.26018909E+3,
728.8500,1.08814063E+3,
729.00,7.39152222E+2,
729.1500,7.94164551E+2,
729.300,7.25597717E+2,
729.4500,1.15356177E+3,
729.600,1.13900146E+3,
729.7500,1.03511902E+3,
729.900,7.87471619E+2,
730.0500,1.25633801E+3,
730.200,9.53944153E+2,
730.3500,9.20570740E+2,
730.500,8.50797791E+2,
730.6500,9.07698975E+2,
730.800,7.28242554E+2,
730.9500,8.58142944E+2,
731.100,9.33802124E+2,
731.2500,6.97718628E+2,
731.400,1.14156934E+3,
731.5500,1.32940674E+3,
731.700,1.01836633E+3,
731.8500,9.84089600E+2,
732.00,1.04271484E+3,
732.1500,8.40204834E+2,
732.300,1.10463977E+3,
732.4500,9.38719727E+2,
732.600,1.01661890E+3,
732.7500,1.00055304E+3,
732.900,9.27602356E+2,
733.0500,8.35272827E+2,
733.200,1.33260059E+3,
733.3500,1.14546240E+3,
733.500,1.07212817E+3,
733.6500,1.40156262E+3,
733.800,1.19374963E+3,
733.9500,1.44815869E+3,
734.100,1.66531799E+3,
734.2500,1.33997803E+3,
734.400,1.34384619E+3,
734.5500,1.73837476E+3,
734.700,2.23312305E+3,
734.8500,1.92526221E+3,
735.00,2.04905957E+3,
735.1500,1.89682910E+3,
735.300,2.37779761E+3,
735.4500,1.96728333E+3,
735.600,1.45476929E+3,
735.7500,1.43894727E+3,
735.900,1.52324243E+3,
736.0500,1.76874646E+3,
736.200,1.51161108E+3,
736.3500,1.41473132E+3,
736.500,1.68210266E+3,
736.6500,1.58514636E+3,
736.800,1.48764307E+3,
736.9500,1.06262915E+3,
737.100,1.41380176E+3,
737.2500,1.45860828E+3,
737.400,1.50364624E+3,
737.5500,1.71413110E+3,
737.700,1.94642688E+3,
737.8500,1.64014697E+3,
738.00,1.89427734E+3,
738.1500,1.71127820E+3,
738.300,2.30146606E+3,
738.4500,2.05562622E+3,
738.600,2.92307568E+3,
738.7500,2.61429785E+3,
738.900,3.00145190E+3,
739.0500,2.58536108E+3,
739.200,3.27203516E+3,
739.3500,3.40842798E+3,
739.500,3.46008813E+3,
739.6500,3.46917993E+3,
739.800,3.80036597E+3,
739.9500,3.22912476E+3,
740.100,3.28107837E+3,
740.2500,2.25115601E+3,
740.400,2.69150391E+3,
740.5500,2.15481738E+3,
740.700,1.54966211E+3,
740.8500,1.51019312E+3,
741.00,1.14128174E+3,
741.1500,1.32052380E+3,
741.300,1.01521747E+3,
741.4500,9.51650452E+2,
741.600,1.10965527E+3,
741.7500,9.12457397E+2,
741.900,9.37325623E+2,
742.0500,8.95163757E+2,
742.200,7.40516602E+2,
742.3500,7.20029907E+2,
742.500,8.12239380E+2,
742.6500,1.04069202E+3,
742.800,8.16677307E+2,
742.9500,7.50666321E+2,
743.100,5.47434448E+2,
743.2500,4.57447205E+2,
743.400,8.02732666E+2,
743.5500,8.27938721E+2,
743.700,7.61033569E+2,
743.8500,6.93755920E+2,
744.00,4.17402344E+2,
744.1500,5.11576691E+2,
744.300,4.66363586E+2,
744.4500,5.61195129E+2,
744.600,5.62760193E+2,
744.7500,9.17038818E+2,
744.900,6.13068848E+2,
745.0500,6.62060547E+2,
745.200,6.63869446E+2,
745.3500,5.94361816E+2,
745.500,3.33754059E+2,
745.6500,6.45434021E+2,
745.800,5.27352661E+2,
745.9500,7.69166321E+2,
746.100,9.64019287E+2,
746.2500,6.04092590E+2,
746.400,7.75269958E+2,
746.5500,7.04435425E+2,
746.700,1.09596582E+3,
746.8500,9.76758301E+2,
747.00,8.81400757E+2,
747.1500,9.08128296E+2,
747.300,8.36564636E+2,
747.4500,7.89308289E+2,
747.600,1.01381226E+3,
747.7500,4.46194550E+2,
747.900,8.94610046E+2,
748.0500,5.72976196E+2,
748.200,6.49315186E+2,
748.3500,5.00710327E+2,
748.500,5.77244507E+2,
748.6500,6.03837463E+2,
748.800,7.06226746E+2,
748.9500,6.32127258E+2,
749.100,4.56317230E+2,
749.2500,5.33789551E+2,
749.400,5.86187683E+2,
749.5500,6.38863159E+2,
749.700,4.86834900E+2,
749.8500,2.56915100E+2,
750.00,4.89447479E+2,
