Labels,32C_12_200K,
Type,Emission Scan,
Comment,,
Start,252.00,
Stop,750.00,
Step,0.150,
Fixed/Offset,248.400,
Xaxis,Wavelength,
Yaxis,Counts,
Scan Corr. by File,True,
Corr. by Ref. Det.,False,
Fixed/Offset Corr. by File,False,
Repeats,1,
Dwell Time,0.20,
Lamp,Xe,
Temp,27.450,
Scan Polariser,None,
Scan Slit,0.2520,
Fixed/Offset Polariser,None,
Fixed/Offset Slit,2.9970,
Detector,Red PMT,

252.00,4.39581719E+4,
252.1500,2.14959727E+4,
252.300,2.20806211E+4,
252.4500,1.81355313E+4,
252.600,2.13290254E+4,
252.7500,2.02247480E+4,
252.900,2.18265547E+4,
253.0500,1.88617090E+4,
253.200,1.93055449E+4,
253.3500,1.84186895E+4,
253.500,2.15244199E+4,
253.6500,1.99920273E+4,
253.800,1.82710020E+4,
253.9500,2.03856152E+4,
254.100,1.79984434E+4,
254.2500,1.88124629E+4,
254.400,1.85708359E+4,
254.5500,1.93470254E+4,
254.700,1.86769473E+4,
254.8500,1.90756738E+4,
255.00,1.87734180E+4,
255.1500,1.95290820E+4,
255.300,1.81325664E+4,
255.4500,2.02432305E+4,
255.600,1.96500527E+4,
255.7500,2.02124414E+4,
255.900,2.11908047E+4,
256.0500,2.25555469E+4,
256.200,2.07304473E+4,
256.3500,2.17424023E+4,
256.500,2.52185996E+4,
256.6500,2.31502695E+4,
256.800,2.54216973E+4,
256.9500,2.86715176E+4,
257.100,2.60803027E+4,
257.2500,2.82760410E+4,
257.400,3.03466582E+4,
257.5500,3.14683516E+4,
257.700,3.20427402E+4,
257.8500,3.50591094E+4,
258.00,3.49149258E+4,
258.1500,3.62593008E+4,
258.300,4.05780547E+4,
258.4500,4.22613359E+4,
258.600,4.44023945E+4,
258.7500,4.72087148E+4,
258.900,4.76310273E+4,
259.0500,5.33162227E+4,
259.200,5.21719102E+4,
259.3500,5.52385781E+4,
259.500,6.01666758E+4,
259.6500,5.92169258E+4,
259.800,6.34068828E+4,
259.9500,6.50760313E+4,
260.100,6.96897188E+4,
260.2500,6.99337500E+4,
260.400,7.65607891E+4,
260.5500,7.76580234E+4,
260.700,8.03898203E+4,
260.8500,8.75336094E+4,
261.00,8.55880469E+4,
261.1500,9.16989375E+4,
261.300,9.37262656E+4,
261.4500,9.71825625E+4,
261.600,9.97742813E+4,
261.7500,1.02466016E+5,
261.900,1.05287531E+5,
262.0500,1.05531664E+5,
262.200,1.14229953E+5,
262.3500,1.16772563E+5,
262.500,1.23865688E+5,
262.6500,1.20627344E+5,
262.800,1.26159414E+5,
262.9500,1.31267000E+5,
263.100,1.32511703E+5,
263.2500,1.32560031E+5,
263.400,1.38263641E+5,
263.5500,1.40241109E+5,
263.700,1.42923938E+5,
263.8500,1.46432188E+5,
264.00,1.54759047E+5,
264.1500,1.52226969E+5,
264.300,1.52451094E+5,
264.4500,1.62992813E+5,
264.600,1.62421531E+5,
264.7500,1.61964203E+5,
264.900,1.67099063E+5,
265.0500,1.72146688E+5,
265.200,1.68686359E+5,
265.3500,1.73146063E+5,
265.500,1.76534672E+5,
265.6500,1.80296672E+5,
265.800,1.83223688E+5,
265.9500,1.86055938E+5,
266.100,1.83720063E+5,
266.2500,1.87590984E+5,
266.400,1.95413281E+5,
266.5500,1.91741391E+5,
266.700,1.93543266E+5,
266.8500,1.96692922E+5,
267.00,1.97638875E+5,
267.1500,2.00493266E+5,
267.300,1.99055969E+5,
267.4500,1.99687984E+5,
267.600,2.05199328E+5,
267.7500,2.02272938E+5,
267.900,2.00195766E+5,
268.0500,2.08383422E+5,
268.200,2.11050266E+5,
268.3500,2.05244547E+5,
268.500,2.07544328E+5,
268.6500,2.04692656E+5,
268.800,2.08784000E+5,
268.9500,2.07621219E+5,
269.100,2.10552500E+5,
269.2500,2.08552875E+5,
269.400,2.14027203E+5,
269.5500,2.07926969E+5,
269.700,2.12346578E+5,
269.8500,2.10488938E+5,
270.00,2.08694625E+5,
270.1500,2.09744531E+5,
270.300,2.10958406E+5,
270.4500,2.15066156E+5,
270.600,2.14358844E+5,
270.7500,2.13180750E+5,
270.900,2.09183406E+5,
271.0500,2.16008828E+5,
271.200,2.11206234E+5,
271.3500,2.12908313E+5,
271.500,2.06222734E+5,
271.6500,2.16198125E+5,
271.800,2.09283719E+5,
271.9500,2.08501078E+5,
272.100,2.09077906E+5,
272.2500,2.13195672E+5,
272.400,2.08715578E+5,
272.5500,2.07996797E+5,
272.700,2.04539000E+5,
272.8500,2.05721578E+5,
273.00,2.04813391E+5,
273.1500,2.03861531E+5,
273.300,2.06618250E+5,
273.4500,2.05225953E+5,
273.600,2.00888484E+5,
273.7500,2.07697109E+5,
273.900,2.10251500E+5,
274.0500,2.09669094E+5,
274.200,2.07384578E+5,
274.3500,2.08460906E+5,
274.500,2.10504109E+5,
274.6500,2.08444891E+5,
274.800,2.09262375E+5,
274.9500,2.07380297E+5,
275.100,2.08821703E+5,
275.2500,2.10061500E+5,
275.400,2.08646453E+5,
275.5500,2.08538141E+5,
275.700,2.01987438E+5,
275.8500,2.06803172E+5,
276.00,2.05436609E+5,
276.1500,2.08805969E+5,
276.300,2.06182156E+5,
276.4500,2.09209906E+5,
276.600,2.13737906E+5,
276.7500,2.07613703E+5,
276.900,2.12533031E+5,
277.0500,2.09975188E+5,
277.200,2.12899844E+5,
277.3500,2.15632078E+5,
277.500,2.17077516E+5,
277.6500,2.11033453E+5,
277.800,2.16553781E+5,
277.9500,2.12928109E+5,
278.100,2.13144219E+5,
278.2500,2.16074453E+5,
278.400,2.10958797E+5,
278.5500,2.14855641E+5,
278.700,2.08265766E+5,
278.8500,2.10887266E+5,
279.00,2.13417781E+5,
279.1500,2.13084000E+5,
279.300,2.14663266E+5,
279.4500,2.11269688E+5,
279.600,2.09276734E+5,
279.7500,2.12069703E+5,
279.900,2.12698547E+5,
280.0500,2.12852969E+5,
280.200,2.15721188E+5,
280.3500,2.14612625E+5,
280.500,2.08378125E+5,
280.6500,2.07663531E+5,
280.800,2.07521203E+5,
280.9500,2.11980219E+5,
281.100,2.07239219E+5,
281.2500,2.07030094E+5,
281.400,2.08403531E+5,
281.5500,2.09576516E+5,
281.700,2.06018047E+5,
281.8500,2.09739266E+5,
282.00,2.04413578E+5,
282.1500,2.03936313E+5,
282.300,2.02530828E+5,
282.4500,2.01718828E+5,
282.600,2.02872828E+5,
282.7500,2.03586953E+5,
282.900,1.99714563E+5,
283.0500,1.98268719E+5,
283.200,1.99933094E+5,
283.3500,1.94131547E+5,
283.500,1.97453313E+5,
283.6500,1.94773797E+5,
283.800,1.90031313E+5,
283.9500,1.90575547E+5,
284.100,1.90826500E+5,
284.2500,1.88267859E+5,
284.400,1.91759703E+5,
284.5500,1.89079797E+5,
284.700,1.87313469E+5,
284.8500,1.89100203E+5,
285.00,1.87549438E+5,
285.1500,1.88854969E+5,
285.300,1.87773172E+5,
285.4500,1.86026688E+5,
285.600,1.81123141E+5,
285.7500,1.82561719E+5,
285.900,1.79713109E+5,
286.0500,1.75614844E+5,
286.200,1.75210500E+5,
286.3500,1.73045688E+5,
286.500,1.67282781E+5,
286.6500,1.69677438E+5,
286.800,1.66233234E+5,
286.9500,1.66163797E+5,
287.100,1.61738797E+5,
287.2500,1.62221516E+5,
287.400,1.59347469E+5,
287.5500,1.63260563E+5,
287.700,1.54753234E+5,
287.8500,1.55931734E+5,
288.00,1.55447359E+5,
288.1500,1.55457047E+5,
288.300,1.51411172E+5,
288.4500,1.50013891E+5,
288.600,1.48123141E+5,
288.7500,1.45810219E+5,
288.900,1.46355406E+5,
289.0500,1.41882203E+5,
289.200,1.41689016E+5,
289.3500,1.39300531E+5,
289.500,1.38588297E+5,
289.6500,1.39497438E+5,
289.800,1.34639438E+5,
289.9500,1.36014438E+5,
290.100,1.31184563E+5,
290.2500,1.32180609E+5,
290.400,1.33693469E+5,
290.5500,1.29524539E+5,
290.700,1.28029234E+5,
290.8500,1.27606000E+5,
291.00,1.25293656E+5,
291.1500,1.25337000E+5,
291.300,1.21858164E+5,
291.4500,1.24596289E+5,
291.600,1.23184023E+5,
291.7500,1.22891492E+5,
291.900,1.16905453E+5,
292.0500,1.16329633E+5,
292.200,1.17586477E+5,
292.3500,1.13195813E+5,
292.500,1.14303266E+5,
292.6500,1.14431203E+5,
292.800,1.11459625E+5,
292.9500,1.10731664E+5,
293.100,1.07923648E+5,
293.2500,1.08143344E+5,
293.400,1.06208547E+5,
293.5500,1.02061570E+5,
293.700,1.04903945E+5,
293.8500,1.02004984E+5,
294.00,1.00622031E+5,
294.1500,9.97289609E+4,
294.300,1.00346953E+5,
294.4500,1.00445891E+5,
294.600,9.93777891E+4,
294.7500,9.68937891E+4,
294.900,9.54961641E+4,
295.0500,9.55611328E+4,
295.200,9.61692344E+4,
295.3500,9.46818516E+4,
295.500,9.65968906E+4,
295.6500,9.59828438E+4,
295.800,9.35913281E+4,
295.9500,9.25188359E+4,
296.100,9.10106406E+4,
296.2500,8.96619688E+4,
296.400,8.92171953E+4,
296.5500,9.02543125E+4,
296.700,8.93724844E+4,
296.8500,8.82331641E+4,
297.00,8.75835938E+4,
297.1500,8.72358438E+4,
297.300,8.68169063E+4,
297.4500,8.90949766E+4,
297.600,8.95978594E+4,
297.7500,8.63054219E+4,
297.900,8.65975000E+4,
298.0500,8.69376953E+4,
298.200,8.62011250E+4,
298.3500,8.72009609E+4,
298.500,8.91046797E+4,
298.6500,8.68141094E+4,
298.800,8.78122344E+4,
298.9500,8.98738828E+4,
299.100,8.58278281E+4,
299.2500,8.62363438E+4,
299.400,8.78062031E+4,
299.5500,8.72995469E+4,
299.700,8.78682109E+4,
299.8500,8.64331953E+4,
300.00,8.65169063E+4,
300.1500,8.66160703E+4,
300.300,8.58700625E+4,
300.4500,8.78634609E+4,
300.600,8.54238516E+4,
300.7500,8.51989375E+4,
300.900,8.67988359E+4,
301.0500,8.68745859E+4,
301.200,8.74502109E+4,
301.3500,8.82937109E+4,
301.500,8.75837969E+4,
301.6500,8.96459688E+4,
301.800,8.71491016E+4,
301.9500,8.68413047E+4,
302.100,8.85993047E+4,
302.2500,9.04856484E+4,
302.400,8.83358047E+4,
302.5500,8.96475703E+4,
302.700,9.10485781E+4,
302.8500,9.29292891E+4,
303.00,9.10109375E+4,
303.1500,9.04100703E+4,
303.300,9.04839219E+4,
303.4500,9.30717344E+4,
303.600,8.87186406E+4,
303.7500,9.05545156E+4,
303.900,9.15755781E+4,
304.0500,9.21267813E+4,
304.200,8.94000156E+4,
304.3500,9.19816328E+4,
304.500,9.01835703E+4,
304.6500,9.19449766E+4,
304.800,9.10299766E+4,
304.9500,9.13553906E+4,
305.100,9.11372734E+4,
305.2500,9.11480859E+4,
305.400,9.14280000E+4,
305.5500,9.33800469E+4,
305.700,9.32388672E+4,
305.8500,9.35129688E+4,
306.00,9.19908906E+4,
306.1500,9.15756953E+4,
306.300,9.31509766E+4,
306.4500,9.30652500E+4,
306.600,9.24303047E+4,
306.7500,9.48566953E+4,
306.900,9.49456172E+4,
307.0500,9.26305547E+4,
307.200,9.28669766E+4,
307.3500,9.25999453E+4,
307.500,9.19421953E+4,
307.6500,9.15461875E+4,
307.800,9.44219297E+4,
307.9500,9.48109219E+4,
308.100,9.38109609E+4,
308.2500,9.38298359E+4,
308.400,9.10918047E+4,
308.5500,9.28741563E+4,
308.700,9.35181094E+4,
308.8500,9.20835703E+4,
309.00,9.24722969E+4,
309.1500,9.21367969E+4,
309.300,9.35076797E+4,
309.4500,9.21470234E+4,
309.600,9.05201953E+4,
309.7500,9.14677891E+4,
309.900,9.05013672E+4,
310.0500,8.94917266E+4,
310.200,9.09909531E+4,
310.3500,8.96818281E+4,
310.500,9.43360625E+4,
310.6500,9.09093203E+4,
310.800,9.06508750E+4,
310.9500,9.14080859E+4,
311.100,9.03090781E+4,
311.2500,8.84001016E+4,
311.400,9.10826406E+4,
311.5500,9.01351875E+4,
311.700,8.98237188E+4,
311.8500,9.00178750E+4,
312.00,8.91049219E+4,
312.1500,8.78395859E+4,
312.300,8.74478828E+4,
312.4500,8.77783203E+4,
312.600,8.77714688E+4,
312.7500,8.58752422E+4,
312.900,8.76215781E+4,
313.0500,8.54703203E+4,
313.200,8.51864531E+4,
313.3500,8.83205234E+4,
313.500,8.66616016E+4,
313.6500,8.56436875E+4,
313.800,8.59473125E+4,
313.9500,8.68082578E+4,
314.100,8.60836641E+4,
314.2500,8.57409297E+4,
314.400,8.63286563E+4,
314.5500,8.56695469E+4,
314.700,8.49298203E+4,
314.8500,8.38343828E+4,
315.00,8.48180547E+4,
315.1500,8.47730469E+4,
315.300,8.60197578E+4,
315.4500,8.37814766E+4,
315.600,8.32094453E+4,
315.7500,8.33966250E+4,
315.900,8.21209844E+4,
316.0500,8.33918516E+4,
316.200,8.00711484E+4,
316.3500,8.01694063E+4,
316.500,8.21207422E+4,
316.6500,8.19899453E+4,
316.800,8.08981797E+4,
316.9500,7.97462266E+4,
317.100,8.06728828E+4,
317.2500,8.09788359E+4,
317.400,7.96410313E+4,
317.5500,8.05273906E+4,
317.700,7.98906875E+4,
317.8500,7.79861328E+4,
318.00,7.99515703E+4,
318.1500,7.88944453E+4,
318.300,7.96481094E+4,
318.4500,7.93737109E+4,
318.600,7.95866172E+4,
318.7500,7.92785391E+4,
318.900,7.76201953E+4,
319.0500,7.74711953E+4,
319.200,7.88257031E+4,
319.3500,7.87601016E+4,
319.500,7.80559453E+4,
319.6500,7.65205859E+4,
319.800,7.63258828E+4,
319.9500,7.67812422E+4,
320.100,7.66338047E+4,
320.2500,7.64564375E+4,
320.400,7.80667422E+4,
320.5500,7.56718359E+4,
320.700,7.60217734E+4,
320.8500,7.51820938E+4,
321.00,7.51357813E+4,
321.1500,7.42207344E+4,
321.300,7.27824375E+4,
321.4500,7.36758594E+4,
321.600,7.10454531E+4,
321.7500,7.26924063E+4,
321.900,7.35937188E+4,
322.0500,7.02718672E+4,
322.200,7.04720625E+4,
322.3500,7.09760859E+4,
322.500,7.03393828E+4,
322.6500,6.95694609E+4,
322.800,7.05089922E+4,
322.9500,7.18767344E+4,
323.100,6.83619219E+4,
323.2500,6.91351250E+4,
323.400,7.10805234E+4,
323.5500,7.09131172E+4,
323.700,7.00152734E+4,
323.8500,6.76751641E+4,
324.00,6.77659766E+4,
324.1500,6.92322109E+4,
324.300,6.78466172E+4,
324.4500,6.59934531E+4,
324.600,6.67860156E+4,
324.7500,6.49355586E+4,
324.900,6.63735469E+4,
325.0500,6.46530859E+4,
325.200,6.37611836E+4,
325.3500,6.30835391E+4,
325.500,6.20801250E+4,
325.6500,6.11037461E+4,
325.800,6.30777344E+4,
325.9500,6.22240352E+4,
326.100,6.18368203E+4,
326.2500,6.05281992E+4,
326.400,6.06454961E+4,
326.5500,5.95812539E+4,
326.700,5.99469023E+4,
326.8500,5.98688789E+4,
327.00,5.98617969E+4,
327.1500,5.91349258E+4,
327.300,5.85966875E+4,
327.4500,5.76630273E+4,
327.600,5.63920469E+4,
327.7500,5.72518906E+4,
327.900,5.66209258E+4,
328.0500,5.49303086E+4,
328.200,5.45697344E+4,
328.3500,5.52702852E+4,
328.500,5.44010430E+4,
328.6500,5.34325508E+4,
328.800,5.39990352E+4,
328.9500,5.34020195E+4,
329.100,5.46861953E+4,
329.2500,5.13992891E+4,
329.400,5.17324141E+4,
329.5500,5.25697852E+4,
329.700,5.16116641E+4,
329.8500,4.97137695E+4,
330.00,4.97518281E+4,
330.1500,4.95579727E+4,
330.300,4.89670195E+4,
330.4500,4.97255000E+4,
330.600,4.83970234E+4,
330.7500,4.82092852E+4,
330.900,4.68517188E+4,
331.0500,4.68639453E+4,
331.200,4.64507852E+4,
331.3500,4.59856094E+4,
331.500,4.57125234E+4,
331.6500,4.50836484E+4,
331.800,4.56122305E+4,
331.9500,4.49744805E+4,
332.100,4.39831016E+4,
332.2500,4.41901719E+4,
332.400,4.28838281E+4,
332.5500,4.32768320E+4,
332.700,4.23595820E+4,
332.8500,4.17099023E+4,
333.00,4.11247188E+4,
333.1500,4.06249375E+4,
333.300,3.92875352E+4,
333.4500,3.89374883E+4,
333.600,3.90134648E+4,
333.7500,3.80333711E+4,
333.900,3.87886797E+4,
334.0500,3.86028008E+4,
334.200,3.75081680E+4,
334.3500,3.69721328E+4,
334.500,3.57843555E+4,
334.6500,3.68440273E+4,
334.800,3.56703164E+4,
334.9500,3.61442422E+4,
335.100,3.64420625E+4,
335.2500,3.44025391E+4,
335.400,3.49671992E+4,
335.5500,3.38492383E+4,
335.700,3.41425430E+4,
335.8500,3.38785859E+4,
336.00,3.34908008E+4,
336.1500,3.33001641E+4,
336.300,3.21539004E+4,
336.4500,3.14967539E+4,
336.600,3.10589121E+4,
336.7500,3.10095898E+4,
336.900,3.04902773E+4,
337.0500,2.98811660E+4,
337.200,3.03906484E+4,
337.3500,2.97076563E+4,
337.500,3.00928809E+4,
337.6500,2.94983926E+4,
337.800,2.92852031E+4,
337.9500,2.81274473E+4,
338.100,2.78132051E+4,
338.2500,2.74186934E+4,
338.400,2.75592012E+4,
338.5500,2.74637480E+4,
338.700,2.72120352E+4,
338.8500,2.67139316E+4,
339.00,2.60683535E+4,
339.1500,2.63000430E+4,
339.300,2.59228906E+4,
339.4500,2.54054160E+4,
339.600,2.50831816E+4,
339.7500,2.48392930E+4,
339.900,2.43561816E+4,
340.0500,2.42194863E+4,
340.200,2.40659746E+4,
340.3500,2.33502676E+4,
340.500,2.39636660E+4,
340.6500,2.37512480E+4,
340.800,2.31071973E+4,
340.9500,2.29604863E+4,
341.100,2.22590039E+4,
341.2500,2.28273066E+4,
341.400,2.22295586E+4,
341.5500,2.19526563E+4,
341.700,2.14372617E+4,
341.8500,2.18835801E+4,
342.00,2.16151973E+4,
342.1500,2.12693203E+4,
342.300,2.05116680E+4,
342.4500,2.05264609E+4,
342.600,2.02555996E+4,
342.7500,1.99429629E+4,
342.900,1.99371680E+4,
343.0500,1.94069023E+4,
343.200,1.91708809E+4,
343.3500,1.91907305E+4,
343.500,1.86290566E+4,
343.6500,1.84746055E+4,
343.800,1.80826465E+4,
343.9500,1.86395234E+4,
344.100,1.83188184E+4,
344.2500,1.80374766E+4,
344.400,1.76320254E+4,
344.5500,1.75172559E+4,
344.700,1.77920391E+4,
344.8500,1.70371992E+4,
345.00,1.76396621E+4,
345.1500,1.70440664E+4,
345.300,1.63868477E+4,
345.4500,1.64982734E+4,
345.600,1.62931836E+4,
345.7500,1.58236914E+4,
345.900,1.54583926E+4,
346.0500,1.56047432E+4,
346.200,1.57950547E+4,
346.3500,1.51564189E+4,
346.500,1.52719121E+4,
346.6500,1.50109316E+4,
346.800,1.45596816E+4,
346.9500,1.41850049E+4,
347.100,1.42275127E+4,
347.2500,1.37025078E+4,
347.400,1.39127529E+4,
347.5500,1.37071807E+4,
347.700,1.37641680E+4,
347.8500,1.32879814E+4,
348.00,1.30799961E+4,
348.1500,1.29795469E+4,
348.300,1.28878896E+4,
348.4500,1.28132822E+4,
348.600,1.29463848E+4,
348.7500,1.30565908E+4,
348.900,1.26931201E+4,
349.0500,1.25340439E+4,
349.200,1.24377900E+4,
349.3500,1.18948857E+4,
349.500,1.19585088E+4,
349.6500,1.18888525E+4,
349.800,1.18438232E+4,
349.9500,1.14998115E+4,
350.100,1.15802910E+4,
350.2500,1.11690361E+4,
350.400,1.14704902E+4,
350.5500,1.10406572E+4,
350.700,1.10379541E+4,
350.8500,1.09240908E+4,
351.00,1.10402490E+4,
351.1500,1.09489883E+4,
351.300,1.08425029E+4,
351.4500,1.04494033E+4,
351.600,1.04855986E+4,
351.7500,1.05629746E+4,
351.900,1.04122178E+4,
352.0500,1.01593398E+4,
352.200,1.02446855E+4,
352.3500,1.00887080E+4,
352.500,9.77795703E+3,
352.6500,9.77696387E+3,
352.800,9.99143555E+3,
352.9500,9.65087402E+3,
353.100,9.62210840E+3,
353.2500,9.52552832E+3,
353.400,9.03899805E+3,
353.5500,9.48370313E+3,
353.700,8.75160352E+3,
353.8500,9.01821387E+3,
354.00,9.11006250E+3,
354.1500,8.94185645E+3,
354.300,8.59305469E+3,
354.4500,8.80914453E+3,
354.600,8.60680469E+3,
354.7500,8.53938770E+3,
354.900,8.58618066E+3,
355.0500,8.51675977E+3,
355.200,8.48632324E+3,
355.3500,8.64067969E+3,
355.500,8.14856885E+3,
355.6500,8.19567285E+3,
355.800,7.97643359E+3,
355.9500,7.75856494E+3,
356.100,7.92921338E+3,
356.2500,8.17877930E+3,
356.400,7.96724902E+3,
356.5500,7.74065674E+3,
356.700,7.56436523E+3,
356.8500,7.53075977E+3,
357.00,7.30756201E+3,
357.1500,7.27235791E+3,
357.300,7.38215820E+3,
357.4500,7.23224219E+3,
357.600,7.22257471E+3,
357.7500,7.03760010E+3,
357.900,7.02170117E+3,
358.0500,7.14827148E+3,
358.200,7.15654736E+3,
358.3500,6.83210205E+3,
358.500,6.95996973E+3,
358.6500,6.85473828E+3,
358.800,6.71897656E+3,
358.9500,6.67055469E+3,
359.100,6.74168311E+3,
359.2500,6.74832324E+3,
359.400,6.37923145E+3,
359.5500,6.52484326E+3,
359.700,6.36828418E+3,
359.8500,6.23662500E+3,
360.00,6.24020508E+3,
360.1500,6.38580908E+3,
360.300,6.36239355E+3,
360.4500,6.26180469E+3,
360.600,5.96500293E+3,
360.7500,6.18403613E+3,
360.900,6.20178809E+3,
361.0500,6.06883301E+3,
361.200,6.15389404E+3,
361.3500,5.81333252E+3,
361.500,5.88810889E+3,
361.6500,6.02294189E+3,
361.800,5.74441943E+3,
361.9500,5.71266943E+3,
362.100,5.65156396E+3,
362.2500,5.52746484E+3,
362.400,5.62882910E+3,
362.5500,5.70933008E+3,
362.700,5.63133691E+3,
362.8500,5.49625488E+3,
363.00,5.60554688E+3,
363.1500,5.50216406E+3,
363.300,5.61158691E+3,
363.4500,5.58211133E+3,
363.600,5.43883496E+3,
363.7500,5.26968115E+3,
363.900,5.26549854E+3,
364.0500,5.25474365E+3,
364.200,5.44109863E+3,
364.3500,5.25954834E+3,
364.500,5.34871094E+3,
364.6500,5.39743066E+3,
364.800,5.23930811E+3,
364.9500,5.35436182E+3,
365.100,5.21785986E+3,
365.2500,5.34885596E+3,
365.400,5.09899512E+3,
365.5500,5.05896094E+3,
365.700,5.06283154E+3,
365.8500,5.18558789E+3,
366.00,5.20125342E+3,
366.1500,5.26246631E+3,
366.300,5.39245410E+3,
366.4500,5.16440381E+3,
366.600,5.02751514E+3,
366.7500,5.24953418E+3,
366.900,5.06625684E+3,
367.0500,5.25060254E+3,
367.200,5.14042969E+3,
367.3500,5.22906592E+3,
367.500,4.97580664E+3,
367.6500,5.09947705E+3,
367.800,4.80097412E+3,
367.9500,5.05026270E+3,
368.100,5.07188916E+3,
368.2500,5.17566357E+3,
368.400,4.91989600E+3,
368.5500,5.09469775E+3,
368.700,5.21917871E+3,
368.8500,5.11596191E+3,
369.00,5.06279102E+3,
369.1500,5.15790430E+3,
369.300,5.16537842E+3,
369.4500,4.89828027E+3,
369.600,4.74018945E+3,
369.7500,4.94121387E+3,
369.900,4.84789746E+3,
370.0500,4.95011670E+3,
370.200,4.72918506E+3,
370.3500,5.13376758E+3,
370.500,4.78863379E+3,
370.6500,5.05750879E+3,
370.800,4.86654102E+3,
370.9500,5.01382568E+3,
371.100,5.02153320E+3,
371.2500,5.12880371E+3,
371.400,5.13074902E+3,
371.5500,5.16586621E+3,
371.700,5.19360547E+3,
371.8500,5.44826807E+3,
372.00,5.32210498E+3,
372.1500,5.29616895E+3,
372.300,5.36138086E+3,
372.4500,5.42098242E+3,
372.600,5.27397852E+3,
372.7500,5.28311621E+3,
372.900,5.14621094E+3,
373.0500,5.27093018E+3,
373.200,5.21729443E+3,
373.3500,5.00259717E+3,
373.500,4.93557715E+3,
373.6500,4.97428467E+3,
373.800,4.78474805E+3,
373.9500,4.74013867E+3,
374.100,4.88691309E+3,
374.2500,4.86803906E+3,
374.400,4.70077881E+3,
374.5500,4.83079639E+3,
374.700,4.91458740E+3,
374.8500,4.81881787E+3,
375.00,4.82001221E+3,
375.1500,4.53976416E+3,
375.300,4.50715576E+3,
375.4500,4.60726172E+3,
375.600,4.50699072E+3,
375.7500,4.75092236E+3,
375.900,4.59898242E+3,
376.0500,4.49960645E+3,
376.200,4.65429443E+3,
376.3500,4.42796729E+3,
376.500,4.49643506E+3,
376.6500,4.43781836E+3,
376.800,4.66189355E+3,
376.9500,4.72461768E+3,
377.100,4.57107080E+3,
377.2500,4.73321582E+3,
377.400,4.70288086E+3,
377.5500,4.59130811E+3,
377.700,4.72570117E+3,
377.8500,4.51488428E+3,
378.00,4.66259229E+3,
378.1500,4.45972510E+3,
378.300,4.69492480E+3,
378.4500,4.54315820E+3,
378.600,4.54955908E+3,
378.7500,4.42539941E+3,
378.900,4.43542432E+3,
379.0500,4.58054932E+3,
379.200,4.52333203E+3,
379.3500,4.47301367E+3,
379.500,4.50764795E+3,
379.6500,4.35643408E+3,
379.800,4.50223877E+3,
379.9500,4.28709766E+3,
380.100,4.39555664E+3,
380.2500,4.53463428E+3,
380.400,4.51368359E+3,
380.5500,4.46329980E+3,
380.700,4.45087109E+3,
380.8500,4.51386182E+3,
381.00,4.46392334E+3,
381.1500,4.62471387E+3,
381.300,4.28675146E+3,
381.4500,4.37428516E+3,
381.600,4.49561133E+3,
381.7500,4.50323730E+3,
381.900,4.36549658E+3,
382.0500,4.46023975E+3,
382.200,4.49288916E+3,
382.3500,4.37613477E+3,
382.500,4.42340088E+3,
382.6500,4.52813330E+3,
382.800,4.58303760E+3,
382.9500,4.41793945E+3,
383.100,4.45867725E+3,
383.2500,4.45965137E+3,
383.400,4.43059570E+3,
383.5500,4.53610840E+3,
383.700,4.48348340E+3,
383.8500,4.41852148E+3,
384.00,4.27838965E+3,
384.1500,4.43029248E+3,
384.300,4.17285986E+3,
384.4500,4.34797119E+3,
384.600,4.14484424E+3,
384.7500,3.98925903E+3,
384.900,4.13594482E+3,
385.0500,4.16700879E+3,
385.200,3.95115576E+3,
385.3500,4.03301807E+3,
385.500,3.96960034E+3,
385.6500,3.92496997E+3,
385.800,3.97585547E+3,
385.9500,3.86554370E+3,
386.100,3.76788501E+3,
386.2500,3.92734644E+3,
386.400,3.78578540E+3,
386.5500,3.91123853E+3,
386.700,3.84176855E+3,
386.8500,3.99104590E+3,
387.00,3.99447778E+3,
387.1500,4.00714648E+3,
387.300,3.88402002E+3,
387.4500,3.83668799E+3,
387.600,4.07830029E+3,
387.7500,4.13449512E+3,
387.900,3.94775562E+3,
388.0500,3.99786572E+3,
388.200,3.92790918E+3,
388.3500,3.95367432E+3,
388.500,3.92433936E+3,
388.6500,3.99766724E+3,
388.800,3.95215405E+3,
388.9500,3.86539941E+3,
389.100,3.91134717E+3,
389.2500,4.00994312E+3,
389.400,3.87417944E+3,
389.5500,3.96964697E+3,
389.700,3.85511914E+3,
389.8500,4.00746094E+3,
390.00,3.87733374E+3,
390.1500,3.91254126E+3,
390.300,3.78755444E+3,
390.4500,3.89846118E+3,
390.600,3.87413623E+3,
390.7500,3.83691797E+3,
390.900,3.97188086E+3,
391.0500,3.96676685E+3,
391.200,3.99977246E+3,
391.3500,3.81260376E+3,
391.500,3.94495557E+3,
391.6500,3.93064429E+3,
391.800,3.91928027E+3,
391.9500,3.86650977E+3,
392.100,3.97863818E+3,
392.2500,4.05792505E+3,
392.400,3.98599756E+3,
392.5500,4.12351807E+3,
392.700,4.00342480E+3,
392.8500,4.06967456E+3,
393.00,3.93156763E+3,
393.1500,4.17055664E+3,
393.300,3.94507495E+3,
393.4500,4.00834448E+3,
393.600,4.14055225E+3,
393.7500,3.77690186E+3,
393.900,3.95835132E+3,
394.0500,3.87927393E+3,
394.200,3.96228833E+3,
394.3500,4.02549219E+3,
394.500,3.98939380E+3,
394.6500,3.84194751E+3,
394.800,3.93859009E+3,
394.9500,3.88629395E+3,
395.100,3.97570532E+3,
395.2500,3.96377026E+3,
395.400,3.99064063E+3,
395.5500,3.93464014E+3,
395.700,3.80167212E+3,
395.8500,4.06002832E+3,
396.00,3.88202490E+3,
396.1500,3.95590991E+3,
396.300,3.88575757E+3,
396.4500,3.90615112E+3,
396.600,3.92789722E+3,
396.7500,3.93734570E+3,
396.900,3.94544849E+3,
397.0500,3.86798438E+3,
397.200,3.82090991E+3,
397.3500,3.83099048E+3,
397.500,3.79635547E+3,
397.6500,3.67250244E+3,
397.800,3.71122925E+3,
397.9500,3.70263379E+3,
398.100,3.58122632E+3,
398.2500,3.61123193E+3,
398.400,3.60620728E+3,
398.5500,3.59449561E+3,
398.700,3.61642065E+3,
398.8500,3.73361646E+3,
399.00,3.64279297E+3,
399.1500,3.53252954E+3,
399.300,3.59647656E+3,
399.4500,3.58945898E+3,
399.600,3.63592651E+3,
399.7500,3.54481958E+3,
399.900,3.52192188E+3,
400.0500,3.14388672E+3,
400.200,3.32680322E+3,
400.3500,3.38123828E+3,
400.500,3.30326001E+3,
400.6500,3.23804639E+3,
400.800,3.24442676E+3,
400.9500,3.21369336E+3,
401.100,3.12176636E+3,
401.2500,3.30490259E+3,
401.400,3.19494458E+3,
401.5500,3.19605737E+3,
401.700,3.26167017E+3,
401.8500,3.21371069E+3,
402.00,3.26692749E+3,
402.1500,3.19655957E+3,
402.300,3.08827881E+3,
402.4500,3.16165430E+3,
402.600,3.33832617E+3,
402.7500,3.16658350E+3,
402.900,3.18805420E+3,
403.0500,3.17764282E+3,
403.200,3.23986450E+3,
403.3500,3.19767798E+3,
403.500,3.17223877E+3,
403.6500,3.26747046E+3,
403.800,3.04790552E+3,
403.9500,3.09951807E+3,
404.100,3.18712085E+3,
404.2500,3.10064038E+3,
404.400,3.10275659E+3,
404.5500,3.09891211E+3,
404.700,3.21460742E+3,
404.8500,2.99137524E+3,
405.00,3.01607642E+3,
405.1500,2.97397168E+3,
405.300,2.97064282E+3,
405.4500,3.05051416E+3,
405.600,3.03677246E+3,
405.7500,2.99789258E+3,
405.900,2.94727905E+3,
406.0500,3.04611035E+3,
406.200,2.86108105E+3,
406.3500,2.93911157E+3,
406.500,2.96983276E+3,
406.6500,2.76200122E+3,
406.800,2.87377954E+3,
406.9500,2.69738647E+3,
407.100,2.83086670E+3,
407.2500,2.89068286E+3,
407.400,2.76150464E+3,
407.5500,2.66773926E+3,
407.700,2.76412817E+3,
407.8500,2.75525366E+3,
408.00,2.69539844E+3,
408.1500,2.76390479E+3,
408.300,2.80901245E+3,
408.4500,2.72035425E+3,
408.600,2.65803052E+3,
408.7500,2.69881787E+3,
408.900,2.67869604E+3,
409.0500,2.60953223E+3,
409.200,2.54217212E+3,
409.3500,2.72489624E+3,
409.500,2.64748120E+3,
409.6500,2.55290771E+3,
409.800,2.62567700E+3,
409.9500,2.52987305E+3,
410.100,2.49468091E+3,
410.2500,2.67662939E+3,
410.400,2.47479590E+3,
410.5500,2.52876367E+3,
410.700,2.57118701E+3,
410.8500,2.54334692E+3,
411.00,2.48263501E+3,
411.1500,2.45481592E+3,
411.300,2.35415918E+3,
411.4500,2.49218970E+3,
411.600,2.58291797E+3,
411.7500,2.49100171E+3,
411.900,2.53459668E+3,
412.0500,2.43292114E+3,
412.200,2.55615381E+3,
412.3500,2.48164063E+3,
412.500,2.35755151E+3,
412.6500,2.42241016E+3,
412.800,2.43613257E+3,
412.9500,2.47393433E+3,
413.100,2.42807935E+3,
413.2500,2.43178369E+3,
413.400,2.39591797E+3,
413.5500,2.42509204E+3,
413.700,2.18891113E+3,
413.8500,2.33527368E+3,
414.00,2.45605688E+3,
414.1500,2.39501514E+3,
414.300,2.31438281E+3,
414.4500,2.26903296E+3,
414.600,2.27152710E+3,
414.7500,2.21928418E+3,
414.900,2.24427783E+3,
415.0500,2.34638354E+3,
415.200,2.30558228E+3,
415.3500,2.25924780E+3,
415.500,2.29691650E+3,
415.6500,2.30379102E+3,
415.800,2.26037451E+3,
415.9500,2.29520679E+3,
416.100,2.23792065E+3,
416.2500,2.28668774E+3,
416.400,2.22114063E+3,
416.5500,2.25873462E+3,
416.700,2.37005200E+3,
416.8500,2.27956982E+3,
417.00,2.32681689E+3,
417.1500,2.33785059E+3,
417.300,2.33777490E+3,
417.4500,2.34880811E+3,
417.600,2.38479492E+3,
417.7500,2.33206543E+3,
417.900,2.38050122E+3,
418.0500,2.20885205E+3,
418.200,2.38601172E+3,
418.3500,2.35561670E+3,
418.500,2.34184521E+3,
418.6500,2.47584814E+3,
418.800,2.44410205E+3,
418.9500,2.54619238E+3,
419.100,2.62472485E+3,
419.2500,2.71005811E+3,
419.400,2.67000024E+3,
419.5500,2.67403589E+3,
419.700,2.75510449E+3,
419.8500,2.50478198E+3,
420.00,2.44709912E+3,
420.1500,2.65439307E+3,
420.300,2.58560229E+3,
420.4500,2.53198975E+3,
420.600,2.63198047E+3,
420.7500,2.55102124E+3,
420.900,2.53862769E+3,
421.0500,2.62616211E+3,
421.200,2.61650879E+3,
421.3500,2.45923999E+3,
421.500,2.61912354E+3,
421.6500,2.57674609E+3,
421.800,2.62722949E+3,
421.9500,2.53989722E+3,
422.100,2.72550952E+3,
422.2500,2.55125830E+3,
422.400,2.51202783E+3,
422.5500,2.68253857E+3,
422.700,2.59293872E+3,
422.8500,2.68845679E+3,
423.00,2.75806274E+3,
423.1500,2.54779858E+3,
423.300,2.70191748E+3,
423.4500,2.58964185E+3,
423.600,2.64858301E+3,
423.7500,2.57849951E+3,
423.900,2.62520117E+3,
424.0500,2.57282178E+3,
424.200,2.70768896E+3,
424.3500,2.59837378E+3,
424.500,2.66266309E+3,
424.6500,2.68219385E+3,
424.800,2.49983423E+3,
424.9500,2.57765601E+3,
425.100,2.54972949E+3,
425.2500,2.65173169E+3,
425.400,2.64271191E+3,
425.5500,2.60123877E+3,
425.700,2.48001660E+3,
425.8500,2.66303516E+3,
426.00,2.66755957E+3,
426.1500,2.55849023E+3,
426.300,2.62775317E+3,
426.4500,2.63622778E+3,
426.600,2.54620142E+3,
426.7500,2.56145654E+3,
426.900,2.62120288E+3,
427.0500,2.50575854E+3,
427.200,2.47811914E+3,
427.3500,2.46531836E+3,
427.500,2.52525635E+3,
427.6500,2.56631592E+3,
427.800,2.58985864E+3,
427.9500,2.56360156E+3,
428.100,2.66553394E+3,
428.2500,2.42453442E+3,
428.400,2.55892847E+3,
428.5500,2.58837329E+3,
428.700,2.60839868E+3,
428.8500,2.64052930E+3,
429.00,2.49241724E+3,
429.1500,2.48700269E+3,
429.300,2.47217285E+3,
429.4500,2.55822046E+3,
429.600,2.51245557E+3,
429.7500,2.57160107E+3,
429.900,2.51642334E+3,
430.0500,2.49877612E+3,
430.200,2.49297803E+3,
430.3500,2.59070557E+3,
430.500,2.53785205E+3,
430.6500,2.38825293E+3,
430.800,2.44833130E+3,
430.9500,2.41568872E+3,
431.100,2.45009521E+3,
431.2500,2.28567114E+3,
431.400,2.50934375E+3,
431.5500,2.48861694E+3,
431.700,2.37798950E+3,
431.8500,2.46330225E+3,
432.00,2.41980786E+3,
432.1500,2.49598682E+3,
432.300,2.37367383E+3,
432.4500,2.46057178E+3,
432.600,2.31013721E+3,
432.7500,2.40775049E+3,
432.900,2.49864282E+3,
433.0500,2.31891357E+3,
433.200,2.47995557E+3,
433.3500,2.39971069E+3,
433.500,2.41330200E+3,
433.6500,2.41348682E+3,
433.800,2.36405591E+3,
433.9500,2.41921631E+3,
434.100,2.33773804E+3,
434.2500,2.39179248E+3,
434.400,2.40427148E+3,
434.5500,2.40064917E+3,
434.700,2.26817969E+3,
434.8500,2.39205176E+3,
435.00,2.27295776E+3,
435.1500,2.37811572E+3,
435.300,2.38392383E+3,
435.4500,2.29972974E+3,
435.600,2.48555518E+3,
435.7500,2.43493848E+3,
435.900,2.39370923E+3,
436.0500,2.28797656E+3,
436.200,2.39740845E+3,
436.3500,2.40601880E+3,
436.500,2.42001099E+3,
436.6500,2.34116626E+3,
436.800,2.43589111E+3,
436.9500,2.43777490E+3,
437.100,2.39403906E+3,
437.2500,2.32880225E+3,
437.400,2.42520020E+3,
437.5500,2.42731104E+3,
437.700,2.28920801E+3,
437.8500,2.55424561E+3,
438.00,2.39450269E+3,
438.1500,2.40234375E+3,
438.300,2.49660083E+3,
438.4500,2.40451880E+3,
438.600,2.43668164E+3,
438.7500,2.44993750E+3,
438.900,2.41720850E+3,
439.0500,2.30605640E+3,
439.200,2.38184790E+3,
439.3500,2.27616602E+3,
439.500,2.32760962E+3,
439.6500,2.36960791E+3,
439.800,2.18093140E+3,
439.9500,2.08980591E+3,
440.100,2.20916064E+3,
440.2500,2.12472949E+3,
440.400,2.36799072E+3,
440.5500,2.25087891E+3,
440.700,2.19898999E+3,
440.8500,2.07755884E+3,
441.00,2.28721509E+3,
441.1500,2.21200879E+3,
441.300,2.03575085E+3,
441.4500,2.22516357E+3,
441.600,2.16344995E+3,
441.7500,1.98278369E+3,
441.900,2.15056079E+3,
442.0500,2.10383960E+3,
442.200,2.31046680E+3,
442.3500,2.08180688E+3,
442.500,2.15983789E+3,
442.6500,2.08025781E+3,
442.800,2.12406519E+3,
442.9500,2.14869727E+3,
443.100,2.08025806E+3,
443.2500,2.21676147E+3,
443.400,1.97775000E+3,
443.5500,2.20804150E+3,
443.700,2.10508691E+3,
443.8500,2.03506506E+3,
444.00,2.10576416E+3,
444.1500,2.01258496E+3,
444.300,2.06310498E+3,
444.4500,1.96689282E+3,
444.600,2.02576477E+3,
444.7500,2.08752124E+3,
444.900,1.97571729E+3,
445.0500,1.96677954E+3,
445.200,1.94703479E+3,
445.3500,2.01368384E+3,
445.500,1.97576660E+3,
445.6500,1.97129187E+3,
445.800,2.10817651E+3,
445.9500,2.02533862E+3,
446.100,2.09729858E+3,
446.2500,2.13183325E+3,
446.400,2.17069019E+3,
446.5500,2.01634949E+3,
446.700,2.10457129E+3,
446.8500,2.11661792E+3,
447.00,2.13435718E+3,
447.1500,2.12274878E+3,
447.300,2.03122729E+3,
447.4500,2.17071509E+3,
447.600,2.06875830E+3,
447.7500,1.96769238E+3,
447.900,2.03887476E+3,
448.0500,2.03501404E+3,
448.200,2.14503394E+3,
448.3500,2.13504175E+3,
448.500,2.14538916E+3,
448.6500,2.07940942E+3,
448.800,1.98334167E+3,
448.9500,2.07595947E+3,
449.100,2.18352954E+3,
449.2500,2.11974023E+3,
449.400,2.18613257E+3,
449.5500,2.19113721E+3,
449.700,2.54032080E+3,
449.8500,2.64224219E+3,
450.00,2.75449756E+3,
450.1500,1.17619453E+2,
450.300,1.41480255E+2,
450.4500,1.45252655E+2,
450.600,1.78867004E+2,
450.7500,1.56042404E+2,
450.900,1.78922897E+2,
451.0500,1.84236893E+2,
451.200,1.93782181E+2,
451.3500,1.69970322E+2,
451.500,2.49415833E+2,
451.6500,1.98595428E+2,
451.800,2.78055786E+2,
451.9500,3.41638519E+2,
452.100,3.35900269E+2,
452.2500,3.72309845E+2,
452.400,3.29874237E+2,
452.5500,4.20761353E+2,
452.700,4.12764099E+2,
452.8500,4.04843384E+2,
453.00,4.03176300E+2,
453.1500,4.43559448E+2,
453.300,4.46841766E+2,
453.4500,5.25872681E+2,
453.600,5.24116760E+2,
453.7500,4.84978943E+2,
453.900,5.05844116E+2,
454.0500,5.67671143E+2,
454.200,6.07722900E+2,
454.3500,6.07882629E+2,
454.500,6.29779663E+2,
454.6500,6.85914612E+2,
454.800,7.64175415E+2,
454.9500,7.67643127E+2,
455.100,7.48207153E+2,
455.2500,8.24043457E+2,
455.400,8.34940674E+2,
455.5500,7.80873962E+2,
455.700,8.55006836E+2,
455.8500,9.39056396E+2,
456.00,8.71957764E+2,
456.1500,9.53262268E+2,
456.300,1.04283337E+3,
456.4500,1.00540234E+3,
456.600,9.93506287E+2,
456.7500,1.08769446E+3,
456.900,1.13264441E+3,
457.0500,1.15646716E+3,
457.200,1.20195740E+3,
457.3500,1.12836145E+3,
457.500,1.15834229E+3,
457.6500,1.21445984E+3,
457.800,1.24991528E+3,
457.9500,1.25511389E+3,
458.100,1.29767480E+3,
458.2500,1.32268738E+3,
458.400,1.31072119E+3,
458.5500,1.30744763E+3,
458.700,1.34303345E+3,
458.8500,1.33367163E+3,
459.00,1.31844470E+3,
459.1500,1.31437878E+3,
459.300,1.38998254E+3,
459.4500,1.35612170E+3,
459.600,1.35085999E+3,
459.7500,1.44523218E+3,
459.900,1.36623193E+3,
460.0500,1.51438123E+3,
460.200,1.53324023E+3,
460.3500,1.51515869E+3,
460.500,1.45258850E+3,
460.6500,1.53089136E+3,
460.800,1.49610852E+3,
460.9500,1.48766699E+3,
461.100,1.64433301E+3,
461.2500,1.62831641E+3,
461.400,1.65496582E+3,
461.5500,1.76954382E+3,
461.700,1.72334912E+3,
461.8500,1.92775085E+3,
462.00,1.95201721E+3,
462.1500,1.93642456E+3,
462.300,2.06027734E+3,
462.4500,2.15719531E+3,
462.600,2.04852319E+3,
462.7500,2.11018164E+3,
462.900,1.98712976E+3,
463.0500,1.92123010E+3,
463.200,1.90463855E+3,
463.3500,1.88061804E+3,
463.500,1.89432397E+3,
463.6500,1.77086133E+3,
463.800,1.86175940E+3,
463.9500,1.85415723E+3,
464.100,1.88090015E+3,
464.2500,1.72720093E+3,
464.400,1.78710120E+3,
464.5500,1.79179797E+3,
464.700,1.74374963E+3,
464.8500,1.77066321E+3,
465.00,1.75336157E+3,
465.1500,1.72194189E+3,
465.300,1.80475391E+3,
465.4500,1.78801611E+3,
465.600,1.79326074E+3,
465.7500,1.77559180E+3,
465.900,1.83285242E+3,
466.0500,1.88179468E+3,
466.200,1.86874329E+3,
466.3500,1.93854260E+3,
466.500,2.01849414E+3,
466.6500,2.24376099E+3,
466.800,2.41172852E+3,
466.9500,2.73260327E+3,
467.100,2.96555420E+3,
467.2500,3.08311011E+3,
467.400,3.11528979E+3,
467.5500,2.96305225E+3,
467.700,2.73856299E+3,
467.8500,2.48396875E+3,
468.00,2.53106226E+3,
468.1500,2.39802295E+3,
468.300,2.34267041E+3,
468.4500,2.16024756E+3,
468.600,2.14084229E+3,
468.7500,2.20780664E+3,
468.900,2.10116235E+3,
469.0500,2.09419360E+3,
469.200,2.08750220E+3,
469.3500,2.08386646E+3,
469.500,2.07822119E+3,
469.6500,1.99781396E+3,
469.800,2.07505933E+3,
469.9500,2.03918750E+3,
470.100,1.98745361E+3,
470.2500,1.97519543E+3,
470.400,1.94180750E+3,
470.5500,1.96583887E+3,
470.700,1.89930884E+3,
470.8500,1.80169373E+3,
471.00,1.80266992E+3,
471.1500,1.84315173E+3,
471.300,1.78922473E+3,
471.4500,1.82065466E+3,
471.600,1.73267297E+3,
471.7500,1.80021155E+3,
471.900,1.75341504E+3,
472.0500,1.83101953E+3,
472.200,1.95085999E+3,
472.3500,1.77012097E+3,
472.500,1.88291614E+3,
472.6500,1.80140564E+3,
472.800,1.93817688E+3,
472.9500,2.14695776E+3,
473.100,2.23571094E+3,
473.2500,2.55065991E+3,
473.400,2.61540430E+3,
473.5500,2.42402734E+3,
473.700,2.19868384E+3,
473.8500,2.01440100E+3,
474.00,2.09418311E+3,
474.1500,1.85713757E+3,
474.300,1.82111108E+3,
474.4500,1.89609058E+3,
474.600,1.73205994E+3,
474.7500,1.75703796E+3,
474.900,1.77701550E+3,
475.0500,1.82004700E+3,
475.200,1.78718420E+3,
475.3500,1.80032385E+3,
475.500,1.68843298E+3,
475.6500,1.83561047E+3,
475.800,1.77072302E+3,
475.9500,1.72583472E+3,
476.100,1.79607983E+3,
476.2500,1.81934473E+3,
476.400,1.76754968E+3,
476.5500,1.76779163E+3,
476.700,1.78405090E+3,
476.8500,1.78829822E+3,
477.00,1.82258777E+3,
477.1500,1.68877039E+3,
477.300,1.71719385E+3,
477.4500,1.83681750E+3,
477.600,1.87530481E+3,
477.7500,1.80152490E+3,
477.900,1.88714636E+3,
478.0500,1.93276062E+3,
478.200,1.88223206E+3,
478.3500,1.89489709E+3,
478.500,1.99089819E+3,
478.6500,1.91220886E+3,
478.800,1.90981787E+3,
478.9500,1.93958069E+3,
479.100,1.94738074E+3,
479.2500,1.88585205E+3,
479.400,1.98626794E+3,
479.5500,1.90355640E+3,
479.700,1.89630090E+3,
479.8500,1.92631238E+3,
480.00,1.96239246E+3,
480.1500,1.91890784E+3,
480.300,2.16692725E+3,
480.4500,2.01145862E+3,
480.600,2.25468286E+3,
480.7500,2.33548267E+3,
480.900,2.40927441E+3,
481.0500,2.45783618E+3,
481.200,2.36783398E+3,
481.3500,2.29292993E+3,
481.500,2.34652173E+3,
481.6500,2.26242285E+3,
481.800,2.19142139E+3,
481.9500,2.20955005E+3,
482.100,2.14562427E+3,
482.2500,2.22775269E+3,
482.400,2.32212939E+3,
482.5500,2.28661890E+3,
482.700,2.22262793E+3,
482.8500,2.24800806E+3,
483.00,2.41371460E+3,
483.1500,2.45064111E+3,
483.300,2.34917529E+3,
483.4500,2.23944580E+3,
483.600,2.29262256E+3,
483.7500,2.29079834E+3,
483.900,2.27060571E+3,
484.0500,2.15042822E+3,
484.200,2.18953516E+3,
484.3500,2.20620239E+3,
484.500,2.29445801E+3,
484.6500,2.16080054E+3,
484.800,2.16210620E+3,
484.9500,2.13062891E+3,
485.100,1.99671362E+3,
485.2500,2.16934937E+3,
485.400,2.05995435E+3,
485.5500,2.13836060E+3,
485.700,2.07914551E+3,
485.8500,2.17925293E+3,
486.00,2.08395410E+3,
486.1500,2.21308301E+3,
486.300,2.17852832E+3,
486.4500,2.19444995E+3,
486.600,2.19593872E+3,
486.7500,2.28416357E+3,
486.900,2.27020142E+3,
487.0500,2.35439111E+3,
487.200,2.47167896E+3,
487.3500,2.80649683E+3,
487.500,2.83406201E+3,
487.6500,3.26172363E+3,
487.800,3.59550830E+3,
487.9500,4.34059668E+3,
488.100,5.44046338E+3,
488.2500,6.46459033E+3,
488.400,7.58232031E+3,
488.5500,8.29046289E+3,
488.700,8.47909473E+3,
488.8500,7.87357617E+3,
489.00,6.88094873E+3,
489.1500,5.63977539E+3,
489.300,4.95186035E+3,
489.4500,4.54796680E+3,
489.600,4.49546289E+3,
489.7500,4.64767969E+3,
489.900,5.02904639E+3,
490.0500,5.61098584E+3,
490.200,6.10742969E+3,
490.3500,7.36535693E+3,
490.500,7.69398291E+3,
490.6500,8.69683789E+3,
490.800,9.20862207E+3,
490.9500,9.67595605E+3,
491.100,9.52920996E+3,
491.2500,1.01415313E+4,
491.400,1.05957412E+4,
491.5500,1.14788193E+4,
491.700,1.22767842E+4,
491.8500,1.34351709E+4,
492.00,1.38691455E+4,
492.1500,1.36012959E+4,
492.300,1.30502168E+4,
492.4500,1.19746445E+4,
492.600,1.14403223E+4,
492.7500,1.02575508E+4,
492.900,9.95991602E+3,
493.0500,9.22575586E+3,
493.200,8.66583105E+3,
493.3500,8.06346680E+3,
493.500,7.92266357E+3,
493.6500,7.60883350E+3,
493.800,7.31370313E+3,
493.9500,7.01595703E+3,
494.100,6.87270557E+3,
494.2500,6.70779980E+3,
494.400,6.71927783E+3,
494.5500,6.79717822E+3,
494.700,6.95880811E+3,
494.8500,7.06485742E+3,
495.00,7.02177979E+3,
495.1500,7.20136133E+3,
495.300,7.14351025E+3,
495.4500,7.08446973E+3,
495.600,7.31291650E+3,
495.7500,7.32716943E+3,
495.900,7.30581836E+3,
496.0500,6.98232520E+3,
496.200,6.90076953E+3,
496.3500,6.74442041E+3,
496.500,6.52175049E+3,
496.6500,6.19792725E+3,
496.800,6.12616846E+3,
496.9500,5.90776807E+3,
497.100,5.66862158E+3,
497.2500,5.76182715E+3,
497.400,5.52439160E+3,
497.5500,5.74610449E+3,
497.700,5.69022559E+3,
497.8500,5.75423828E+3,
498.00,5.80960791E+3,
498.1500,5.87720215E+3,
498.300,5.93614160E+3,
498.4500,5.91961133E+3,
498.600,5.70574707E+3,
498.7500,5.66479883E+3,
498.900,5.56446533E+3,
499.0500,5.45296631E+3,
499.200,5.15871143E+3,
499.3500,5.06427197E+3,
499.500,4.94429932E+3,
499.6500,4.58917480E+3,
499.800,4.49943359E+3,
499.9500,4.39625830E+3,
500.100,4.21441553E+3,
500.2500,3.80756348E+3,
500.400,3.73785840E+3,
500.5500,3.46176953E+3,
500.700,3.48371851E+3,
500.8500,3.37128442E+3,
501.00,3.32645728E+3,
501.1500,3.16913281E+3,
501.300,3.05161475E+3,
501.4500,3.06987451E+3,
501.600,2.92861353E+3,
501.7500,2.69665112E+3,
501.900,2.76490967E+3,
502.0500,2.73484888E+3,
502.200,2.70697607E+3,
502.3500,2.75747852E+3,
502.500,2.76880688E+3,
502.6500,2.72290381E+3,
502.800,2.72409204E+3,
502.9500,2.63645459E+3,
503.100,2.67702686E+3,
503.2500,2.55777417E+3,
503.400,2.55102808E+3,
503.5500,2.61985425E+3,
503.700,2.53972900E+3,
503.8500,2.64933716E+3,
504.00,2.60527734E+3,
504.1500,2.60085938E+3,
504.300,2.61228931E+3,
504.4500,2.66002930E+3,
504.600,2.70443921E+3,
504.7500,2.96028662E+3,
504.900,2.81394165E+3,
505.0500,3.12384180E+3,
505.200,3.29415723E+3,
505.3500,3.33931421E+3,
505.500,3.48727466E+3,
505.6500,3.81486182E+3,
505.800,3.88572339E+3,
505.9500,4.18217285E+3,
506.100,4.64195068E+3,
506.2500,4.96732959E+3,
506.400,5.49070166E+3,
506.5500,6.24592578E+3,
506.700,6.69896240E+3,
506.8500,7.59129541E+3,
507.00,8.18688037E+3,
507.1500,8.66204492E+3,
507.300,9.05847559E+3,
507.4500,9.43948145E+3,
507.600,9.61418359E+3,
507.7500,9.49861816E+3,
507.900,9.13016895E+3,
508.0500,8.53840918E+3,
508.200,7.99798242E+3,
508.3500,6.89383447E+3,
508.500,6.75544922E+3,
508.6500,6.16833691E+3,
508.800,5.62197314E+3,
508.9500,5.24603809E+3,
509.100,4.73840234E+3,
509.2500,4.42382471E+3,
509.400,4.29823828E+3,
509.5500,4.24503271E+3,
509.700,4.04275684E+3,
509.8500,4.02907910E+3,
510.00,4.03298657E+3,
510.1500,4.06019727E+3,
510.300,4.26403076E+3,
510.4500,4.43287061E+3,
510.600,4.55718213E+3,
510.7500,4.63330273E+3,
510.900,4.59257324E+3,
511.0500,4.58015820E+3,
511.200,4.22211865E+3,
511.3500,3.94042017E+3,
511.500,3.51115918E+3,
511.6500,3.14164136E+3,
511.800,2.99477881E+3,
511.9500,2.79770605E+3,
512.100,2.52898145E+3,
512.2500,2.33007935E+3,
512.400,2.24645068E+3,
512.5500,2.15549097E+3,
512.700,2.07390869E+3,
512.8500,1.97183533E+3,
513.00,1.91145349E+3,
513.1500,1.90619653E+3,
513.300,1.95009143E+3,
513.4500,1.96045398E+3,
513.600,1.74490417E+3,
513.7500,1.79596570E+3,
513.900,1.86397974E+3,
514.0500,1.63925452E+3,
514.200,1.72782825E+3,
514.3500,1.60037549E+3,
514.500,1.57421533E+3,
514.6500,1.63997986E+3,
514.800,1.59683081E+3,
514.9500,1.55843994E+3,
515.100,1.61101501E+3,
515.2500,1.55188647E+3,
515.400,1.48411719E+3,
515.5500,1.41255029E+3,
515.700,1.50051587E+3,
515.8500,1.48859851E+3,
516.00,1.55848364E+3,
516.1500,1.59428418E+3,
516.300,1.41842542E+3,
516.4500,1.46027039E+3,
516.600,1.48134570E+3,
516.7500,1.48772766E+3,
516.900,1.39704797E+3,
517.0500,1.41689478E+3,
517.200,1.44420239E+3,
517.3500,1.36187012E+3,
517.500,1.34598523E+3,
517.6500,1.43380042E+3,
517.800,1.32028308E+3,
517.9500,1.34884106E+3,
518.100,1.34279285E+3,
518.2500,1.32806042E+3,
518.400,1.36542651E+3,
518.5500,1.29351709E+3,
518.700,1.32345105E+3,
518.8500,1.36091101E+3,
519.00,1.29873145E+3,
519.1500,1.25644116E+3,
519.300,1.24403174E+3,
519.4500,1.25409790E+3,
519.600,1.19658997E+3,
519.7500,1.25047107E+3,
519.900,1.23923743E+3,
520.0500,1.27947229E+3,
520.200,1.25194922E+3,
520.3500,1.25456079E+3,
520.500,1.17529272E+3,
520.6500,1.18790564E+3,
520.800,1.20558948E+3,
520.9500,1.21572473E+3,
521.100,1.23092627E+3,
521.2500,1.20689099E+3,
521.400,1.21069116E+3,
521.5500,1.23352905E+3,
521.700,1.24878870E+3,
521.8500,1.13690381E+3,
522.00,1.22082776E+3,
522.1500,1.23355957E+3,
522.300,1.19783716E+3,
522.4500,1.17863806E+3,
522.600,1.16322900E+3,
522.7500,1.21432190E+3,
522.900,1.14126917E+3,
523.0500,1.19373950E+3,
523.200,1.20015405E+3,
523.3500,1.16674304E+3,
523.500,1.10881580E+3,
523.6500,1.19112000E+3,
523.800,1.19753833E+3,
523.9500,1.12654126E+3,
524.100,1.16262378E+3,
524.2500,1.13930042E+3,
524.400,1.09650391E+3,
524.5500,1.14432764E+3,
524.700,1.12608557E+3,
524.8500,1.13507239E+3,
525.00,1.20517798E+3,
525.1500,1.12312061E+3,
525.300,1.16595349E+3,
525.4500,1.07585510E+3,
525.600,1.08869495E+3,
525.7500,1.11201038E+3,
525.900,1.06996753E+3,
526.0500,1.08546155E+3,
526.200,1.01057452E+3,
526.3500,1.07985742E+3,
526.500,1.10987671E+3,
526.6500,1.14258398E+3,
526.800,1.05821313E+3,
526.9500,1.03031897E+3,
527.100,1.06443018E+3,
527.2500,1.15543408E+3,
527.400,1.16599878E+3,
527.5500,1.24010864E+3,
527.700,1.07323535E+3,
527.8500,1.19515173E+3,
528.00,1.09955164E+3,
528.1500,1.15135193E+3,
528.300,1.14070703E+3,
528.4500,1.09805176E+3,
528.600,1.11799597E+3,
528.7500,1.10726160E+3,
528.900,1.13661401E+3,
529.0500,1.15664734E+3,
529.200,1.21556934E+3,
529.3500,1.17130603E+3,
529.500,1.19141260E+3,
529.6500,1.17525330E+3,
529.800,1.10385901E+3,
529.9500,1.18458862E+3,
530.100,1.18452917E+3,
530.2500,1.17500427E+3,
530.400,1.13300549E+3,
530.5500,1.11933398E+3,
530.700,1.23976892E+3,
530.8500,1.11901929E+3,
531.00,1.14872705E+3,
531.1500,1.22201550E+3,
531.300,1.21653186E+3,
531.4500,1.20694629E+3,
531.600,1.21506238E+3,
531.7500,1.28189355E+3,
531.900,1.18896790E+3,
532.0500,1.22035535E+3,
532.200,1.23541602E+3,
532.3500,1.24364856E+3,
532.500,1.22581360E+3,
532.6500,1.28626428E+3,
532.800,1.32758252E+3,
532.9500,1.28359839E+3,
533.100,1.30986951E+3,
533.2500,1.22026282E+3,
533.400,1.26311548E+3,
533.5500,1.19260938E+3,
533.700,1.29230725E+3,
533.8500,1.17867712E+3,
534.00,1.26052759E+3,
534.1500,1.26891736E+3,
534.300,1.14652673E+3,
534.4500,1.11857751E+3,
534.600,1.09892712E+3,
534.7500,1.11692383E+3,
534.900,1.24118481E+3,
535.0500,1.17681006E+3,
535.200,1.13189209E+3,
535.3500,1.25515869E+3,
535.500,1.16669495E+3,
535.6500,1.21858289E+3,
535.800,1.31419849E+3,
535.9500,1.30719202E+3,
536.100,1.15633887E+3,
536.2500,1.21267749E+3,
536.400,1.25500342E+3,
536.5500,1.28609790E+3,
536.700,1.33283728E+3,
536.8500,1.31444739E+3,
537.00,1.37692444E+3,
537.1500,1.39696130E+3,
537.300,1.45118262E+3,
537.4500,1.38445337E+3,
537.600,1.49438354E+3,
537.7500,1.42468530E+3,
537.900,1.42199512E+3,
538.0500,1.43932593E+3,
538.200,1.39797253E+3,
538.3500,1.31063367E+3,
538.500,1.35660059E+3,
538.6500,1.28769287E+3,
538.800,1.33660327E+3,
538.9500,1.23726208E+3,
539.100,1.27613586E+3,
539.2500,1.15774854E+3,
539.400,1.19083691E+3,
539.5500,1.19361072E+3,
539.700,1.24997827E+3,
539.8500,1.11941333E+3,
540.00,1.12500708E+3,
540.1500,1.10742163E+3,
540.300,1.12179944E+3,
540.4500,1.08959338E+3,
540.600,1.15939307E+3,
540.7500,1.13444666E+3,
540.900,1.21175867E+3,
541.0500,1.21315613E+3,
541.200,1.16622473E+3,
541.3500,1.15878259E+3,
541.500,1.23208667E+3,
541.6500,1.19381995E+3,
541.800,1.14221106E+3,
541.9500,1.21721106E+3,
542.100,1.24074402E+3,
542.2500,1.26137305E+3,
542.400,1.21550305E+3,
542.5500,1.12955066E+3,
542.700,1.21087537E+3,
542.8500,1.29831567E+3,
543.00,1.27899573E+3,
543.1500,1.22393835E+3,
543.300,1.23872607E+3,
543.4500,1.27441101E+3,
543.600,1.26092798E+3,
543.7500,1.28176917E+3,
543.900,1.30115723E+3,
544.0500,1.25769482E+3,
544.200,1.22761548E+3,
544.3500,1.15994983E+3,
544.500,1.19428210E+3,
544.6500,1.26477966E+3,
544.800,1.11862695E+3,
544.9500,1.30976428E+3,
545.100,1.31575330E+3,
545.2500,1.22961829E+3,
545.400,1.36710327E+3,
545.5500,1.33835315E+3,
545.700,1.30801880E+3,
545.8500,1.38230859E+3,
546.00,1.31396875E+3,
546.1500,1.32770068E+3,
546.300,1.22421399E+3,
546.4500,1.33999988E+3,
546.600,1.24390369E+3,
546.7500,1.26982043E+3,
546.900,1.21012158E+3,
547.0500,1.26058228E+3,
547.200,1.23607056E+3,
547.3500,1.32358203E+3,
547.500,1.34058508E+3,
547.6500,1.21139551E+3,
547.800,1.25911365E+3,
547.9500,1.34089148E+3,
548.100,1.25292676E+3,
548.2500,1.33798547E+3,
548.400,1.39846802E+3,
548.5500,1.36140442E+3,
548.700,1.30872217E+3,
548.8500,1.45797009E+3,
549.00,1.53754358E+3,
549.1500,1.50665710E+3,
549.300,1.47101038E+3,
549.4500,1.42902686E+3,
549.600,1.46199146E+3,
549.7500,1.39953430E+3,
549.900,1.37924255E+3,
550.0500,1.46402905E+3,
550.200,1.56943188E+3,
550.3500,1.59328699E+3,
550.500,1.62506494E+3,
550.6500,1.74204309E+3,
550.800,1.78352466E+3,
550.9500,1.91674707E+3,
551.100,1.77184485E+3,
551.2500,1.88952051E+3,
551.400,1.72996936E+3,
551.5500,1.85737903E+3,
551.700,1.74190942E+3,
551.8500,1.72959167E+3,
552.00,1.74750586E+3,
552.1500,1.59647253E+3,
552.300,1.64786267E+3,
552.4500,1.70096777E+3,
552.600,1.52851514E+3,
552.7500,1.48544604E+3,
552.900,1.51446411E+3,
553.0500,1.50823730E+3,
553.200,1.52617407E+3,
553.3500,1.51355530E+3,
553.500,1.34613416E+3,
553.6500,1.50273364E+3,
553.800,1.40275256E+3,
553.9500,1.37371704E+3,
554.100,1.43371655E+3,
554.2500,1.51494861E+3,
554.400,1.46807983E+3,
554.5500,1.36418030E+3,
554.700,1.43258521E+3,
554.8500,1.42780396E+3,
555.00,1.41647766E+3,
555.1500,1.62077917E+3,
555.300,1.61454431E+3,
555.4500,1.45433972E+3,
555.600,1.54790271E+3,
555.7500,1.59899915E+3,
555.900,1.53351367E+3,
556.0500,1.55673621E+3,
556.200,1.45975488E+3,
556.3500,1.52583948E+3,
556.500,1.55409192E+3,
556.6500,1.56421802E+3,
556.800,1.54952844E+3,
556.9500,1.48010339E+3,
557.100,1.41384375E+3,
557.2500,1.49529602E+3,
557.400,1.58692017E+3,
557.5500,1.59548535E+3,
557.700,1.52903198E+3,
557.8500,1.61933813E+3,
558.00,1.61792615E+3,
558.1500,1.57639832E+3,
558.300,1.57999939E+3,
558.4500,1.65406165E+3,
558.600,1.62920142E+3,
558.7500,1.67994763E+3,
558.900,1.61632190E+3,
559.0500,1.56941089E+3,
559.200,1.65406958E+3,
559.3500,1.63077649E+3,
559.500,1.54481445E+3,
559.6500,1.63820996E+3,
559.800,1.52489075E+3,
559.9500,1.58621240E+3,
560.100,1.55415967E+3,
560.2500,1.46243579E+3,
560.400,1.57162146E+3,
560.5500,1.47114722E+3,
560.700,1.51566711E+3,
560.8500,1.43881909E+3,
561.00,1.41487878E+3,
561.1500,1.42687231E+3,
561.300,1.38909351E+3,
561.4500,1.41138904E+3,
561.600,1.25645117E+3,
561.7500,1.31654102E+3,
561.900,1.33191272E+3,
562.0500,1.29895496E+3,
562.200,1.31261877E+3,
562.3500,1.19125476E+3,
562.500,1.26721985E+3,
562.6500,1.24443213E+3,
562.800,1.08257056E+3,
562.9500,1.23869299E+3,
563.100,1.14094067E+3,
563.2500,1.16156885E+3,
563.400,1.20669348E+3,
563.5500,1.16974634E+3,
563.700,1.04166626E+3,
563.8500,1.14113599E+3,
564.00,1.12326001E+3,
564.1500,1.07731934E+3,
564.300,1.14915710E+3,
564.4500,1.06435095E+3,
564.600,1.11341638E+3,
564.7500,1.06896375E+3,
564.900,1.07923474E+3,
565.0500,1.10723328E+3,
565.200,1.08915979E+3,
565.3500,1.13852954E+3,
565.500,1.06886450E+3,
565.6500,1.10230042E+3,
565.800,1.14651575E+3,
565.9500,1.11049988E+3,
566.100,1.06717102E+3,
566.2500,9.87907593E+2,
566.400,1.08584167E+3,
566.5500,1.02254901E+3,
566.700,1.08303186E+3,
566.8500,9.72824890E+2,
567.00,1.05498804E+3,
567.1500,1.11390845E+3,
567.300,1.07912549E+3,
567.4500,1.07316455E+3,
567.600,1.01473041E+3,
567.7500,1.08473010E+3,
567.900,1.10231201E+3,
568.0500,1.14900415E+3,
568.200,1.17951428E+3,
568.3500,1.15550427E+3,
568.500,1.14236194E+3,
568.6500,1.12006213E+3,
568.800,1.20363660E+3,
568.9500,1.18134888E+3,
569.100,1.25791602E+3,
569.2500,1.24486023E+3,
569.400,1.15833765E+3,
569.5500,1.29031763E+3,
569.700,1.28275989E+3,
569.8500,1.21252380E+3,
570.00,1.33399304E+3,
570.1500,1.24324780E+3,
570.300,1.22440942E+3,
570.4500,1.24440955E+3,
570.600,1.14579468E+3,
570.7500,1.23442065E+3,
570.900,1.18386853E+3,
571.0500,1.15549622E+3,
571.200,1.12887390E+3,
571.3500,1.06861719E+3,
571.500,1.18559143E+3,
571.6500,1.11403943E+3,
571.800,1.07787537E+3,
571.9500,1.04912012E+3,
572.100,1.09535364E+3,
572.2500,1.04969702E+3,
572.400,1.15433069E+3,
572.5500,1.07098340E+3,
572.700,1.06281445E+3,
572.8500,1.11499402E+3,
573.00,1.17862476E+3,
573.1500,1.00798303E+3,
573.300,1.09632251E+3,
573.4500,1.11662720E+3,
573.600,1.12179224E+3,
573.7500,1.08515588E+3,
573.900,1.05794019E+3,
574.0500,1.16782263E+3,
574.200,1.16162439E+3,
574.3500,1.04273022E+3,
574.500,1.05738806E+3,
574.6500,1.09313696E+3,
574.800,1.11555054E+3,
574.9500,1.07660498E+3,
575.100,1.09520984E+3,
575.2500,1.10039294E+3,
575.400,1.09980701E+3,
575.5500,1.20913611E+3,
575.700,1.14109509E+3,
575.8500,1.08834924E+3,
576.00,1.16901880E+3,
576.1500,1.12007544E+3,
576.300,1.11757178E+3,
576.4500,1.12088635E+3,
576.600,1.17282947E+3,
576.7500,1.08468494E+3,
576.900,1.08795959E+3,
577.0500,1.15955261E+3,
577.200,1.12575720E+3,
577.3500,1.23472083E+3,
577.500,1.19308911E+3,
577.6500,1.16312354E+3,
577.800,1.21948621E+3,
577.9500,1.14228650E+3,
578.100,1.09832996E+3,
578.2500,1.09563464E+3,
578.400,1.19551538E+3,
578.5500,1.08428955E+3,
578.700,1.21798926E+3,
578.8500,1.25697083E+3,
579.00,1.15137146E+3,
579.1500,1.24194580E+3,
579.300,1.31682983E+3,
579.4500,1.22882971E+3,
579.600,1.19437512E+3,
579.7500,1.21962476E+3,
579.900,1.28482825E+3,
580.0500,1.27628918E+3,
580.200,1.24976392E+3,
580.3500,1.22317310E+3,
580.500,1.25864722E+3,
580.6500,1.23199756E+3,
580.800,1.30973950E+3,
580.9500,1.24084583E+3,
581.100,1.18793433E+3,
581.2500,1.24779895E+3,
581.400,1.28761975E+3,
581.5500,1.28105530E+3,
581.700,1.24615039E+3,
581.8500,1.25571606E+3,
582.00,1.29166052E+3,
582.1500,1.31352368E+3,
582.300,1.27445532E+3,
582.4500,1.43065637E+3,
582.600,1.29178760E+3,
582.7500,1.27293835E+3,
582.900,1.35616064E+3,
583.0500,1.28622168E+3,
583.200,1.31235449E+3,
583.3500,1.23400378E+3,
583.500,1.40173743E+3,
583.6500,1.44453015E+3,
583.800,1.30432129E+3,
583.9500,1.33679114E+3,
584.100,1.37553479E+3,
584.2500,1.27190503E+3,
584.400,1.39128662E+3,
584.5500,1.39090393E+3,
584.700,1.24131079E+3,
584.8500,1.30090601E+3,
585.00,1.38349146E+3,
585.1500,1.36850415E+3,
585.300,1.50756299E+3,
585.4500,1.54688171E+3,
585.600,1.53619434E+3,
585.7500,1.44815771E+3,
585.900,1.43522644E+3,
586.0500,1.50812378E+3,
586.200,1.57067249E+3,
586.3500,1.37722864E+3,
586.500,1.45867676E+3,
586.6500,1.40563586E+3,
586.800,1.42409399E+3,
586.9500,1.40673694E+3,
587.100,1.38932813E+3,
587.2500,1.56634399E+3,
587.400,1.42844006E+3,
587.5500,1.49572253E+3,
587.700,1.61193530E+3,
587.8500,1.50969849E+3,
588.00,1.57941113E+3,
588.1500,1.65781519E+3,
588.300,1.59577429E+3,
588.4500,1.61464172E+3,
588.600,1.60578613E+3,
588.7500,1.56911450E+3,
588.900,1.64578467E+3,
589.0500,1.64980408E+3,
589.200,1.70108411E+3,
589.3500,1.52268018E+3,
589.500,1.70077893E+3,
589.6500,1.62096912E+3,
589.800,1.69829492E+3,
589.9500,1.62907300E+3,
590.100,1.47985413E+3,
590.2500,1.67640332E+3,
590.400,1.64170007E+3,
590.5500,1.61123926E+3,
590.700,1.80216858E+3,
590.8500,1.81095398E+3,
591.00,1.56725330E+3,
591.1500,1.76107556E+3,
591.300,1.63894824E+3,
591.4500,1.55365002E+3,
591.600,1.80726111E+3,
591.7500,1.68908521E+3,
591.900,1.93034827E+3,
592.0500,1.83174451E+3,
592.200,1.85156604E+3,
592.3500,1.74152954E+3,
592.500,1.96848560E+3,
592.6500,1.82079260E+3,
592.800,1.94894519E+3,
592.9500,2.12607520E+3,
593.100,1.84069324E+3,
593.2500,1.98707263E+3,
593.400,2.10493579E+3,
593.5500,2.00299023E+3,
593.700,2.01208142E+3,
593.8500,2.36213721E+3,
594.00,2.37166748E+3,
594.1500,2.28092944E+3,
594.300,2.14744312E+3,
594.4500,2.17487109E+3,
594.600,2.19114844E+3,
594.7500,2.20296826E+3,
594.900,2.27552344E+3,
595.0500,2.15016919E+3,
595.200,2.14404810E+3,
595.3500,1.94826660E+3,
595.500,1.96444666E+3,
595.6500,2.15269824E+3,
595.800,2.12611353E+3,
595.9500,2.18343042E+3,
596.100,2.19997119E+3,
596.2500,2.17785498E+3,
596.400,2.23770752E+3,
596.5500,2.23838281E+3,
596.700,2.32587524E+3,
596.8500,2.31979028E+3,
597.00,2.37782275E+3,
597.1500,2.32357397E+3,
597.300,2.45980225E+3,
597.4500,2.53658643E+3,
597.600,2.73329907E+3,
597.7500,2.57543848E+3,
597.900,2.67573047E+3,
598.0500,2.66068286E+3,
598.200,2.94416162E+3,
598.3500,2.80887866E+3,
598.500,2.81014966E+3,
598.6500,3.02285303E+3,
598.800,3.04299146E+3,
598.9500,2.89545581E+3,
599.100,3.19542773E+3,
599.2500,3.17157764E+3,
599.400,3.12193213E+3,
599.5500,3.19858765E+3,
599.700,3.18165063E+3,
599.8500,3.20926196E+3,
600.00,3.23928491E+3,
600.1500,3.09088745E+3,
600.300,3.14007520E+3,
600.4500,3.08552026E+3,
600.600,3.43269678E+3,
600.7500,3.13452710E+3,
600.900,3.22431641E+3,
601.0500,3.22663916E+3,
601.200,3.26015234E+3,
601.3500,3.25088501E+3,
601.500,3.20341113E+3,
601.6500,3.54039844E+3,
601.800,3.40945361E+3,
601.9500,3.52970557E+3,
602.100,3.64555835E+3,
602.2500,3.64399902E+3,
602.400,3.68334814E+3,
602.5500,3.92292432E+3,
602.700,4.03765698E+3,
602.8500,4.22286523E+3,
603.00,4.51278857E+3,
603.1500,4.53901123E+3,
603.300,4.89086035E+3,
603.4500,5.13912695E+3,
603.600,5.43929346E+3,
603.7500,5.29370898E+3,
603.900,5.80762598E+3,
604.0500,6.04638867E+3,
604.200,6.49657764E+3,
604.3500,6.51105029E+3,
604.500,6.33867334E+3,
604.6500,6.44647900E+3,
604.800,6.32770020E+3,
604.9500,6.44563477E+3,
605.100,6.64554980E+3,
605.2500,6.21692529E+3,
605.400,6.72713135E+3,
605.5500,7.07236670E+3,
605.700,7.37132813E+3,
605.8500,8.01993555E+3,
606.00,8.19135840E+3,
606.1500,9.34088184E+3,
606.300,1.03812480E+4,
606.4500,1.09660674E+4,
606.600,1.11384141E+4,
606.7500,1.11050820E+4,
606.900,1.13183721E+4,
607.0500,1.13835850E+4,
607.200,1.09642607E+4,
607.3500,1.02653262E+4,
607.500,9.89861621E+3,
607.6500,9.88598535E+3,
607.800,9.40819336E+3,
607.9500,9.66194727E+3,
608.100,1.03675869E+4,
608.2500,1.06361846E+4,
608.400,1.13402588E+4,
608.5500,1.13959570E+4,
608.700,1.15543857E+4,
608.8500,1.14229824E+4,
609.00,1.15535410E+4,
609.1500,1.14454033E+4,
609.300,1.15407402E+4,
609.4500,1.18637979E+4,
609.600,1.20169551E+4,
609.7500,1.22198037E+4,
609.900,1.21479814E+4,
610.0500,1.29656230E+4,
610.200,1.29318643E+4,
610.3500,1.33780508E+4,
610.500,1.36871035E+4,
610.6500,1.41882070E+4,
610.800,1.49163320E+4,
610.9500,1.54813135E+4,
611.100,1.59690186E+4,
611.2500,1.69244824E+4,
611.400,1.78196094E+4,
611.5500,1.80514688E+4,
611.700,1.80219434E+4,
611.8500,1.90607441E+4,
612.00,1.87935703E+4,
612.1500,1.86926211E+4,
612.300,1.78560273E+4,
612.4500,1.74436582E+4,
612.600,1.63912695E+4,
612.7500,1.60340645E+4,
612.900,1.52360889E+4,
613.0500,1.49834287E+4,
613.200,1.43834600E+4,
613.3500,1.36333779E+4,
613.500,1.32423291E+4,
613.6500,1.27851475E+4,
613.800,1.24049199E+4,
613.9500,1.16819404E+4,
614.100,1.19291270E+4,
614.2500,1.17450186E+4,
614.400,1.16773867E+4,
614.5500,1.13529912E+4,
614.700,1.16997949E+4,
614.8500,1.15877949E+4,
615.00,1.16728008E+4,
615.1500,1.17640293E+4,
615.300,1.18197344E+4,
615.4500,1.16688975E+4,
615.600,1.12938750E+4,
615.7500,1.13710508E+4,
615.900,1.08750547E+4,
616.0500,1.11931143E+4,
616.200,1.04700146E+4,
616.3500,1.07021445E+4,
616.500,1.08346201E+4,
616.6500,1.08864912E+4,
616.800,1.08265498E+4,
616.9500,1.08028096E+4,
617.100,1.05012676E+4,
617.2500,1.05363115E+4,
617.400,1.10419707E+4,
617.5500,1.09424961E+4,
617.700,1.09698750E+4,
617.8500,1.07452314E+4,
618.00,1.08999307E+4,
618.1500,1.09990234E+4,
618.300,1.04976455E+4,
618.4500,1.07303350E+4,
618.600,1.07952139E+4,
618.7500,1.09747803E+4,
618.900,1.09140693E+4,
619.0500,1.13732119E+4,
619.200,1.13278086E+4,
619.3500,1.15301416E+4,
619.500,1.22704238E+4,
619.6500,1.26718994E+4,
619.800,1.34690391E+4,
619.9500,1.33483691E+4,
620.100,1.41496055E+4,
620.2500,1.40617646E+4,
620.400,1.47386650E+4,
620.5500,1.45636709E+4,
620.700,1.42854141E+4,
620.8500,1.45933223E+4,
621.00,1.44816377E+4,
621.1500,1.39565400E+4,
621.300,1.33172930E+4,
621.4500,1.31370811E+4,
621.600,1.29828232E+4,
621.7500,1.25964453E+4,
621.900,1.20778125E+4,
622.0500,1.14797344E+4,
622.200,1.13090352E+4,
622.3500,1.05996230E+4,
622.500,1.08129453E+4,
622.6500,1.06010225E+4,
622.800,1.02620830E+4,
622.9500,1.00062080E+4,
623.100,9.82490332E+3,
623.2500,9.39223438E+3,
623.400,9.27576074E+3,
623.5500,9.21642480E+3,
623.700,9.02018164E+3,
623.8500,9.24914551E+3,
624.00,9.01560352E+3,
624.1500,8.75722266E+3,
624.300,8.65386035E+3,
624.4500,9.00670996E+3,
624.600,8.68537500E+3,
624.7500,8.39666504E+3,
624.900,8.81248926E+3,
625.0500,8.89039063E+3,
625.200,8.85756250E+3,
625.3500,8.62626074E+3,
625.500,8.56789258E+3,
625.6500,8.82961816E+3,
625.800,8.77756445E+3,
625.9500,8.60041895E+3,
626.100,8.93252344E+3,
626.2500,8.26318652E+3,
626.400,8.46092090E+3,
626.5500,8.28819434E+3,
626.700,8.20302637E+3,
626.8500,7.93121045E+3,
627.00,8.12333643E+3,
627.1500,7.80273926E+3,
627.300,7.44595605E+3,
627.4500,7.46637207E+3,
627.600,7.35933545E+3,
627.7500,7.26782813E+3,
627.900,6.76324512E+3,
628.0500,6.51959619E+3,
628.200,6.49667725E+3,
628.3500,6.46076611E+3,
628.500,6.59554297E+3,
628.6500,6.20112793E+3,
628.800,5.79546973E+3,
628.9500,5.86807227E+3,
629.100,5.60970605E+3,
629.2500,5.74741895E+3,
629.400,5.65086816E+3,
629.5500,5.47550293E+3,
629.700,5.38782617E+3,
629.8500,5.22435352E+3,
630.00,5.18509229E+3,
630.1500,5.14908105E+3,
630.300,5.30422070E+3,
630.4500,5.18562891E+3,
630.600,5.17913818E+3,
630.7500,5.06310742E+3,
630.900,5.44858203E+3,
631.0500,5.68903955E+3,
631.200,5.53675928E+3,
631.3500,5.38718945E+3,
631.500,5.75970020E+3,
631.6500,5.86843945E+3,
631.800,5.60754932E+3,
631.9500,5.86803955E+3,
632.100,5.92356006E+3,
632.2500,5.73903857E+3,
632.400,6.19119238E+3,
632.5500,6.33254980E+3,
632.700,6.60720654E+3,
632.8500,6.35766016E+3,
633.00,6.47960352E+3,
633.1500,6.51284863E+3,
633.300,6.21338477E+3,
633.4500,6.65869482E+3,
633.600,6.59250635E+3,
633.7500,6.41904492E+3,
633.900,6.26216992E+3,
634.0500,6.32986377E+3,
634.200,6.75193555E+3,
634.3500,6.33737305E+3,
634.500,6.32542188E+3,
634.6500,6.48450488E+3,
634.800,5.82895947E+3,
634.9500,6.31366016E+3,
635.100,6.00663867E+3,
635.2500,6.02229004E+3,
635.400,5.91806836E+3,
635.5500,5.95474854E+3,
635.700,5.87824316E+3,
635.8500,5.49979639E+3,
636.00,5.82376563E+3,
636.1500,5.81802100E+3,
636.300,6.02642578E+3,
636.4500,5.46292480E+3,
636.600,5.45989502E+3,
636.7500,5.31672461E+3,
636.900,5.47172656E+3,
637.0500,5.39280908E+3,
637.200,5.39296338E+3,
637.3500,5.10333301E+3,
637.500,4.80886816E+3,
637.6500,4.68410986E+3,
637.800,4.95238135E+3,
637.9500,4.97342529E+3,
638.100,4.73091699E+3,
638.2500,4.52399805E+3,
638.400,4.92602539E+3,
638.5500,4.57508008E+3,
638.700,4.75379736E+3,
638.8500,4.28652539E+3,
639.00,4.62824951E+3,
639.1500,4.76755762E+3,
639.300,4.66575342E+3,
639.4500,4.71253271E+3,
639.600,4.53923486E+3,
639.7500,4.61208398E+3,
639.900,4.74518457E+3,
640.0500,4.86767480E+3,
640.200,4.72747656E+3,
640.3500,4.96007568E+3,
640.500,4.83076660E+3,
640.6500,4.82589209E+3,
640.800,5.08289258E+3,
640.9500,4.91110742E+3,
641.100,5.01684668E+3,
641.2500,4.92817529E+3,
641.400,4.96544482E+3,
641.5500,4.86472559E+3,
641.700,4.63668994E+3,
641.8500,4.66194580E+3,
642.00,4.27801855E+3,
642.1500,3.98909497E+3,
642.300,4.04788550E+3,
642.4500,3.69116992E+3,
642.600,3.93644141E+3,
642.7500,3.69110083E+3,
642.900,3.26094312E+3,
643.0500,3.37748975E+3,
643.200,3.20785864E+3,
643.3500,2.99815552E+3,
643.500,3.00047192E+3,
643.6500,2.95537549E+3,
643.800,2.98925757E+3,
643.9500,2.96375928E+3,
644.100,2.91825854E+3,
644.2500,2.63749072E+3,
644.400,2.68691333E+3,
644.5500,2.39245923E+3,
644.700,2.61394458E+3,
644.8500,2.45468042E+3,
645.00,2.51616260E+3,
645.1500,2.53771631E+3,
645.300,2.38953223E+3,
645.4500,2.23259888E+3,
645.600,2.36328125E+3,
645.7500,2.28697827E+3,
645.900,2.25111938E+3,
646.0500,2.50938599E+3,
646.200,2.29782104E+3,
646.3500,2.44244116E+3,
646.500,2.54654639E+3,
646.6500,2.34599731E+3,
646.800,2.36768237E+3,
646.9500,2.51369043E+3,
647.100,2.30335498E+3,
647.2500,2.61196729E+3,
647.400,2.51342505E+3,
647.5500,2.82798535E+3,
647.700,2.67085156E+3,
647.8500,2.47945801E+3,
648.00,2.53528540E+3,
648.1500,2.62916333E+3,
648.300,2.47430493E+3,
648.4500,2.32301074E+3,
648.600,2.47636523E+3,
648.7500,2.47313501E+3,
648.900,2.42729736E+3,
649.0500,2.31298462E+3,
649.200,2.38637866E+3,
649.3500,2.36150122E+3,
649.500,2.29355493E+3,
649.6500,2.27265552E+3,
649.800,2.39399731E+3,
649.9500,2.33862036E+3,
650.100,2.52139502E+3,
650.2500,2.67030347E+3,
650.400,2.42821826E+3,
650.5500,2.56883472E+3,
650.700,2.80186499E+3,
650.8500,3.03153931E+3,
651.00,3.27100635E+3,
651.1500,3.64810303E+3,
651.300,3.84605786E+3,
651.4500,4.35877002E+3,
651.600,5.00228516E+3,
651.7500,5.57321533E+3,
651.900,6.25800049E+3,
652.0500,6.19634570E+3,
652.200,6.27286572E+3,
652.3500,5.97776611E+3,
652.500,5.78460596E+3,
652.6500,4.79833545E+3,
652.800,4.54294629E+3,
652.9500,4.08292578E+3,
653.100,3.77940796E+3,
653.2500,3.53354517E+3,
653.400,3.13634692E+3,
653.5500,2.79665308E+3,
653.700,3.07728174E+3,
653.8500,2.58925317E+3,
654.00,2.69611353E+3,
654.1500,3.04753540E+3,
654.300,2.89761426E+3,
654.4500,2.76087256E+3,
654.600,3.03601733E+3,
654.7500,2.78279248E+3,
654.900,2.93350073E+3,
655.0500,2.92155078E+3,
655.200,3.17620020E+3,
655.3500,2.85062817E+3,
655.500,2.96527832E+3,
655.6500,3.02863379E+3,
655.800,3.01672510E+3,
655.9500,3.11358667E+3,
656.100,2.69390063E+3,
656.2500,2.82844580E+3,
656.400,2.54907642E+3,
656.5500,2.33048584E+3,
656.700,2.50816724E+3,
656.8500,2.47076172E+3,
657.00,2.34180762E+3,
657.1500,2.28942480E+3,
657.300,2.46867310E+3,
657.4500,2.45505713E+3,
657.600,2.59667896E+3,
657.7500,2.48597339E+3,
657.900,2.26746338E+3,
658.0500,2.40473584E+3,
658.200,2.47899780E+3,
658.3500,2.56832837E+3,
658.500,2.36272778E+3,
658.6500,2.51139185E+3,
658.800,2.39862378E+3,
658.9500,2.38446143E+3,
659.100,2.28573071E+3,
659.2500,2.39072412E+3,
659.400,2.16171069E+3,
659.5500,2.28189453E+3,
659.700,2.09164941E+3,
659.8500,2.03121716E+3,
660.00,2.09143970E+3,
660.1500,2.14189453E+3,
660.300,1.94951880E+3,
660.4500,1.89834009E+3,
660.600,2.04533289E+3,
660.7500,2.03491724E+3,
660.900,2.06022925E+3,
661.0500,2.09593701E+3,
661.200,2.54285913E+3,
661.3500,2.10621460E+3,
661.500,2.39529980E+3,
661.6500,2.38047241E+3,
661.800,2.52637207E+3,
661.9500,2.49616797E+3,
662.100,2.72127661E+3,
662.2500,2.67051904E+3,
662.400,2.53043604E+3,
662.5500,2.41064941E+3,
662.700,2.62195386E+3,
662.8500,2.53344385E+3,
663.00,2.39157178E+3,
663.1500,2.45576025E+3,
663.300,2.41922339E+3,
663.4500,2.36118042E+3,
663.600,2.34024023E+3,
663.7500,1.96568384E+3,
663.900,1.74499036E+3,
664.0500,1.88378162E+3,
664.200,1.69405981E+3,
664.3500,1.68188318E+3,
664.500,1.43112061E+3,
664.6500,1.33673389E+3,
664.800,1.26367346E+3,
664.9500,1.25031848E+3,
665.100,1.30802295E+3,
665.2500,1.33307080E+3,
665.400,1.36373181E+3,
665.5500,1.25121802E+3,
665.700,1.14369043E+3,
665.8500,1.23501990E+3,
666.00,1.15468555E+3,
666.1500,1.11849036E+3,
666.300,1.21040649E+3,
666.4500,1.06233557E+3,
666.600,1.15454761E+3,
666.7500,1.28652100E+3,
666.900,1.14881262E+3,
667.0500,1.02737988E+3,
667.200,1.07513257E+3,
667.3500,1.00399243E+3,
667.500,9.38188599E+2,
667.6500,1.02595569E+3,
667.800,1.02272455E+3,
667.9500,1.06529370E+3,
668.100,1.02774780E+3,
668.2500,1.12242908E+3,
668.400,9.80990845E+2,
668.5500,9.71888977E+2,
668.700,1.04393335E+3,
668.8500,8.31436829E+2,
669.00,8.68506104E+2,
669.1500,8.70777893E+2,
669.300,1.02540051E+3,
669.4500,8.04844421E+2,
669.600,9.54206787E+2,
669.7500,1.02166949E+3,
669.900,7.93427124E+2,
670.0500,8.96421753E+2,
670.200,8.45180603E+2,
670.3500,8.53342102E+2,
670.500,8.73507263E+2,
670.6500,9.05770691E+2,
670.800,8.35956299E+2,
670.9500,7.17537659E+2,
671.100,7.25385925E+2,
671.2500,8.12014648E+2,
671.400,7.10750122E+2,
671.5500,9.31738770E+2,
671.700,8.97414612E+2,
671.8500,9.91434082E+2,
672.00,7.48483582E+2,
672.1500,9.59365051E+2,
672.300,7.89051941E+2,
672.4500,7.35326477E+2,
672.600,7.86637268E+2,
672.7500,7.07804993E+2,
672.900,8.52644775E+2,
673.0500,9.42042358E+2,
673.200,8.50539429E+2,
673.3500,7.20967468E+2,
673.500,8.04434082E+2,
673.6500,9.19807495E+2,
673.800,7.13650696E+2,
673.9500,7.09071045E+2,
674.100,7.74321838E+2,
674.2500,7.82654297E+2,
674.400,7.84646729E+2,
674.5500,7.99434753E+2,
674.700,6.73236511E+2,
674.8500,8.54939941E+2,
675.00,8.57120300E+2,
675.1500,7.49502014E+2,
675.300,8.29180847E+2,
675.4500,7.20921875E+2,
675.600,7.42328857E+2,
675.7500,6.46328979E+2,
675.900,7.06919861E+2,
676.0500,7.28454285E+2,
676.200,6.71156738E+2,
676.3500,8.37861572E+2,
676.500,7.87156372E+2,
676.6500,6.56592590E+2,
676.800,7.44775452E+2,
676.9500,7.20077515E+2,
677.100,7.15301086E+2,
677.2500,7.70821472E+2,
677.400,7.66148376E+2,
677.5500,6.73844849E+2,
677.700,7.56713562E+2,
677.8500,7.85824158E+2,
678.00,6.92823059E+2,
678.1500,6.33336853E+2,
678.300,7.92025818E+2,
678.4500,7.46171936E+2,
678.600,7.61845215E+2,
678.7500,7.84477722E+2,
678.900,7.38231812E+2,
679.0500,7.19394775E+2,
679.200,7.14301575E+2,
679.3500,6.74414246E+2,
679.500,7.10994812E+2,
679.6500,7.82702332E+2,
679.800,6.93626892E+2,
679.9500,7.09456787E+2,
680.100,6.14787231E+2,
680.2500,6.80261230E+2,
680.400,5.82664795E+2,
680.5500,5.55776001E+2,
680.700,7.00218323E+2,
680.8500,6.73500488E+2,
681.00,6.32260986E+2,
681.1500,5.76357422E+2,
681.300,7.22420471E+2,
681.4500,7.38890625E+2,
681.600,4.86681885E+2,
681.7500,4.80734924E+2,
681.900,7.08477661E+2,
682.0500,8.27596130E+2,
682.200,6.60930237E+2,
682.3500,6.55354919E+2,
682.500,6.79279846E+2,
682.6500,8.36594604E+2,
682.800,7.27508789E+2,
682.9500,6.62490417E+2,
683.100,7.16522217E+2,
683.2500,6.43608704E+2,
683.400,9.07977783E+2,
683.5500,7.59936829E+2,
683.700,6.48817505E+2,
683.8500,7.26212708E+2,
684.00,7.28170532E+2,
684.1500,5.32392578E+2,
684.300,7.16859192E+2,
684.4500,6.72918518E+2,
684.600,7.05410400E+2,
684.7500,5.91997375E+2,
684.900,6.70694519E+2,
685.0500,6.95702332E+2,
685.200,6.74334900E+2,
685.3500,5.90671387E+2,
685.500,6.54618530E+2,
685.6500,6.56396606E+2,
685.800,6.81685974E+2,
685.9500,6.59970093E+2,
686.100,6.14491699E+2,
686.2500,6.87252014E+2,
686.400,7.68325623E+2,
686.5500,7.30698120E+2,
686.700,7.80467407E+2,
686.8500,8.38488098E+2,
687.00,6.24571289E+2,
687.1500,7.78843506E+2,
687.300,7.40725525E+2,
687.4500,7.18542419E+2,
687.600,7.77189575E+2,
687.7500,7.87447937E+2,
687.900,7.81478699E+2,
688.0500,9.46888977E+2,
688.200,9.16758911E+2,
688.3500,8.20793152E+2,
688.500,6.17294556E+2,
688.6500,8.83108215E+2,
688.800,7.03473999E+2,
688.9500,6.47328369E+2,
689.100,7.23993225E+2,
689.2500,6.34171692E+2,
689.400,7.61402039E+2,
689.5500,7.46692810E+2,
689.700,6.30949219E+2,
689.8500,7.17024048E+2,
690.00,5.66724731E+2,
690.1500,7.63326233E+2,
690.300,7.39872986E+2,
690.4500,6.31017822E+2,
690.600,7.09676636E+2,
690.7500,6.85876221E+2,
690.900,6.61943909E+2,
691.0500,7.24080872E+2,
691.200,7.86563232E+2,
691.3500,6.76039124E+2,
691.500,6.95269287E+2,
691.6500,7.49460632E+2,
691.800,6.64127197E+2,
691.9500,7.09760559E+2,
692.100,8.17150024E+2,
692.2500,7.57724670E+2,
692.400,7.50978455E+2,
692.5500,7.44189270E+2,
692.700,8.35082642E+2,
692.8500,6.05771118E+2,
693.00,5.98512878E+2,
693.1500,8.24088135E+2,
693.300,1.00598370E+3,
693.4500,8.91655457E+2,
693.600,6.50255310E+2,
693.7500,8.15050110E+2,
693.900,9.44424194E+2,
694.0500,8.74173218E+2,
694.200,9.58762756E+2,
694.3500,7.41656799E+2,
694.500,9.08971497E+2,
694.6500,7.36552429E+2,
694.800,9.04770264E+2,
694.9500,1.04614368E+3,
695.100,9.28385620E+2,
695.2500,9.96175720E+2,
695.400,9.42972290E+2,
695.5500,8.80097839E+2,
695.700,8.45031982E+2,
695.8500,7.81514465E+2,
696.00,8.59269958E+2,
696.1500,8.52223938E+2,
696.300,8.83114990E+2,
696.4500,7.80860352E+2,
696.600,8.11716248E+2,
696.7500,8.61895752E+2,
696.900,9.21959900E+2,
697.0500,9.05287659E+2,
697.200,8.40188416E+2,
697.3500,7.55355286E+2,
697.500,7.67156616E+2,
697.6500,8.27708801E+2,
697.800,8.39767212E+2,
697.9500,9.20432861E+2,
698.100,1.07027600E+3,
698.2500,9.84635986E+2,
698.400,9.87378601E+2,
698.5500,6.23781250E+2,
698.700,8.93602173E+2,
698.8500,8.66226807E+2,
699.00,1.07832056E+3,
699.1500,9.91261230E+2,
699.300,1.07439929E+3,
699.4500,9.36474670E+2,
699.600,9.08839844E+2,
699.7500,1.00256604E+3,
699.900,9.74952881E+2,
700.0500,1.02863074E+3,
700.200,7.14901123E+2,
700.3500,7.88585938E+2,
700.500,9.65378601E+2,
700.6500,7.82702148E+2,
700.800,8.26201538E+2,
700.9500,8.07803772E+2,
701.100,7.37317566E+2,
701.2500,9.57975342E+2,
701.400,9.08359070E+2,
701.5500,8.47998291E+2,
701.700,7.66313599E+2,
701.8500,8.31543335E+2,
702.00,9.81557556E+2,
702.1500,1.05829626E+3,
702.300,1.03993884E+3,
702.4500,1.04275928E+3,
702.600,9.92242493E+2,
702.7500,9.30747498E+2,
702.900,1.12637024E+3,
703.0500,1.18326135E+3,
703.200,1.11111096E+3,
703.3500,1.15754224E+3,
703.500,1.25847620E+3,
703.6500,1.25118237E+3,
703.800,9.60154968E+2,
703.9500,1.00666406E+3,
704.100,9.54741211E+2,
704.2500,1.06763953E+3,
704.400,1.07081177E+3,
704.5500,1.09613831E+3,
704.700,1.06608716E+3,
704.8500,9.24467529E+2,
705.00,1.16182446E+3,
705.1500,1.09804846E+3,
705.300,1.26987927E+3,
705.4500,1.19476074E+3,
705.600,1.23223486E+3,
705.7500,1.13386243E+3,
705.900,1.06901428E+3,
706.0500,1.09499768E+3,
706.200,9.49489258E+2,
706.3500,1.21615369E+3,
706.500,1.33478894E+3,
706.6500,1.07327625E+3,
706.800,1.01855725E+3,
706.9500,1.36981335E+3,
707.100,1.23412012E+3,
707.2500,1.10929199E+3,
707.400,1.58098853E+3,
707.5500,1.35072107E+3,
707.700,1.27223401E+3,
707.8500,1.31142175E+3,
708.00,1.24418884E+3,
708.1500,1.23589905E+3,
708.300,1.19179761E+3,
708.4500,1.87653833E+3,
708.600,1.29460559E+3,
708.7500,1.40655530E+3,
708.900,1.18156091E+3,
709.0500,1.35421558E+3,
709.200,1.27309705E+3,
709.3500,1.20367859E+3,
709.500,1.20702051E+3,
709.6500,1.17369824E+3,
709.800,1.38538245E+3,
709.9500,1.10647522E+3,
710.100,1.12183594E+3,
710.2500,1.33503162E+3,
710.400,1.14034644E+3,
710.5500,1.10616626E+3,
710.700,8.10078613E+2,
710.8500,1.14970276E+3,
711.00,1.21549854E+3,
711.1500,1.08066028E+3,
711.300,1.12147327E+3,
711.4500,1.16251099E+3,
711.600,1.11507190E+3,
711.7500,1.23254846E+3,
711.900,1.04486426E+3,
712.0500,9.96691040E+2,
712.200,1.06360010E+3,
712.3500,1.01522516E+3,
712.500,1.31453369E+3,
712.6500,1.18904260E+3,
712.800,1.16651648E+3,
712.9500,9.48879944E+2,
713.100,1.23831982E+3,
713.2500,1.16335168E+3,
713.400,9.17555908E+2,
713.5500,1.06471545E+3,
713.700,9.75428711E+2,
713.8500,1.00460156E+3,
714.00,1.27253333E+3,
714.1500,9.17164368E+2,
714.300,9.33033081E+2,
714.4500,8.68788879E+2,
714.600,9.65020447E+2,
714.7500,1.24994592E+3,
714.900,1.03777905E+3,
715.0500,1.28397583E+3,
715.200,9.08141418E+2,
715.3500,8.97158875E+2,
715.500,9.27005676E+2,
715.6500,1.28514209E+3,
715.800,1.04204785E+3,
715.9500,9.21299561E+2,
716.100,9.65364807E+2,
716.2500,9.95867737E+2,
716.400,7.62973572E+2,
716.5500,9.32180908E+2,
716.700,1.11633752E+3,
716.8500,9.51690857E+2,
717.00,8.42211670E+2,
717.1500,8.02429504E+2,
717.300,9.03597290E+2,
717.4500,1.11862976E+3,
717.600,8.37870728E+2,
717.7500,7.69105591E+2,
717.900,9.57052979E+2,
718.0500,6.58991577E+2,
718.200,9.91323059E+2,
718.3500,8.50086975E+2,
718.500,7.22483643E+2,
718.6500,9.99898010E+2,
718.800,8.71981201E+2,
718.9500,8.16196411E+2,
719.100,1.12547949E+3,
719.2500,9.52787231E+2,
719.400,1.19070728E+3,
719.5500,9.14007935E+2,
719.700,1.30100977E+3,
719.8500,1.06750842E+3,
720.00,1.14491089E+3,
720.1500,9.09585449E+2,
720.300,1.06170911E+3,
720.4500,1.21469458E+3,
720.600,9.77533203E+2,
720.7500,9.04913025E+2,
720.900,1.04362366E+3,
721.0500,1.00108307E+3,
721.200,9.27835876E+2,
721.3500,9.91450562E+2,
721.500,8.87162903E+2,
721.6500,1.05838550E+3,
721.800,8.76778198E+2,
721.9500,1.21860620E+3,
722.100,1.34572656E+3,
722.2500,1.31840332E+3,
722.400,9.79858459E+2,
722.5500,1.09172900E+3,
722.700,9.85264099E+2,
722.8500,1.09775806E+3,
723.00,9.74984924E+2,
723.1500,1.10386951E+3,
723.300,1.12277356E+3,
723.4500,8.88049927E+2,
723.600,8.58736389E+2,
723.7500,9.08989746E+2,
723.900,8.31586121E+2,
724.0500,6.73574402E+2,
724.200,9.81123230E+2,
724.3500,8.22664490E+2,
724.500,7.11812378E+2,
724.6500,1.00592773E+3,
724.800,6.99691772E+2,
724.9500,1.09339661E+3,
725.100,1.21112622E+3,
725.2500,9.35584534E+2,
725.400,1.11935938E+3,
725.5500,1.45276917E+3,
725.700,1.55631128E+3,
725.8500,1.41137915E+3,
726.00,1.61530359E+3,
726.1500,1.26914172E+3,
726.300,1.38991895E+3,
726.4500,1.05795728E+3,
726.600,8.42005737E+2,
726.7500,1.19900830E+3,
726.900,9.65293152E+2,
727.0500,8.15148499E+2,
727.200,7.15215027E+2,
727.3500,7.85485535E+2,
727.500,6.33543457E+2,
727.6500,6.86800598E+2,
727.800,6.88695801E+2,
727.9500,4.66153717E+2,
728.100,9.52175842E+2,
728.2500,7.11743774E+2,
728.400,7.83320068E+2,
728.5500,7.15645874E+2,
728.700,6.82602417E+2,
728.8500,8.24880798E+2,
729.00,9.15140869E+2,
729.1500,9.88293701E+2,
729.300,6.72505188E+2,
729.4500,6.21148621E+2,
729.600,7.29672791E+2,
729.7500,7.13875183E+2,
729.900,8.76957031E+2,
730.0500,7.53802795E+2,
730.200,6.29963135E+2,
730.3500,1.04692358E+3,
730.500,7.42185303E+2,
730.6500,7.44313171E+2,
730.800,8.01066833E+2,
730.9500,6.75559326E+2,
731.100,7.69013489E+2,
731.2500,6.42635559E+2,
731.400,6.26021912E+2,
731.5500,9.41663147E+2,
731.700,9.07271790E+2,
731.8500,8.91250977E+2,
732.00,6.88936584E+2,
732.1500,9.14889709E+2,
732.300,1.04847168E+3,
732.4500,8.26073364E+2,
732.600,8.66008728E+2,
732.7500,1.00055304E+3,
732.900,9.84394348E+2,
733.0500,6.07471130E+2,
733.200,1.18030334E+3,
733.3500,7.44550537E+2,
733.500,9.76402466E+2,
733.6500,1.26716626E+3,
733.800,1.32852783E+3,
733.9500,1.46746741E+3,
734.100,1.80086719E+3,
734.2500,1.53417773E+3,
734.400,2.00603125E+3,
734.5500,2.18761768E+3,
734.700,2.01764624E+3,
734.8500,2.02348987E+3,
735.00,1.81262964E+3,
735.1500,2.03513953E+3,
735.300,2.06075781E+3,
735.4500,1.47049463E+3,
735.600,1.21562915E+3,
735.7500,1.81866943E+3,
735.900,1.22260242E+3,
736.0500,1.58785193E+3,
736.200,1.35037256E+3,
736.3500,1.45515222E+3,
736.500,1.15517896E+3,
736.6500,9.95797058E+2,
736.800,1.63029382E+3,
736.9500,1.06262915E+3,
737.100,1.74163989E+3,
737.2500,1.78730884E+3,
737.400,1.40065674E+3,
737.5500,1.79673987E+3,
737.700,1.80148022E+3,
737.8500,2.13841943E+3,
738.00,2.20652075E+3,
738.1500,2.25387866E+3,
738.300,2.42700073E+3,
738.4500,3.16734229E+3,
738.600,2.73381177E+3,
738.7500,3.33112158E+3,
738.900,3.46646558E+3,
739.0500,3.72970117E+3,
739.200,3.50575195E+3,
739.3500,4.06881104E+3,
739.500,4.16492090E+3,
739.6500,4.47567041E+3,
739.800,3.34947510E+3,
739.9500,3.20759717E+3,
740.100,3.06521802E+3,
740.2500,2.46761328E+3,
740.400,2.25739038E+3,
740.5500,1.89362732E+3,
740.700,2.11714404E+3,
740.8500,1.64151428E+3,
741.00,8.77909058E+2,
741.1500,1.40855872E+3,
741.300,1.36833655E+3,
741.4500,7.96730652E+2,
741.600,7.98951843E+2,
741.7500,1.00147760E+3,
741.900,1.11586377E+3,
742.0500,7.83268250E+2,
742.200,8.07836304E+2,
742.3500,6.97528992E+2,
742.500,8.57363770E+2,
742.6500,7.46583374E+2,
742.800,8.62048279E+2,
742.9500,5.23191650E+2,
743.100,7.52722351E+2,
743.2500,3.43085388E+2,
743.400,4.35769165E+2,
743.5500,5.05962524E+2,
743.700,6.45725464E+2,
743.8500,6.01255127E+2,
744.00,6.95670593E+2,
744.1500,6.74351074E+2,
744.300,7.22863586E+2,
744.4500,7.71643311E+2,
744.600,5.62760193E+2,
744.7500,5.87845398E+2,
744.900,6.36648438E+2,
745.0500,5.20190430E+2,
745.200,5.92740601E+2,
745.3500,4.51714996E+2,
745.500,7.62866394E+2,
745.6500,6.69338989E+2,
745.800,7.91028992E+2,
745.9500,4.80728943E+2,
746.100,5.78411560E+2,
746.2500,9.66548157E+2,
746.400,1.04176904E+3,
746.5500,1.19025293E+3,
746.700,9.01127502E+2,
746.8500,1.05001514E+3,
747.00,1.02830090E+3,
747.1500,1.10448035E+3,
747.300,9.34984009E+2,
747.4500,8.38640015E+2,
747.600,1.16217505E+3,
747.7500,6.44503235E+2,
747.900,8.44909485E+2,
748.0500,5.97888184E+2,
748.200,6.74288818E+2,
748.3500,7.51065491E+2,
748.500,4.76854156E+2,
748.6500,7.54796814E+2,
748.800,6.30559631E+2,
748.9500,5.56272034E+2,
749.100,4.05615326E+2,
749.2500,4.57533875E+2,
749.400,6.37160522E+2,
749.5500,4.59981476E+2,
749.700,6.66195129E+2,
749.8500,5.39521729E+2,
750.00,6.44009827E+2,
