Labels,32C_27_600K,
Type,Emission Scan,
Comment,,
Start,450.00,
Stop,750.1500,
Step,0.150,
Fixed/Offset,248.400,
Xaxis,Wavelength,
Yaxis,Counts,
Scan Corr. by File,True,
Corr. by Ref. Det.,False,
Fixed/Offset Corr. by File,False,
Repeats,1,
Dwell Time,0.20,
Lamp,Xe,
Temp,28.40,
Scan Polariser,None,
Scan Slit,0.2520,
Fixed/Offset Polariser,None,
Fixed/Offset Slit,2.9970,
Detector,Red PMT,

450.00,1.54362781E+3,
450.1500,1.70857739E+3,
450.300,1.47232617E+3,
450.4500,1.27916052E+3,
450.600,1.14537634E+3,
450.7500,1.03397791E+3,
450.900,1.00070154E+3,
451.0500,9.56125916E+2,
451.200,9.78441162E+2,
451.3500,9.49927612E+2,
451.500,1.00878375E+3,
451.6500,9.21482788E+2,
451.800,1.07885645E+3,
451.9500,1.05351782E+3,
452.100,1.13445569E+3,
452.2500,1.25733459E+3,
452.400,1.17498059E+3,
452.5500,1.23569421E+3,
452.700,1.13237549E+3,
452.8500,1.04080432E+3,
453.00,1.04424207E+3,
453.1500,9.25489136E+2,
453.300,9.65362488E+2,
453.4500,1.11388013E+3,
453.600,1.01208746E+3,
453.7500,9.43014587E+2,
453.900,9.10519409E+2,
454.0500,9.62381409E+2,
454.200,1.03048657E+3,
454.3500,1.06998999E+3,
454.500,1.11043909E+3,
454.6500,1.01664917E+3,
454.800,1.04842151E+3,
454.9500,9.56361267E+2,
455.100,9.97609497E+2,
455.2500,9.61150879E+2,
455.400,1.04055005E+3,
455.5500,9.79542908E+2,
455.700,1.01532068E+3,
455.8500,9.71719238E+2,
456.00,9.96330017E+2,
456.1500,1.03650488E+3,
456.300,1.09084253E+3,
456.4500,1.07428369E+3,
456.600,1.06719690E+3,
456.7500,1.12037756E+3,
456.900,1.06899805E+3,
457.0500,1.21713159E+3,
457.200,1.15064648E+3,
457.3500,1.09138684E+3,
457.500,1.07850037E+3,
457.6500,1.12627295E+3,
457.800,1.10463586E+3,
457.9500,1.05837976E+3,
458.100,1.20852148E+3,
458.2500,1.15642773E+3,
458.400,1.15759961E+3,
458.5500,1.17706970E+3,
458.700,1.13697229E+3,
458.8500,1.12264771E+3,
459.00,1.05811487E+3,
459.1500,1.06726123E+3,
459.300,1.06684229E+3,
459.4500,1.04990063E+3,
459.600,1.01902850E+3,
459.7500,1.07631140E+3,
459.900,1.04332556E+3,
460.0500,1.07921521E+3,
460.200,1.01214655E+3,
460.3500,1.03196460E+3,
460.500,1.07225769E+3,
460.6500,1.11337549E+3,
460.800,1.06443054E+3,
460.9500,1.10754834E+3,
461.100,1.12702734E+3,
461.2500,1.16452698E+3,
461.400,1.14695068E+3,
461.5500,1.24325317E+3,
461.700,1.19445544E+3,
461.8500,1.26671277E+3,
462.00,1.33959802E+3,
462.1500,1.37970251E+3,
462.300,1.49090442E+3,
462.4500,1.52600781E+3,
462.600,1.49330591E+3,
462.7500,1.58481165E+3,
462.900,1.44912952E+3,
463.0500,1.36736267E+3,
463.200,1.33270740E+3,
463.3500,1.33806995E+3,
463.500,1.31335498E+3,
463.6500,1.13772217E+3,
463.800,1.10615503E+3,
463.9500,1.21868982E+3,
464.100,1.13300830E+3,
464.2500,1.08281812E+3,
464.400,1.11018494E+3,
464.5500,1.01693835E+3,
464.700,1.05911951E+3,
464.8500,1.11482300E+3,
465.00,1.08101196E+3,
465.1500,1.12628845E+3,
465.300,1.05940344E+3,
465.4500,1.05964246E+3,
465.600,1.12665588E+3,
465.7500,1.06223083E+3,
465.900,1.07288928E+3,
466.0500,1.12824670E+3,
466.200,1.17638586E+3,
466.3500,1.19334741E+3,
466.500,1.27744946E+3,
466.6500,1.45937354E+3,
466.800,1.64389221E+3,
466.9500,1.87010938E+3,
467.100,2.04762000E+3,
467.2500,2.15294116E+3,
467.400,2.12368848E+3,
467.5500,1.94293506E+3,
467.700,1.94471729E+3,
467.8500,1.66449402E+3,
468.00,1.64110815E+3,
468.1500,1.53037097E+3,
468.300,1.39439856E+3,
468.4500,1.33298364E+3,
468.600,1.31642480E+3,
468.7500,1.36591541E+3,
468.900,1.30980237E+3,
469.0500,1.26097632E+3,
469.200,1.23973938E+3,
469.3500,1.29343433E+3,
469.500,1.30558813E+3,
469.6500,1.28741272E+3,
469.800,1.30057263E+3,
469.9500,1.27033008E+3,
470.100,1.27051831E+3,
470.2500,1.18814050E+3,
470.400,1.19650793E+3,
470.5500,1.13843530E+3,
470.700,1.12369067E+3,
470.8500,1.14817761E+3,
471.00,1.03296802E+3,
471.1500,1.05366003E+3,
471.300,1.05024097E+3,
471.4500,1.02173450E+3,
471.600,1.02234723E+3,
471.7500,1.05605725E+3,
471.900,1.04463037E+3,
472.0500,9.92178040E+2,
472.200,1.04506775E+3,
472.3500,1.03782983E+3,
472.500,1.02558838E+3,
472.6500,1.16755920E+3,
472.800,1.14128186E+3,
472.9500,1.28617273E+3,
473.100,1.26997192E+3,
473.2500,1.61905371E+3,
473.400,1.66389343E+3,
473.5500,1.68371350E+3,
473.700,1.52147314E+3,
473.8500,1.28125513E+3,
474.00,1.18110315E+3,
474.1500,1.13708423E+3,
474.300,1.12806873E+3,
474.4500,1.06005066E+3,
474.600,9.92034363E+2,
474.7500,9.71020996E+2,
474.900,1.04500903E+3,
475.0500,9.77025208E+2,
475.200,1.10811426E+3,
475.3500,1.02018353E+3,
475.500,1.02626318E+3,
475.6500,1.00733502E+3,
475.800,1.06543506E+3,
475.9500,9.98482910E+2,
476.100,1.02761780E+3,
476.2500,9.92733765E+2,
476.400,9.67848511E+2,
476.5500,1.04405811E+3,
476.700,1.02517859E+3,
476.8500,9.98282959E+2,
477.00,1.06050574E+3,
477.1500,1.04671704E+3,
477.300,9.98857788E+2,
477.4500,1.05318884E+3,
477.600,1.07045728E+3,
477.7500,1.08672961E+3,
477.900,1.06289856E+3,
478.0500,1.03007007E+3,
478.200,1.06954126E+3,
478.3500,1.04279553E+3,
478.500,1.11542505E+3,
478.6500,1.08164331E+3,
478.800,1.08400488E+3,
478.9500,1.08234631E+3,
479.100,1.07673975E+3,
479.2500,1.03897876E+3,
479.400,1.12092322E+3,
479.5500,1.13750317E+3,
479.700,1.06849463E+3,
479.8500,1.13745117E+3,
480.00,1.13792554E+3,
480.1500,1.12633740E+3,
480.300,1.18434473E+3,
480.4500,1.19496582E+3,
480.600,1.34392419E+3,
480.7500,1.38391492E+3,
480.900,1.45728760E+3,
481.0500,1.41545459E+3,
481.200,1.40289856E+3,
481.3500,1.33568726E+3,
481.500,1.31802051E+3,
481.6500,1.24868738E+3,
481.800,1.24616174E+3,
481.9500,1.23653711E+3,
482.100,1.23403821E+3,
482.2500,1.21025000E+3,
482.400,1.26154138E+3,
482.5500,1.23266211E+3,
482.700,1.26064050E+3,
482.8500,1.35978064E+3,
483.00,1.35021606E+3,
483.1500,1.33976501E+3,
483.300,1.38222693E+3,
483.4500,1.33103943E+3,
483.600,1.26960339E+3,
483.7500,1.25397498E+3,
483.900,1.21792578E+3,
484.0500,1.27270227E+3,
484.200,1.18667908E+3,
484.3500,1.22827942E+3,
484.500,1.25970239E+3,
484.6500,1.21340393E+3,
484.800,1.25201501E+3,
484.9500,1.22511157E+3,
485.100,1.16338293E+3,
485.2500,1.20211707E+3,
485.400,1.17623694E+3,
485.5500,1.13696680E+3,
485.700,1.13566772E+3,
485.8500,1.14156238E+3,
486.00,1.15054846E+3,
486.1500,1.14515967E+3,
486.300,1.16449231E+3,
486.4500,1.14878625E+3,
486.600,1.12170374E+3,
486.7500,1.15963635E+3,
486.900,1.22654919E+3,
487.0500,1.24078564E+3,
487.200,1.09254614E+3,
487.3500,1.23709473E+3,
487.500,1.28755078E+3,
487.6500,1.20643335E+3,
487.800,1.25692395E+3,
487.9500,1.27530322E+3,
488.100,1.32273865E+3,
488.2500,1.40344873E+3,
488.400,1.42291919E+3,
488.5500,1.36961084E+3,
488.700,1.39323950E+3,
488.8500,1.43875220E+3,
489.00,1.37493982E+3,
489.1500,1.41645789E+3,
489.300,1.46115320E+3,
489.4500,1.39110583E+3,
489.600,1.39406335E+3,
489.7500,1.40955933E+3,
489.900,1.52230579E+3,
490.0500,1.40928528E+3,
490.200,1.54125427E+3,
490.3500,1.50995581E+3,
490.500,1.57403137E+3,
490.6500,1.61196350E+3,
490.800,1.59848560E+3,
490.9500,1.69639294E+3,
491.100,1.84504187E+3,
491.2500,1.82238037E+3,
491.400,1.87027014E+3,
491.5500,2.05110718E+3,
491.700,2.06125854E+3,
491.8500,2.14535986E+3,
492.00,2.06890137E+3,
492.1500,2.04310364E+3,
492.300,2.02678601E+3,
492.4500,1.95002625E+3,
492.600,2.09375073E+3,
492.7500,1.79504492E+3,
492.900,1.90167969E+3,
493.0500,1.75753979E+3,
493.200,1.64506079E+3,
493.3500,1.72940698E+3,
493.500,1.70304224E+3,
493.6500,1.59130615E+3,
493.800,1.60641003E+3,
493.9500,1.54355322E+3,
494.100,1.53724536E+3,
494.2500,1.45817078E+3,
494.400,1.56954419E+3,
494.5500,1.50000769E+3,
494.700,1.49684070E+3,
494.8500,1.52263562E+3,
495.00,1.46577905E+3,
495.1500,1.54322534E+3,
495.300,1.46698987E+3,
495.4500,1.38094421E+3,
495.600,1.45633569E+3,
495.7500,1.40571265E+3,
495.900,1.46073181E+3,
496.0500,1.40898926E+3,
496.200,1.39506628E+3,
496.3500,1.33677087E+3,
496.500,1.40934766E+3,
496.6500,1.34878833E+3,
496.800,1.37377954E+3,
496.9500,1.40748999E+3,
497.100,1.33270715E+3,
497.2500,1.33391736E+3,
497.400,1.29812842E+3,
497.5500,1.32761560E+3,
497.700,1.31572839E+3,
497.8500,1.28526599E+3,
498.00,1.21652319E+3,
498.1500,1.29742188E+3,
498.300,1.31282129E+3,
498.4500,1.23626367E+3,
498.600,1.26258557E+3,
498.7500,1.23410120E+3,
498.900,1.23191174E+3,
499.0500,1.25719312E+3,
499.200,1.28472815E+3,
499.3500,1.27047168E+3,
499.500,1.22753503E+3,
499.6500,1.23966150E+3,
499.800,1.29264868E+3,
499.9500,1.19325427E+3,
500.100,1.17884192E+3,
500.2500,1.21753479E+3,
500.400,1.18982190E+3,
500.5500,1.14763965E+3,
500.700,1.15532056E+3,
500.8500,1.14523694E+3,
501.00,1.20295007E+3,
501.1500,1.14280151E+3,
501.300,1.07697485E+3,
501.4500,1.16151379E+3,
501.600,1.11343103E+3,
501.7500,1.10210962E+3,
501.900,1.08405896E+3,
502.0500,1.03913062E+3,
502.200,1.08368604E+3,
502.3500,1.07229053E+3,
502.500,1.03507849E+3,
502.6500,1.03483789E+3,
502.800,1.10536328E+3,
502.9500,1.08044055E+3,
503.100,1.02850037E+3,
503.2500,1.04180591E+3,
503.400,9.97640076E+2,
503.5500,9.71444519E+2,
503.700,1.00617987E+3,
503.8500,1.02288831E+3,
504.00,1.08260986E+3,
504.1500,9.62442322E+2,
504.300,9.87116577E+2,
504.4500,9.78936096E+2,
504.600,9.69601624E+2,
504.7500,9.94338135E+2,
504.900,1.02366492E+3,
505.0500,1.01319928E+3,
505.200,9.68534668E+2,
505.3500,1.06976660E+3,
505.500,1.00565924E+3,
505.6500,1.02483691E+3,
505.800,1.02231793E+3,
505.9500,1.06328369E+3,
506.100,1.08029602E+3,
506.2500,1.07098010E+3,
506.400,9.98517822E+2,
506.5500,1.09708618E+3,
506.700,1.07509961E+3,
506.8500,1.12327234E+3,
507.00,1.15655383E+3,
507.1500,1.24534167E+3,
507.300,1.28236035E+3,
507.4500,1.24434778E+3,
507.600,1.23401099E+3,
507.7500,1.39035217E+3,
507.900,1.34072888E+3,
508.0500,1.31538562E+3,
508.200,1.25403906E+3,
508.3500,1.29484595E+3,
508.500,1.22054187E+3,
508.6500,1.28468164E+3,
508.800,1.23235669E+3,
508.9500,1.19392590E+3,
509.100,1.20329248E+3,
509.2500,1.17641223E+3,
509.400,1.09679968E+3,
509.5500,1.16465967E+3,
509.700,1.05437732E+3,
509.8500,1.06127258E+3,
510.00,1.11870728E+3,
510.1500,1.01740149E+3,
510.300,1.05364636E+3,
510.4500,1.07817017E+3,
510.600,1.12396350E+3,
510.7500,1.03290186E+3,
510.900,9.60576599E+2,
511.0500,1.00874628E+3,
511.200,9.52847046E+2,
511.3500,9.77404297E+2,
511.500,9.65242676E+2,
511.6500,1.02782800E+3,
511.800,9.42030701E+2,
511.9500,9.16715393E+2,
512.100,9.73508728E+2,
512.2500,9.05347839E+2,
512.400,9.15750610E+2,
512.5500,9.16620728E+2,
512.700,8.27890991E+2,
512.8500,8.27476929E+2,
513.00,8.43816345E+2,
513.1500,7.84763489E+2,
513.300,8.73103699E+2,
513.4500,8.37965027E+2,
513.600,8.42408569E+2,
513.7500,8.31220520E+2,
513.900,8.04353027E+2,
514.0500,8.16011292E+2,
514.200,8.18063965E+2,
514.3500,7.95960022E+2,
514.500,7.39953796E+2,
514.6500,6.93511780E+2,
514.800,6.77259827E+2,
514.9500,7.16761108E+2,
515.100,6.77427246E+2,
515.2500,7.86272949E+2,
515.400,7.10429871E+2,
515.5500,6.84356262E+2,
515.700,6.87482544E+2,
515.8500,7.65041687E+2,
516.00,6.88859558E+2,
516.1500,7.56795959E+2,
516.300,7.52658813E+2,
516.4500,7.70562134E+2,
516.600,7.79913452E+2,
516.7500,7.20541321E+2,
516.900,6.77021484E+2,
517.0500,6.72779053E+2,
517.200,7.14098328E+2,
517.3500,6.82783447E+2,
517.500,7.00751221E+2,
517.6500,6.08840332E+2,
517.800,6.37889587E+2,
517.9500,7.17731934E+2,
518.100,7.32094299E+2,
518.2500,6.29929688E+2,
518.400,6.82713257E+2,
518.5500,6.70988708E+2,
518.700,6.82870911E+2,
518.8500,6.79832642E+2,
519.00,6.85510864E+2,
519.1500,6.23853577E+2,
519.300,6.39502258E+2,
519.4500,6.82689392E+2,
519.600,6.63381165E+2,
519.7500,6.05187927E+2,
519.900,6.05821594E+2,
520.0500,6.89333008E+2,
520.200,6.57399048E+2,
520.3500,7.02151062E+2,
520.500,6.28586365E+2,
520.6500,6.73398743E+2,
520.800,6.09737915E+2,
520.9500,6.24291077E+2,
521.100,6.73024109E+2,
521.2500,6.25607727E+2,
521.400,6.23727844E+2,
521.5500,6.01535767E+2,
521.700,6.72033813E+2,
521.8500,6.44753906E+2,
522.00,6.12323425E+2,
522.1500,6.62656006E+2,
522.300,6.77371155E+2,
522.4500,6.46143982E+2,
522.600,6.64701965E+2,
522.7500,5.87327454E+2,
522.900,6.57094360E+2,
523.0500,6.43670471E+2,
523.200,6.46927917E+2,
523.3500,6.64323669E+2,
523.500,6.38019287E+2,
523.6500,6.38697876E+2,
523.800,6.75468384E+2,
523.9500,6.37470093E+2,
524.100,7.25993591E+2,
524.2500,6.49181396E+2,
524.400,6.49876038E+2,
524.5500,7.11478882E+2,
524.700,7.09641479E+2,
524.8500,6.16886841E+2,
525.00,6.99445251E+2,
525.1500,6.76735474E+2,
525.300,7.17810486E+2,
525.4500,6.63770020E+2,
525.600,6.86634644E+2,
525.7500,7.52665100E+2,
525.900,6.68402710E+2,
526.0500,7.17530701E+2,
526.200,7.14349060E+2,
526.3500,6.94100037E+2,
526.500,7.80197327E+2,
526.6500,7.42876831E+2,
526.800,7.16004883E+2,
526.9500,6.95662903E+2,
527.100,6.84558838E+2,
527.2500,7.02503906E+2,
527.400,7.12554810E+2,
527.5500,7.42477051E+2,
527.700,7.87039307E+2,
527.8500,7.94556641E+2,
528.00,7.43658142E+2,
528.1500,7.27239624E+2,
528.300,7.79993408E+2,
528.4500,8.28869141E+2,
528.600,7.44440857E+2,
528.7500,7.50640564E+2,
528.900,7.96967041E+2,
529.0500,8.08582153E+2,
529.200,7.98764404E+2,
529.3500,7.96970703E+2,
529.500,8.20691223E+2,
529.6500,8.09499390E+2,
529.800,7.82124451E+2,
529.9500,7.87030396E+2,
530.100,7.86537781E+2,
530.2500,8.46813416E+2,
530.400,7.81476379E+2,
530.5500,8.45929565E+2,
530.700,8.57676208E+2,
530.8500,8.51810608E+2,
531.00,8.74444702E+2,
531.1500,8.94422974E+2,
531.300,9.15800842E+2,
531.4500,9.22237671E+2,
531.600,8.53679810E+2,
531.7500,8.81899109E+2,
531.900,8.18611267E+2,
532.0500,8.83799988E+2,
532.200,8.80679016E+2,
532.3500,8.33669128E+2,
532.500,8.09888000E+2,
532.6500,8.95987488E+2,
532.800,8.92850830E+2,
532.9500,8.64913940E+2,
533.100,8.57619385E+2,
533.2500,8.40656189E+2,
533.400,8.19504883E+2,
533.5500,8.93765259E+2,
533.700,8.61538147E+2,
533.8500,8.63900635E+2,
534.00,9.06524841E+2,
534.1500,9.28408264E+2,
534.300,8.52937988E+2,
534.4500,8.90125854E+2,
534.600,9.09264160E+2,
534.7500,8.26523682E+2,
534.900,8.54013367E+2,
535.0500,9.08144775E+2,
535.200,8.51720825E+2,
535.3500,8.73702209E+2,
535.500,8.76074158E+2,
535.6500,8.19416199E+2,
535.800,8.70973145E+2,
535.9500,8.52210266E+2,
536.100,9.44812988E+2,
536.2500,8.62567993E+2,
536.400,9.31359497E+2,
536.5500,8.80036194E+2,
536.700,8.73921997E+2,
536.8500,8.45102722E+2,
537.00,8.84354553E+2,
537.1500,8.69725708E+2,
537.300,8.87782288E+2,
537.4500,9.15847229E+2,
537.600,8.64118286E+2,
537.7500,8.75082275E+2,
537.900,9.37516418E+2,
538.0500,9.75765686E+2,
538.200,8.50815247E+2,
538.3500,8.58937805E+2,
538.500,8.90044861E+2,
538.6500,8.76665955E+2,
538.800,8.30161560E+2,
538.9500,9.07421509E+2,
539.100,8.56524658E+2,
539.2500,7.99741516E+2,
539.400,7.65950928E+2,
539.5500,8.68080505E+2,
539.700,8.63252686E+2,
539.8500,7.94609070E+2,
540.00,8.08553467E+2,
540.1500,9.12678162E+2,
540.300,8.62810730E+2,
540.4500,7.64754761E+2,
540.600,8.75013184E+2,
540.7500,8.08859009E+2,
540.900,9.07722778E+2,
541.0500,8.01941589E+2,
541.200,8.24854919E+2,
541.3500,8.00879639E+2,
541.500,7.56286804E+2,
541.6500,8.17443176E+2,
541.800,8.09556824E+2,
541.9500,7.89860901E+2,
542.100,8.36505920E+2,
542.2500,8.40423035E+2,
542.400,8.35473511E+2,
542.5500,7.60929260E+2,
542.700,8.29975769E+2,
542.8500,7.62667297E+2,
543.00,7.79875427E+2,
543.1500,7.40609131E+2,
543.300,8.50135315E+2,
543.4500,8.57060059E+2,
543.600,8.02815308E+2,
543.7500,7.78323730E+2,
543.900,8.36030945E+2,
544.0500,8.05523560E+2,
544.200,7.43464355E+2,
544.3500,8.17816772E+2,
544.500,8.50268738E+2,
544.6500,8.61734497E+2,
544.800,7.75360596E+2,
544.9500,7.89777344E+2,
545.100,8.01221008E+2,
545.2500,7.96079651E+2,
545.400,8.21169373E+2,
545.5500,8.34199707E+2,
545.700,8.26037354E+2,
545.8500,8.17852905E+2,
546.00,8.40028564E+2,
546.1500,8.36466614E+2,
546.300,8.23755920E+2,
546.4500,7.94243408E+2,
546.600,7.90603394E+2,
546.7500,8.26682129E+2,
546.900,8.32245422E+2,
547.0500,7.56655701E+2,
547.200,8.22002258E+2,
547.3500,7.63132141E+2,
547.500,7.96356750E+2,
547.6500,7.85021179E+2,
547.800,7.98311951E+2,
547.9500,7.94659546E+2,
548.100,7.66277832E+2,
548.2500,7.74948792E+2,
548.400,8.08416687E+2,
548.5500,7.44275757E+2,
548.700,8.27460144E+2,
548.8500,8.33125305E+2,
549.00,7.50097168E+2,
549.1500,8.13314392E+2,
549.300,8.95397583E+2,
549.4500,7.99630371E+2,
549.600,7.59922363E+2,
549.7500,8.90755005E+2,
549.900,7.47612122E+2,
550.0500,8.33225525E+2,
550.200,8.54625549E+2,
550.3500,7.89565369E+2,
550.500,8.33003235E+2,
550.6500,9.22258057E+2,
550.800,7.78121826E+2,
550.9500,8.54872375E+2,
551.100,8.21059875E+2,
551.2500,8.88533997E+2,
551.400,9.03833679E+2,
551.5500,8.44551819E+2,
551.700,8.26453369E+2,
551.8500,8.59226379E+2,
552.00,9.31896912E+2,
552.1500,8.00628540E+2,
552.300,9.50075867E+2,
552.4500,8.79259644E+2,
552.600,8.45084412E+2,
552.7500,9.16585938E+2,
552.900,8.47073181E+2,
553.0500,9.31605591E+2,
553.200,8.66815430E+2,
553.3500,9.27454590E+2,
553.500,8.81838745E+2,
553.6500,9.47480835E+2,
553.800,8.46822937E+2,
553.9500,8.39763428E+2,
554.100,9.02349854E+2,
554.2500,8.74258362E+2,
554.400,8.81822266E+2,
554.5500,9.26797119E+2,
554.700,9.10017212E+2,
554.8500,1.02195508E+3,
555.00,8.99169556E+2,
555.1500,9.23125244E+2,
555.300,9.04602844E+2,
555.4500,9.79386475E+2,
555.600,9.19886658E+2,
555.7500,9.70234558E+2,
555.900,8.84276855E+2,
556.0500,9.56092773E+2,
556.200,8.56740967E+2,
556.3500,9.12204163E+2,
556.500,9.66146362E+2,
556.6500,9.45806274E+2,
556.800,9.81699097E+2,
556.9500,9.94470398E+2,
557.100,1.04710681E+3,
557.2500,1.02178558E+3,
557.400,9.51486694E+2,
557.5500,1.05088855E+3,
557.700,1.08382861E+3,
557.8500,1.04672632E+3,
558.00,1.05633203E+3,
558.1500,9.82320435E+2,
558.300,9.95248840E+2,
558.4500,9.93108032E+2,
558.600,1.05310181E+3,
558.7500,1.07624268E+3,
558.900,1.07081323E+3,
559.0500,1.15135083E+3,
559.200,1.16122437E+3,
559.3500,1.08493054E+3,
559.500,1.05582056E+3,
559.6500,1.05373999E+3,
559.800,9.73623230E+2,
559.9500,1.03766150E+3,
560.100,9.35215942E+2,
560.2500,9.78929626E+2,
560.400,9.06835815E+2,
560.5500,9.88160400E+2,
560.700,9.44942383E+2,
560.8500,9.18722412E+2,
561.00,8.29057312E+2,
561.1500,8.55780396E+2,
561.300,8.70544434E+2,
561.4500,8.56116638E+2,
561.600,7.19447144E+2,
561.7500,7.56494080E+2,
561.900,7.09088257E+2,
562.0500,8.11846863E+2,
562.200,7.36726746E+2,
562.3500,7.13367371E+2,
562.500,7.38489258E+2,
562.6500,7.35898560E+2,
562.800,6.88118652E+2,
562.9500,6.71538635E+2,
563.100,7.55981689E+2,
563.2500,7.25544495E+2,
563.400,6.26921753E+2,
563.5500,6.64429932E+2,
563.700,6.89775696E+2,
563.8500,6.95899841E+2,
564.00,6.49384644E+2,
564.1500,6.18623840E+2,
564.300,6.82806946E+2,
564.4500,7.45398071E+2,
564.600,6.68755249E+2,
564.7500,7.24421692E+2,
564.900,6.61694763E+2,
565.0500,5.70446533E+2,
565.200,5.85379089E+2,
565.3500,5.91466614E+2,
565.500,5.76226440E+2,
565.6500,6.64229492E+2,
565.800,6.13377014E+2,
565.9500,6.35591553E+2,
566.100,5.41629272E+2,
566.2500,6.47866943E+2,
566.400,6.41470825E+2,
566.5500,6.36850708E+2,
566.700,6.62750854E+2,
566.8500,5.70028381E+2,
567.00,5.90505249E+2,
567.1500,6.18237183E+2,
567.300,6.35204285E+2,
567.4500,6.86536194E+2,
567.600,6.13179077E+2,
567.7500,6.13895630E+2,
567.900,6.16424500E+2,
568.0500,6.82504822E+2,
568.200,6.45188843E+2,
568.3500,6.91482544E+2,
568.500,6.52257690E+2,
568.6500,7.00494934E+2,
568.800,6.61178223E+2,
568.9500,6.76623962E+2,
569.100,7.01283325E+2,
569.2500,5.79345825E+2,
569.400,6.18636780E+2,
569.5500,7.03976746E+2,
569.700,7.67447449E+2,
569.8500,6.15475342E+2,
570.00,6.67919067E+2,
570.1500,6.94593140E+2,
570.300,7.19479248E+2,
570.4500,6.64796143E+2,
570.600,6.78577148E+2,
570.7500,7.57358887E+2,
570.900,7.84289673E+2,
571.0500,6.94042053E+2,
571.200,7.02286255E+2,
571.3500,7.36655518E+2,
571.500,7.74835327E+2,
571.6500,7.64500244E+2,
571.800,7.46653259E+2,
571.9500,6.96915527E+2,
572.100,7.20232178E+2,
572.2500,7.68025208E+2,
572.400,6.97486511E+2,
572.5500,7.03950378E+2,
572.700,7.38693726E+2,
572.8500,7.18802917E+2,
573.00,8.12193359E+2,
573.1500,7.35657410E+2,
573.300,7.76325073E+2,
573.4500,7.41258484E+2,
573.600,7.02306213E+2,
573.7500,7.60179199E+2,
573.900,8.50538269E+2,
574.0500,8.74438171E+2,
574.200,8.77417480E+2,
574.3500,8.19287659E+2,
574.500,7.66749695E+2,
574.6500,9.36154114E+2,
574.800,8.91290344E+2,
574.9500,9.17321228E+2,
575.100,9.49181458E+2,
575.2500,9.86890869E+2,
575.400,9.32235657E+2,
575.5500,9.31439758E+2,
575.700,1.00787079E+3,
575.8500,8.62173218E+2,
576.00,1.07998755E+3,
576.1500,9.61171997E+2,
576.300,1.04190283E+3,
576.4500,9.63534912E+2,
576.600,9.39430115E+2,
576.7500,9.77579651E+2,
576.900,1.08990930E+3,
577.0500,9.97527649E+2,
577.200,1.09253174E+3,
577.3500,1.03904346E+3,
577.500,1.13431628E+3,
577.6500,1.03759253E+3,
577.800,1.07220532E+3,
577.9500,1.11476147E+3,
578.100,1.17706274E+3,
578.2500,1.16657495E+3,
578.400,1.12054907E+3,
578.5500,1.21069128E+3,
578.700,1.27335229E+3,
578.8500,1.20946277E+3,
579.00,1.25045679E+3,
579.1500,1.26575305E+3,
579.300,1.18177039E+3,
579.4500,1.16321265E+3,
579.600,1.30784009E+3,
579.7500,1.20368201E+3,
579.900,1.22896619E+3,
580.0500,1.29226770E+3,
580.200,1.44972607E+3,
580.3500,1.38332605E+3,
580.500,1.37489172E+3,
580.6500,1.24403662E+3,
580.800,1.52468140E+3,
580.9500,1.42586658E+3,
581.100,1.38323804E+3,
581.2500,1.38084375E+3,
581.400,1.42283997E+3,
581.5500,1.44674377E+3,
581.700,1.47272314E+3,
581.8500,1.57977112E+3,
582.00,1.51673792E+3,
582.1500,1.51248096E+3,
582.300,1.43706519E+3,
582.4500,1.43879663E+3,
582.600,1.60352734E+3,
582.7500,1.65033191E+3,
582.900,1.56652893E+3,
583.0500,1.64407349E+3,
583.200,1.61331567E+3,
583.3500,1.50663184E+3,
583.500,1.53719080E+3,
583.6500,1.70754565E+3,
583.800,1.68491980E+3,
583.9500,1.79200049E+3,
584.100,1.74674268E+3,
584.2500,1.82113672E+3,
584.400,1.80681213E+3,
584.5500,1.70965283E+3,
584.700,1.80912231E+3,
584.8500,1.92334814E+3,
585.00,1.83634595E+3,
585.1500,1.82605872E+3,
585.300,1.81990332E+3,
585.4500,1.95340723E+3,
585.600,1.85553821E+3,
585.7500,1.86400684E+3,
585.900,1.91014819E+3,
586.0500,1.98150708E+3,
586.200,2.03201819E+3,
586.3500,2.06584180E+3,
586.500,1.93789612E+3,
586.6500,1.94853113E+3,
586.800,1.90651648E+3,
586.9500,1.93399963E+3,
587.100,2.13044287E+3,
587.2500,2.13284888E+3,
587.400,2.12255615E+3,
587.5500,2.09528271E+3,
587.700,2.07854810E+3,
587.8500,2.28471826E+3,
588.00,2.24476196E+3,
588.1500,2.23666724E+3,
588.300,2.28393872E+3,
588.4500,2.33771118E+3,
588.600,2.31685767E+3,
588.7500,2.25961035E+3,
588.900,2.33491699E+3,
589.0500,2.22616431E+3,
589.200,2.47332910E+3,
589.3500,2.34093164E+3,
589.500,2.24477002E+3,
589.6500,2.35072803E+3,
589.800,2.44399292E+3,
589.9500,2.63456689E+3,
590.100,2.60108545E+3,
590.2500,2.69089771E+3,
590.400,2.61848999E+3,
590.5500,2.66732739E+3,
590.700,2.64028564E+3,
590.8500,2.67621045E+3,
591.00,2.64691675E+3,
591.1500,2.69392236E+3,
591.300,2.87852563E+3,
591.4500,2.62000879E+3,
591.600,2.96469434E+3,
591.7500,2.82609595E+3,
591.900,2.93061963E+3,
592.0500,2.95626880E+3,
592.200,3.06102124E+3,
592.3500,2.96786426E+3,
592.500,3.17646997E+3,
592.6500,3.17811084E+3,
592.800,3.33221021E+3,
592.9500,3.14597192E+3,
593.100,3.28267871E+3,
593.2500,3.20016284E+3,
593.400,3.41719019E+3,
593.5500,3.25680420E+3,
593.700,3.65691357E+3,
593.8500,3.52537646E+3,
594.00,3.23287500E+3,
594.1500,3.48953174E+3,
594.300,3.43367212E+3,
594.4500,3.51204736E+3,
594.600,3.46501782E+3,
594.7500,3.53238452E+3,
594.900,3.63364209E+3,
595.0500,3.66541919E+3,
595.200,3.58694043E+3,
595.3500,3.68432153E+3,
595.500,3.66440503E+3,
595.6500,3.63536646E+3,
595.800,3.54276709E+3,
595.9500,3.75631738E+3,
596.100,3.90221924E+3,
596.2500,3.67982397E+3,
596.400,3.69609106E+3,
596.5500,3.88579614E+3,
596.700,3.75155908E+3,
596.8500,3.85258862E+3,
597.00,3.95387500E+3,
597.1500,3.93149634E+3,
597.300,4.13641846E+3,
597.4500,4.16018555E+3,
597.600,4.08037329E+3,
597.7500,4.22399561E+3,
597.900,4.48571533E+3,
598.0500,4.04303564E+3,
598.200,4.18941260E+3,
598.3500,4.24112598E+3,
598.500,4.17925635E+3,
598.6500,4.08933228E+3,
598.800,4.30625195E+3,
598.9500,4.31639551E+3,
599.100,4.30099658E+3,
599.2500,4.52615430E+3,
599.400,4.70511426E+3,
599.5500,4.24761182E+3,
599.700,4.50401660E+3,
599.8500,4.56621143E+3,
600.00,4.39348584E+3,
600.1500,4.40681006E+3,
600.300,4.49558838E+3,
600.4500,4.62473926E+3,
600.600,4.49181836E+3,
600.7500,4.63076660E+3,
600.900,4.56620117E+3,
601.0500,4.61796387E+3,
601.200,4.83196924E+3,
601.3500,5.00850342E+3,
601.500,4.81585059E+3,
601.6500,4.67991943E+3,
601.800,4.77802051E+3,
601.9500,4.81170996E+3,
602.100,4.80234229E+3,
602.2500,4.90113086E+3,
602.400,4.93761230E+3,
602.5500,4.97659229E+3,
602.700,5.34651465E+3,
602.8500,5.23141602E+3,
603.00,5.35817920E+3,
603.1500,5.31775146E+3,
603.300,5.68049268E+3,
603.4500,5.44572266E+3,
603.600,5.27114014E+3,
603.7500,5.63783691E+3,
603.900,5.42876172E+3,
604.0500,5.43685400E+3,
604.200,5.87633838E+3,
604.3500,5.70085156E+3,
604.500,5.55924756E+3,
604.6500,5.99832813E+3,
604.800,5.95040527E+3,
604.9500,5.98382129E+3,
605.100,5.99756543E+3,
605.2500,6.20701758E+3,
605.400,6.38482129E+3,
605.5500,6.27247119E+3,
605.700,6.24187061E+3,
605.8500,6.57988525E+3,
606.00,6.55957422E+3,
606.1500,6.35969629E+3,
606.300,6.62217529E+3,
606.4500,6.87290430E+3,
606.600,6.72271191E+3,
606.7500,7.04218604E+3,
606.900,6.85649121E+3,
607.0500,6.53156494E+3,
607.200,6.99378906E+3,
607.3500,7.02737207E+3,
607.500,7.29918457E+3,
607.6500,7.41702637E+3,
607.800,7.34967432E+3,
607.9500,7.18282764E+3,
608.100,7.53542871E+3,
608.2500,7.45758447E+3,
608.400,7.65051953E+3,
608.5500,7.93619531E+3,
608.700,7.67385645E+3,
608.8500,7.67782666E+3,
609.00,7.59431152E+3,
609.1500,7.91799316E+3,
609.300,7.88651660E+3,
609.4500,7.89885986E+3,
609.600,8.01216650E+3,
609.7500,8.06356641E+3,
609.900,7.99045313E+3,
610.0500,7.99264990E+3,
610.200,8.11758447E+3,
610.3500,7.89323242E+3,
610.500,8.22742090E+3,
610.6500,8.22497168E+3,
610.800,8.03106445E+3,
610.9500,8.23043848E+3,
611.100,8.10156104E+3,
611.2500,8.10130518E+3,
611.400,8.44406152E+3,
611.5500,8.26191699E+3,
611.700,7.94680908E+3,
611.8500,7.76853271E+3,
612.00,8.30401270E+3,
612.1500,7.87015723E+3,
612.300,7.80784961E+3,
612.4500,7.49452979E+3,
612.600,7.86962695E+3,
612.7500,7.91399268E+3,
612.900,7.62608594E+3,
613.0500,7.50648047E+3,
613.200,7.69322852E+3,
613.3500,7.50078223E+3,
613.500,7.33197168E+3,
613.6500,7.47061084E+3,
613.800,7.41751416E+3,
613.9500,7.50246191E+3,
614.100,7.55004590E+3,
614.2500,7.67682031E+3,
614.400,7.30551660E+3,
614.5500,7.55229004E+3,
614.700,7.52656738E+3,
614.8500,7.36658545E+3,
615.00,7.29104443E+3,
615.1500,7.29243506E+3,
615.300,7.53590625E+3,
615.4500,7.09393994E+3,
615.600,7.81819971E+3,
615.7500,7.40003174E+3,
615.900,7.73663428E+3,
616.0500,7.62485840E+3,
616.200,7.40711133E+3,
616.3500,7.05773535E+3,
616.500,6.98324072E+3,
616.6500,7.11518945E+3,
616.800,6.92854395E+3,
616.9500,6.96548584E+3,
617.100,7.16837842E+3,
617.2500,7.13015234E+3,
617.400,6.97343115E+3,
617.5500,6.75967969E+3,
617.700,6.70632520E+3,
617.8500,6.44317383E+3,
618.00,6.47413867E+3,
618.1500,6.73299414E+3,
618.300,6.89023633E+3,
618.4500,6.57454102E+3,
618.600,6.76915381E+3,
618.7500,6.34327441E+3,
618.900,6.31444580E+3,
619.0500,6.46943018E+3,
619.200,6.43520850E+3,
619.3500,6.36334619E+3,
619.500,6.42695215E+3,
619.6500,6.33160889E+3,
619.800,6.37793506E+3,
619.9500,6.31114160E+3,
620.100,6.26155664E+3,
620.2500,6.31088770E+3,
620.400,6.17931738E+3,
620.5500,5.90387451E+3,
620.700,6.15204834E+3,
620.8500,6.14563867E+3,
621.00,6.13329590E+3,
621.1500,6.23565039E+3,
621.300,6.07854248E+3,
621.4500,5.95930176E+3,
621.600,5.82775293E+3,
621.7500,5.65415381E+3,
621.900,5.67615576E+3,
622.0500,5.70710205E+3,
622.200,5.80669727E+3,
622.3500,5.38948682E+3,
622.500,5.59662012E+3,
622.6500,5.38150391E+3,
622.800,5.52619922E+3,
622.9500,5.37337012E+3,
623.100,5.42510742E+3,
623.2500,5.51027197E+3,
623.400,5.24466357E+3,
623.5500,5.03265283E+3,
623.700,5.16306689E+3,
623.8500,5.07790234E+3,
624.00,5.14175928E+3,
624.1500,5.12975391E+3,
624.300,5.23085938E+3,
624.4500,4.88489111E+3,
624.600,5.09026221E+3,
624.7500,4.81962402E+3,
624.900,4.90233252E+3,
625.0500,4.82180176E+3,
625.200,4.85557715E+3,
625.3500,4.75621777E+3,
625.500,4.80547021E+3,
625.6500,4.33239111E+3,
625.800,4.69570117E+3,
625.9500,4.84183301E+3,
626.100,4.49753809E+3,
626.2500,4.68153223E+3,
626.400,4.37330713E+3,
626.5500,4.51997559E+3,
626.700,4.31107910E+3,
626.8500,4.69179102E+3,
627.00,4.45075342E+3,
627.1500,4.34506738E+3,
627.300,4.47709961E+3,
627.4500,4.30421875E+3,
627.600,4.40157715E+3,
627.7500,4.47693115E+3,
627.900,4.11425391E+3,
628.0500,4.17972168E+3,
628.200,4.09775586E+3,
628.3500,4.07015381E+3,
628.500,4.03920605E+3,
628.6500,4.46675000E+3,
628.800,3.92189233E+3,
628.9500,3.85477246E+3,
629.100,4.28767334E+3,
629.2500,4.22106592E+3,
629.400,4.00419287E+3,
629.5500,3.87466992E+3,
629.700,3.93121460E+3,
629.8500,3.99779468E+3,
630.00,4.21576270E+3,
630.1500,4.09885303E+3,
630.300,4.23216113E+3,
630.4500,3.81403149E+3,
630.600,3.85123901E+3,
630.7500,3.83216870E+3,
630.900,4.11220020E+3,
631.0500,3.90372046E+3,
631.200,3.76459570E+3,
631.3500,3.91582788E+3,
631.500,4.04418750E+3,
631.6500,3.76009863E+3,
631.800,3.78433887E+3,
631.9500,3.87270410E+3,
632.100,3.86348511E+3,
632.2500,3.82715356E+3,
632.400,3.78727368E+3,
632.5500,3.92726807E+3,
632.700,3.96908960E+3,
632.8500,3.69726611E+3,
633.00,3.67724341E+3,
633.1500,3.82826733E+3,
633.300,3.87350146E+3,
633.4500,3.78483374E+3,
633.600,3.71646533E+3,
633.7500,3.49251270E+3,
633.900,3.59962402E+3,
634.0500,3.75911450E+3,
634.200,3.58946069E+3,
634.3500,3.59651147E+3,
634.500,3.53387207E+3,
634.6500,3.84810156E+3,
634.800,3.59674072E+3,
634.9500,3.74402490E+3,
635.100,3.47050220E+3,
635.2500,3.49863013E+3,
635.400,3.72083569E+3,
635.5500,3.51983960E+3,
635.700,3.42425366E+3,
635.8500,3.71147559E+3,
636.00,3.57318945E+3,
636.1500,3.78367310E+3,
636.300,3.38807935E+3,
636.4500,3.20906567E+3,
636.600,3.26948413E+3,
636.7500,3.41994727E+3,
636.900,3.41262964E+3,
637.0500,3.33668774E+3,
637.200,3.29288843E+3,
637.3500,3.16920947E+3,
637.500,3.29906519E+3,
637.6500,3.20032349E+3,
637.800,3.41819995E+3,
637.9500,3.06000757E+3,
638.100,3.03686084E+3,
638.2500,3.07587891E+3,
638.400,3.22156909E+3,
638.5500,3.16170044E+3,
638.700,2.92087451E+3,
638.8500,2.91188086E+3,
639.00,3.15831763E+3,
639.1500,2.75665015E+3,
639.300,2.73253271E+3,
639.4500,3.11436938E+3,
639.600,2.82209009E+3,
639.7500,3.07098193E+3,
639.900,2.85610620E+3,
640.0500,2.70426367E+3,
640.200,2.79658838E+3,
640.3500,2.74595825E+3,
640.500,2.68375903E+3,
640.6500,2.87886816E+3,
640.800,2.83943506E+3,
640.9500,2.83786694E+3,
641.100,2.69903296E+3,
641.2500,2.60925854E+3,
641.400,2.66840015E+3,
641.5500,2.48607422E+3,
641.700,2.68743457E+3,
641.8500,2.53902661E+3,
642.00,2.69499707E+3,
642.1500,2.44917261E+3,
642.300,2.56288550E+3,
642.4500,2.44005762E+3,
642.600,2.50748584E+3,
642.7500,2.71174951E+3,
642.900,2.43202222E+3,
643.0500,2.49589429E+3,
643.200,2.32834766E+3,
643.3500,2.47485547E+3,
643.500,2.32625293E+3,
643.6500,2.39432813E+3,
643.800,2.36369116E+3,
643.9500,2.48368579E+3,
644.100,2.22248853E+3,
644.2500,2.14744336E+3,
644.400,2.13595630E+3,
644.5500,2.17241699E+3,
644.700,2.14487769E+3,
644.8500,2.25782397E+3,
645.00,2.21019702E+3,
645.1500,2.25529956E+3,
645.300,1.99734167E+3,
645.4500,1.97732898E+3,
645.600,2.02624976E+3,
645.7500,2.12827344E+3,
645.900,2.08391650E+3,
646.0500,1.95356116E+3,
646.200,2.00700940E+3,
646.3500,1.82669958E+3,
646.500,1.85951379E+3,
646.6500,1.98317175E+3,
646.800,1.97100256E+3,
646.9500,1.82211499E+3,
647.100,1.95473914E+3,
647.2500,2.14613867E+3,
647.400,2.05909131E+3,
647.5500,1.95494409E+3,
647.700,1.91731982E+3,
647.8500,2.03894519E+3,
648.00,1.87939075E+3,
648.1500,1.75698901E+3,
648.300,1.83250562E+3,
648.4500,2.07759253E+3,
648.600,1.71310205E+3,
648.7500,1.89097083E+3,
648.900,1.93332104E+3,
649.0500,1.78381470E+3,
649.200,1.83896558E+3,
649.3500,1.76148267E+3,
649.500,1.55910193E+3,
649.6500,1.82070691E+3,
649.800,1.69520886E+3,
649.9500,1.76369153E+3,
650.100,1.84988940E+3,
650.2500,1.76283447E+3,
650.400,1.75371313E+3,
650.5500,1.74453979E+3,
650.700,1.70909399E+3,
650.8500,1.80052417E+3,
651.00,1.74746387E+3,
651.1500,1.57101672E+3,
651.300,1.68485571E+3,
651.4500,1.68427112E+3,
651.600,1.53302979E+3,
651.7500,1.57204639E+3,
651.900,1.68244958E+3,
652.0500,1.70856763E+3,
652.200,1.64534180E+3,
652.3500,1.71177417E+3,
652.500,1.65274463E+3,
652.6500,1.76899231E+3,
652.800,1.77747839E+3,
652.9500,1.77243298E+3,
653.100,1.69937415E+3,
653.2500,1.84398376E+3,
653.400,1.57500146E+3,
653.5500,1.71083997E+3,
653.700,1.62780420E+3,
653.8500,1.53980371E+3,
654.00,1.48355139E+3,
654.1500,1.47773242E+3,
654.300,1.48571948E+3,
654.4500,1.60010364E+3,
654.600,1.51569104E+3,
654.7500,1.54238257E+3,
654.900,1.48537585E+3,
655.0500,1.62878784E+3,
655.200,1.47349500E+3,
655.3500,1.36905164E+3,
655.500,1.37690417E+3,
655.6500,1.38949768E+3,
655.800,1.50128101E+3,
655.9500,1.51420630E+3,
656.100,1.44654871E+3,
656.2500,1.36430908E+3,
656.400,1.54850439E+3,
656.5500,1.48520715E+3,
656.700,1.35938831E+3,
656.8500,1.43448108E+3,
657.00,1.37046240E+3,
657.1500,1.14712231E+3,
657.300,1.31888013E+3,
657.4500,1.28321521E+3,
657.600,1.06293958E+3,
657.7500,1.23568933E+3,
657.900,1.21419019E+3,
658.0500,1.30989673E+3,
658.200,1.09742200E+3,
658.3500,1.04599231E+3,
658.500,1.21582031E+3,
658.6500,1.17921936E+3,
658.800,1.00890564E+3,
658.9500,1.15009363E+3,
659.100,1.05839270E+3,
659.2500,1.28999487E+3,
659.400,1.20316931E+3,
659.5500,1.25604272E+3,
659.700,1.26401843E+3,
659.8500,1.16644153E+3,
660.00,1.17926965E+3,
660.1500,1.05579236E+3,
660.300,9.97546021E+2,
660.4500,9.84700439E+2,
660.600,1.05828174E+3,
660.7500,9.79208313E+2,
660.900,9.55987244E+2,
661.0500,1.03003259E+3,
661.200,1.05824036E+3,
661.3500,1.02478418E+3,
661.500,1.00664545E+3,
661.6500,9.67713745E+2,
661.800,9.49334839E+2,
661.9500,8.63258118E+2,
662.100,1.00092932E+3,
662.2500,8.41396423E+2,
662.400,9.37780640E+2,
662.5500,7.87793884E+2,
662.700,9.10839355E+2,
662.8500,8.81427368E+2,
663.00,8.94193848E+2,
663.1500,8.80466980E+2,
663.300,1.02085913E+3,
663.4500,8.74116455E+2,
663.600,8.76254333E+2,
663.7500,7.60564331E+2,
663.900,8.96656555E+2,
664.0500,7.75041565E+2,
664.200,8.68610291E+2,
664.3500,8.81501465E+2,
664.500,8.34820313E+2,
664.6500,7.55308960E+2,
664.800,6.53624207E+2,
664.9500,7.04327881E+2,
665.100,7.66205933E+2,
665.2500,7.07679565E+2,
665.400,7.25857239E+2,
665.5500,6.77972778E+2,
665.700,7.18259705E+2,
665.8500,7.36581360E+2,
666.00,7.32781189E+2,
666.1500,6.95578552E+2,
666.300,6.86082947E+2,
666.4500,6.42992554E+2,
666.600,7.56620972E+2,
666.7500,7.30339478E+2,
666.900,6.53246399E+2,
667.0500,7.39487732E+2,
667.200,6.62055298E+2,
667.3500,6.92017395E+2,
667.500,6.31145081E+2,
667.6500,6.32672668E+2,
667.800,5.94208679E+2,
667.9500,7.50287476E+2,
668.100,7.46408997E+2,
668.2500,5.00776031E+2,
668.400,5.82823975E+2,
668.5500,6.99991455E+2,
668.700,7.01755188E+2,
668.8500,6.57009521E+2,
669.00,5.77061096E+2,
669.1500,5.96102966E+2,
669.300,6.44537476E+2,
669.4500,5.58103821E+2,
669.600,5.83126404E+2,
669.7500,5.43315552E+2,
669.900,5.86188660E+2,
670.0500,5.81783630E+2,
670.200,5.17821899E+2,
670.3500,4.47557037E+2,
670.500,5.62395081E+2,
670.6500,5.15869385E+2,
670.800,5.41266663E+2,
670.9500,5.48705261E+2,
671.100,4.83590637E+2,
671.2500,5.15083923E+2,
671.400,5.46730896E+2,
671.5500,5.41991821E+2,
671.700,4.94493744E+2,
671.8500,6.11996338E+2,
672.00,4.96944000E+2,
672.1500,4.79682526E+2,
672.300,4.80828552E+2,
672.4500,6.17921387E+2,
672.600,5.45071533E+2,
672.7500,4.22199463E+2,
672.900,6.16144775E+2,
673.0500,6.05153015E+2,
673.200,5.62856995E+2,
673.3500,6.01851135E+2,
673.500,5.27909851E+2,
673.6500,6.23705078E+2,
673.800,4.92608459E+2,
673.9500,6.07775208E+2,
674.100,5.90261780E+2,
674.2500,6.55393433E+2,
674.400,6.06027954E+2,
674.5500,5.50011108E+2,
674.700,6.41177612E+2,
674.8500,5.52818298E+2,
675.00,5.41339111E+2,
675.1500,5.49204041E+2,
675.300,3.95156494E+2,
675.4500,5.65046875E+2,
675.600,5.33955811E+2,
675.7500,5.67986023E+2,
675.900,4.97462128E+2,
676.0500,4.79073547E+2,
676.200,4.80337677E+2,
676.3500,5.34384155E+2,
676.500,5.42410278E+2,
676.6500,5.23947632E+2,
676.800,4.78784210E+2,
676.9500,4.66716919E+2,
677.100,5.14749390E+2,
677.2500,4.82601288E+2,
677.400,4.70441986E+2,
677.5500,5.25598999E+2,
677.700,4.79702332E+2,
677.8500,4.53881226E+2,
678.00,4.75466797E+2,
678.1500,5.72046204E+2,
678.300,4.30151947E+2,
678.4500,5.20266663E+2,
678.600,3.63763916E+2,
678.7500,5.57392090E+2,
678.900,5.24351563E+2,
679.0500,4.21952698E+2,
679.200,4.23032990E+2,
679.3500,4.58879822E+2,
679.500,5.08849243E+2,
679.6500,5.24131042E+2,
679.800,4.76430603E+2,
679.9500,4.42532440E+2,
680.100,4.73456818E+2,
680.2500,4.53507507E+2,
680.400,4.76079773E+2,
680.5500,4.77397339E+2,
680.700,4.64430511E+2,
680.8500,3.94069427E+2,
681.00,5.38858826E+2,
681.1500,4.46677032E+2,
681.300,4.91245911E+2,
681.4500,4.41885559E+2,
681.600,4.50362335E+2,
681.7500,4.66167206E+2,
681.900,5.11272522E+2,
682.0500,5.34641785E+2,
682.200,5.36087830E+2,
682.3500,5.52265381E+2,
682.500,5.24226868E+2,
682.6500,5.77472351E+2,
682.800,4.97378479E+2,
682.9500,5.50834717E+2,
683.100,6.34420715E+2,
683.2500,5.83738159E+2,
683.400,4.95260620E+2,
683.5500,5.34213013E+2,
683.700,5.50740479E+2,
683.8500,5.74918396E+2,
684.00,6.52319458E+2,
684.1500,4.33519684E+2,
684.300,5.87214417E+2,
684.4500,6.57624939E+2,
684.600,6.59405334E+2,
684.7500,5.68932556E+2,
684.900,5.55057556E+2,
685.0500,5.56561890E+2,
685.200,5.81323181E+2,
685.3500,6.29531311E+2,
685.500,5.68894653E+2,
685.6500,6.79839355E+2,
685.800,5.71989380E+2,
685.9500,5.81402222E+2,
686.100,6.14491699E+2,
686.2500,6.31955872E+2,
686.400,5.22778259E+2,
686.5500,6.51274414E+2,
686.700,5.65440674E+2,
686.8500,7.02732849E+2,
687.00,6.96637207E+2,
687.1500,5.94169250E+2,
687.300,6.19955078E+2,
687.4500,7.26615906E+2,
687.600,8.09572510E+2,
687.7500,6.57559570E+2,
687.900,7.08215088E+2,
688.0500,7.83632263E+2,
688.200,7.53051941E+2,
688.3500,6.48426575E+2,
688.500,7.24292297E+2,
688.6500,6.76774536E+2,
688.800,5.54503052E+2,
688.9500,8.63104492E+2,
689.100,5.15949219E+2,
689.2500,6.67549194E+2,
689.400,5.27124512E+2,
689.5500,5.11778198E+2,
689.700,6.47774536E+2,
689.8500,6.74846191E+2,
690.00,7.02062012E+2,
690.1500,6.70030823E+2,
690.300,5.52778687E+2,
690.4500,5.71326965E+2,
690.600,6.07072754E+2,
690.7500,7.28743469E+2,
690.900,5.15800476E+2,
691.0500,5.43060608E+2,
691.200,6.74197083E+2,
691.3500,6.50037598E+2,
691.500,5.64906311E+2,
691.6500,6.01311401E+2,
691.800,7.07819763E+2,
691.9500,7.44810486E+2,
692.100,7.02924744E+2,
692.2500,7.75346191E+2,
692.400,6.53793030E+2,
692.5500,5.49282593E+2,
692.700,5.59683044E+2,
692.8500,6.05771118E+2,
693.00,6.61044067E+2,
693.1500,5.73278687E+2,
693.300,5.65865845E+2,
693.4500,7.02516418E+2,
693.600,5.41879456E+2,
693.7500,7.87881775E+2,
693.900,6.99237183E+2,
694.0500,6.92053833E+2,
694.200,6.66568420E+2,
694.3500,6.50094238E+2,
694.500,6.70251709E+2,
694.6500,6.26069580E+2,
694.800,5.35476257E+2,
694.9500,7.40632629E+2,
695.100,7.24140747E+2,
695.2500,6.42393677E+2,
695.400,7.09563293E+2,
695.5500,7.30293945E+2,
695.700,6.47857849E+2,
695.8500,7.34435303E+2,
696.00,6.60976868E+2,
696.1500,7.95409058E+2,
696.300,7.31181274E+2,
696.4500,7.52292297E+2,
696.600,8.40365051E+2,
696.7500,7.56552917E+2,
696.900,7.97111145E+2,
697.0500,5.48951050E+2,
697.200,6.56699036E+2,
697.3500,6.58514893E+2,
697.500,6.50626465E+2,
697.6500,7.49806824E+2,
697.800,7.81178772E+2,
697.9500,5.87510376E+2,
698.100,5.98961792E+2,
698.2500,6.49859741E+2,
698.400,7.70155273E+2,
698.5500,6.93090271E+2,
698.700,7.14881775E+2,
698.8500,6.87007446E+2,
699.00,7.08895935E+2,
699.1500,7.60968201E+2,
699.300,6.72754700E+2,
699.4500,5.73968384E+2,
699.600,5.65500366E+2,
699.7500,8.30408203E+2,
699.900,7.31214661E+2,
700.0500,5.90698792E+2,
700.200,7.45539795E+2,
700.3500,7.57861816E+2,
700.500,8.62678772E+2,
700.6500,6.17922791E+2,
700.800,6.50633728E+2,
700.9500,7.24952087E+2,
701.100,7.06163330E+2,
701.2500,8.74673157E+2,
701.400,6.05572693E+2,
701.5500,6.70023376E+2,
701.700,8.60790649E+2,
701.8500,8.52595093E+2,
702.00,6.96589233E+2,
702.1500,6.87892578E+2,
702.300,7.53425049E+2,
702.4500,9.15074463E+2,
702.600,6.40156433E+2,
702.7500,7.70273804E+2,
702.900,8.47459473E+2,
703.0500,7.63741455E+2,
703.200,7.65911438E+2,
703.3500,6.92361694E+2,
703.500,7.48576355E+2,
703.6500,8.37748230E+2,
703.800,7.96492188E+2,
703.9500,1.02854810E+3,
704.100,7.35260498E+2,
704.2500,8.58514221E+2,
704.400,8.38986572E+2,
704.5500,7.41830994E+2,
704.700,7.21829834E+2,
704.8500,8.24224060E+2,
705.00,7.93168640E+2,
705.1500,8.62752319E+2,
705.300,8.76553833E+2,
705.4500,9.91876831E+2,
705.600,9.72221985E+2,
705.7500,8.39058167E+2,
705.900,8.41564453E+2,
706.0500,9.80935486E+2,
706.200,7.43575928E+2,
706.3500,9.29325012E+2,
706.500,7.93969299E+2,
706.6500,9.23248352E+2,
706.800,7.98641479E+2,
706.9500,9.75121399E+2,
707.100,8.14984924E+2,
707.2500,6.88928772E+2,
707.400,9.25171082E+2,
707.5500,8.22178101E+2,
707.700,8.95275757E+2,
707.8500,8.15208069E+2,
708.00,8.41308655E+2,
708.1500,9.98226135E+2,
708.300,7.74668396E+2,
708.4500,8.24720642E+2,
708.600,8.15122009E+2,
708.7500,1.09398743E+3,
708.900,8.19858643E+2,
709.0500,8.46384705E+2,
709.200,7.03234558E+2,
709.3500,1.05777820E+3,
709.500,8.77833069E+2,
709.6500,1.03921204E+3,
709.800,9.44021667E+2,
709.9500,1.11876941E+3,
710.100,9.73901489E+2,
710.2500,8.03491272E+2,
710.400,7.06518982E+2,
710.5500,9.69449097E+2,
710.700,7.85153137E+2,
710.8500,7.49806152E+2,
711.00,8.77163879E+2,
711.1500,9.42436279E+2,
711.300,1.17187659E+3,
711.4500,7.58159302E+2,
711.600,8.99660278E+2,
711.7500,8.76761292E+2,
711.900,7.77277039E+2,
712.0500,9.07244446E+2,
712.200,8.45754333E+2,
712.3500,9.50970398E+2,
712.500,9.02130920E+2,
712.6500,7.75462524E+2,
712.800,9.72095947E+2,
712.9500,8.18896362E+2,
713.100,7.16921997E+2,
713.2500,8.49638855E+2,
713.400,8.38908264E+2,
713.5500,8.41255676E+2,
713.700,9.22702881E+2,
713.8500,6.47703613E+2,
714.00,1.02067780E+3,
714.1500,8.50703186E+2,
714.300,7.06438477E+2,
714.4500,5.88103271E+2,
714.600,8.30989868E+2,
714.7500,8.19856995E+2,
714.900,7.14315430E+2,
715.0500,7.83900085E+2,
715.200,8.81032715E+2,
715.3500,1.08746533E+3,
715.500,8.31578613E+2,
715.6500,9.43348999E+2,
715.800,8.50090637E+2,
715.9500,7.56290710E+2,
716.100,8.41246460E+2,
716.2500,7.05406311E+2,
716.400,8.32334778E+2,
716.5500,9.46092834E+2,
716.700,6.69802490E+2,
716.8500,6.57786316E+2,
717.00,7.86064209E+2,
717.1500,7.17963257E+2,
717.300,6.21222351E+2,
717.4500,7.22153381E+2,
717.600,6.39053955E+2,
717.7500,7.40620178E+2,
717.900,5.85659302E+2,
718.0500,6.16013123E+2,
718.200,5.45946045E+2,
718.3500,7.49229187E+2,
718.500,9.82577820E+2,
718.6500,7.53546326E+2,
718.800,7.12117126E+2,
718.9500,6.99596924E+2,
719.100,6.28514526E+2,
719.2500,6.88938477E+2,
719.400,7.20304382E+2,
719.5500,7.66586426E+2,
719.700,5.91368103E+2,
719.8500,7.85804810E+2,
720.00,6.83972778E+2,
720.1500,5.96449463E+2,
720.300,6.72913513E+2,
720.4500,7.19819031E+2,
720.600,8.12104492E+2,
720.7500,6.78684753E+2,
720.900,6.95749084E+2,
721.0500,7.43227539E+2,
721.200,5.93206543E+2,
721.3500,6.55882690E+2,
721.500,9.02458801E+2,
721.6500,5.36862183E+2,
721.800,6.92192505E+2,
721.9500,8.02120483E+2,
722.100,4.33107422E+2,
722.2500,7.28999512E+2,
722.400,6.06579041E+2,
722.5500,7.64209534E+2,
722.700,6.25564514E+2,
722.8500,6.90019348E+2,
723.00,7.70552612E+2,
723.1500,6.78091248E+2,
723.300,6.79988892E+2,
723.4500,7.29469604E+2,
723.600,7.79223755E+2,
723.7500,6.21940369E+2,
723.900,6.07697571E+2,
724.0500,7.69798462E+2,
724.200,4.50351654E+2,
724.3500,5.64573669E+2,
724.500,4.85326599E+2,
724.6500,5.35413147E+2,
724.800,4.39340820E+2,
724.9500,5.22219299E+2,
725.100,8.01961975E+2,
725.2500,8.20688171E+2,
725.400,5.92601990E+2,
725.5500,6.10822693E+2,
725.700,5.79477600E+2,
725.8500,9.46454285E+2,
726.00,5.32883667E+2,
726.1500,7.18067017E+2,
726.300,4.68887817E+2,
726.4500,5.03789154E+2,
726.600,6.56764465E+2,
726.7500,6.75497681E+2,
726.900,4.57244110E+2,
727.0500,6.62307373E+2,
727.200,8.34417542E+2,
727.3500,5.97652039E+2,
727.500,6.16420715E+2,
727.6500,6.00950500E+2,
727.800,5.16521240E+2,
727.9500,4.31623810E+2,
728.100,5.36680908E+2,
728.2500,7.11743774E+2,
728.400,7.13691650E+2,
728.5500,5.06187988E+2,
728.700,6.12591919E+2,
728.8500,5.79171631E+2,
729.00,6.68756775E+2,
729.1500,7.05924072E+2,
729.300,7.43294312E+2,
729.4500,5.32413147E+2,
729.600,4.80516205E+2,
729.7500,4.10478241E+2,
729.900,5.36912476E+2,
730.0500,5.56377563E+2,
730.200,4.67972595E+2,
730.3500,4.69310577E+2,
730.500,5.06858246E+2,
730.6500,7.08005188E+2,
730.800,6.37211487E+2,
730.9500,6.57300964E+2,
731.100,5.30985535E+2,
731.2500,4.77386444E+2,
731.400,3.86660583E+2,
731.5500,4.80063019E+2,
731.700,7.22114319E+2,
731.8500,6.68438232E+2,
732.00,4.65497711E+2,
732.1500,4.85451691E+2,
732.300,6.55294067E+2,
732.4500,6.19555054E+2,
732.600,5.64788269E+2,
732.7500,4.53080627E+2,
732.900,4.92197174E+2,
733.0500,4.74586273E+2,
733.200,4.37854462E+2,
733.3500,5.15458069E+2,
733.500,2.48886902E+2,
733.6500,6.71982117E+2,
733.800,7.31652161E+2,
733.9500,6.17881042E+2,
734.100,5.42196533E+2,
734.2500,6.02019104E+2,
734.400,4.86900787E+2,
734.5500,7.03161987E+2,
734.700,4.70131165E+2,
734.8500,4.71492767E+2,
735.00,6.69884888E+2,
735.1500,5.73000427E+2,
735.300,5.74633728E+2,
735.4500,8.74348145E+2,
735.600,5.57993713E+2,
735.7500,5.79575989E+2,
735.900,5.21109253E+2,
736.0500,5.02484222E+2,
736.200,7.05418457E+2,
736.3500,6.26523865E+2,
736.500,5.47190002E+2,
736.6500,5.69026917E+2,
736.800,5.29844910E+2,
736.9500,6.74360779E+2,
737.100,6.76166077E+2,
737.2500,5.75225830E+2,
737.400,5.35545227E+2,
737.5500,3.92391052E+2,
737.700,5.38373413E+2,
737.8500,4.35988434E+2,
738.00,5.62038330E+2,
738.1500,4.38254181E+2,
738.300,5.64904724E+2,
738.4500,6.50249084E+2,
738.600,5.67791687E+2,
738.7500,4.63827057E+2,
738.900,7.39794434E+2,
739.0500,6.78126831E+2,
739.200,5.94915527E+2,
739.3500,5.75172241E+2,
739.500,7.04832764E+2,
739.6500,4.71123199E+2,
739.800,5.79716248E+2,
739.9500,6.88879944E+2,
740.100,7.12339417E+2,
740.2500,7.35954834E+2,
740.400,8.46521423E+2,
740.5500,5.44145203E+2,
740.700,6.32960571E+2,
740.8500,6.12832031E+2,
741.00,6.36484070E+2,
741.1500,8.58340454E+2,
741.300,4.85538208E+2,
741.4500,6.41810791E+2,
741.600,5.77020752E+2,
741.7500,5.11866333E+2,
741.900,4.01710968E+2,
742.0500,8.28025574E+2,
742.200,5.38557556E+2,
742.3500,4.05016815E+2,
742.500,4.96368500E+2,
742.6500,4.75098511E+2,
742.800,4.99080017E+2,
742.9500,6.14181519E+2,
743.100,5.93053955E+2,
743.2500,4.57447205E+2,
743.400,4.12833954E+2,
743.5500,3.90970612E+2,
743.700,5.53478943E+2,
743.8500,5.55004700E+2,
744.00,2.08701172E+2,
744.1500,3.48802307E+2,
744.300,1.86545227E+2,
744.4500,3.50746948E+2,
744.600,3.28276764E+2,
744.7500,3.05679596E+2,
744.900,2.82954865E+2,
745.0500,2.60094940E+2,
745.200,2.60805878E+2,
745.3500,3.09068146E+2,
745.500,3.33754059E+2,
745.6500,5.49814148E+2,
745.800,2.87646606E+2,
745.9500,6.24947632E+2,
746.100,3.61507233E+2,
746.2500,3.62455566E+2,
746.400,4.60316528E+2,
746.5500,3.40071899E+2,
746.700,3.89676758E+2,
746.8500,5.37217102E+2,
747.00,2.93800262E+2,
747.1500,2.69984070E+2,
747.300,2.70652985E+2,
747.4500,3.45322357E+2,
747.600,3.95634064E+2,
747.7500,3.47040222E+2,
747.900,3.23053650E+2,
748.0500,3.48767761E+2,
748.200,2.99683929E+2,
748.3500,3.75532745E+2,
748.500,5.27049316E+2,
748.6500,2.51598938E+2,
748.800,5.29669495E+2,
748.9500,3.79276367E+2,
749.100,2.53509567E+2,
749.2500,3.05022583E+2,
749.400,5.60701294E+2,
749.5500,3.06653961E+2,
749.700,3.84343323E+2,
749.8500,4.11064148E+2,
750.00,2.83364319E+2,
750.1500,2.84133179E+2,
