Labels,32C_9_125K,
Type,Emission Scan,
Comment,,
Start,252.00,
Stop,750.00,
Step,0.150,
Fixed/Offset,248.400,
Xaxis,Wavelength,
Yaxis,Counts,
Scan Corr. by File,True,
Corr. by Ref. Det.,False,
Fixed/Offset Corr. by File,False,
Repeats,1,
Dwell Time,0.20,
Lamp,Xe,
Temp,27.80,
Scan Polariser,None,
Scan Slit,0.2520,
Fixed/Offset Polariser,None,
Fixed/Offset Slit,2.9970,
Detector,Red PMT,

252.00,4.73613867E+4,
252.1500,2.47529395E+4,
252.300,2.34549336E+4,
252.4500,2.51731992E+4,
252.600,2.36396699E+4,
252.7500,2.11878301E+4,
252.900,2.01011348E+4,
253.0500,2.24301406E+4,
253.200,2.06427266E+4,
253.3500,1.98165352E+4,
253.500,1.91777734E+4,
253.6500,2.11071211E+4,
253.800,2.13292383E+4,
253.9500,1.77601953E+4,
254.100,1.95173008E+4,
254.2500,1.96336406E+4,
254.400,2.01122891E+4,
254.5500,2.12239746E+4,
254.700,1.86059316E+4,
254.8500,1.81673086E+4,
255.00,1.91172539E+4,
255.1500,1.90560586E+4,
255.300,1.91288613E+4,
255.4500,1.86107109E+4,
255.600,1.68245547E+4,
255.7500,1.78753770E+4,
255.900,1.64679277E+4,
256.0500,1.85823477E+4,
256.200,1.77260332E+4,
256.3500,2.02062539E+4,
256.500,1.96983984E+4,
256.6500,1.88060215E+4,
256.800,2.26658047E+4,
256.9500,2.33025273E+4,
257.100,2.50458008E+4,
257.2500,2.28136230E+4,
257.400,2.34975859E+4,
257.5500,2.73727988E+4,
257.700,2.49504785E+4,
257.8500,2.77258262E+4,
258.00,3.00683770E+4,
258.1500,3.19763223E+4,
258.300,3.32481367E+4,
258.4500,3.62711719E+4,
258.600,3.78999492E+4,
258.7500,4.11246445E+4,
258.900,4.21784688E+4,
259.0500,4.73675352E+4,
259.200,4.67491797E+4,
259.3500,5.07143594E+4,
259.500,5.49015625E+4,
259.6500,5.90913789E+4,
259.800,5.93640234E+4,
259.9500,6.12528125E+4,
260.100,6.92085469E+4,
260.2500,7.19103984E+4,
260.400,7.71845000E+4,
260.5500,7.98878125E+4,
260.700,8.29304453E+4,
260.8500,8.55510078E+4,
261.00,8.86882656E+4,
261.1500,9.79966406E+4,
261.300,9.78200547E+4,
261.4500,1.01930086E+5,
261.600,1.08514148E+5,
261.7500,1.12505617E+5,
261.900,1.13051289E+5,
262.0500,1.23209898E+5,
262.200,1.27364414E+5,
262.3500,1.32322594E+5,
262.500,1.35370031E+5,
262.6500,1.40056609E+5,
262.800,1.48115250E+5,
262.9500,1.51703594E+5,
263.100,1.60494594E+5,
263.2500,1.61529094E+5,
263.400,1.70679953E+5,
263.5500,1.73474031E+5,
263.700,1.77829078E+5,
263.8500,1.84412141E+5,
264.00,1.94283531E+5,
264.1500,1.96248141E+5,
264.300,1.92918906E+5,
264.4500,2.08720063E+5,
264.600,2.09963516E+5,
264.7500,2.17791641E+5,
264.900,2.19871391E+5,
265.0500,2.25880047E+5,
265.200,2.24975875E+5,
265.3500,2.28330406E+5,
265.500,2.44994688E+5,
265.6500,2.38750172E+5,
265.800,2.43343172E+5,
265.9500,2.45535656E+5,
266.100,2.43870578E+5,
266.2500,2.46299172E+5,
266.400,2.49672172E+5,
266.5500,2.53440109E+5,
266.700,2.61803094E+5,
266.8500,2.62365375E+5,
267.00,2.64191438E+5,
267.1500,2.65143594E+5,
267.300,2.68677188E+5,
267.4500,2.68589688E+5,
267.600,2.72179781E+5,
267.7500,2.70054156E+5,
267.900,2.74430531E+5,
268.0500,2.79795469E+5,
268.200,2.73874719E+5,
268.3500,2.81732531E+5,
268.500,2.79720969E+5,
268.6500,2.81393000E+5,
268.800,2.79443063E+5,
268.9500,2.84515719E+5,
269.100,2.80729969E+5,
269.2500,2.86737781E+5,
269.400,2.84691531E+5,
269.5500,2.80479219E+5,
269.700,2.81686219E+5,
269.8500,2.79766938E+5,
270.00,2.84776031E+5,
270.1500,2.83171188E+5,
270.300,2.75168844E+5,
270.4500,2.80274375E+5,
270.600,2.80251531E+5,
270.7500,2.81886156E+5,
270.900,2.84738500E+5,
271.0500,2.79902063E+5,
271.200,2.84014406E+5,
271.3500,2.79812219E+5,
271.500,2.76230094E+5,
271.6500,2.76395688E+5,
271.800,2.70264188E+5,
271.9500,2.72055063E+5,
272.100,2.71506281E+5,
272.2500,2.68875938E+5,
272.400,2.75931625E+5,
272.5500,2.73342469E+5,
272.700,2.69512156E+5,
272.8500,2.68144969E+5,
273.00,2.63389625E+5,
273.1500,2.58087922E+5,
273.300,2.61687625E+5,
273.4500,2.62346125E+5,
273.600,2.66690531E+5,
273.7500,2.60469406E+5,
273.900,2.65132750E+5,
274.0500,2.65601375E+5,
274.200,2.67110219E+5,
274.3500,2.67952000E+5,
274.500,2.65321031E+5,
274.6500,2.65508625E+5,
274.800,2.64238969E+5,
274.9500,2.72938969E+5,
275.100,2.67831469E+5,
275.2500,2.72922938E+5,
275.400,2.73223406E+5,
275.5500,2.66596094E+5,
275.700,2.70188063E+5,
275.8500,2.72935000E+5,
276.00,2.73611188E+5,
276.1500,2.80790500E+5,
276.300,2.77014313E+5,
276.4500,2.84872688E+5,
276.600,2.87229156E+5,
276.7500,2.88650531E+5,
276.900,2.89158781E+5,
277.0500,2.91237781E+5,
277.200,2.90572688E+5,
277.3500,2.90825344E+5,
277.500,2.94182031E+5,
277.6500,2.96984688E+5,
277.800,2.95890219E+5,
277.9500,3.03085500E+5,
278.100,3.01448938E+5,
278.2500,2.97139219E+5,
278.400,2.97226875E+5,
278.5500,3.00681750E+5,
278.700,3.07031094E+5,
278.8500,3.12826844E+5,
279.00,2.99127969E+5,
279.1500,3.00960594E+5,
279.300,3.01443031E+5,
279.4500,3.03903594E+5,
279.600,3.02540375E+5,
279.7500,3.06352094E+5,
279.900,3.11318188E+5,
280.0500,3.11275656E+5,
280.200,3.08697531E+5,
280.3500,3.10183781E+5,
280.500,3.06596969E+5,
280.6500,3.08954781E+5,
280.800,3.12791906E+5,
280.9500,3.07971469E+5,
281.100,3.03824531E+5,
281.2500,3.09464844E+5,
281.400,3.01402844E+5,
281.5500,3.00037781E+5,
281.700,2.99439344E+5,
281.8500,3.00178844E+5,
282.00,2.99100344E+5,
282.1500,2.98717375E+5,
282.300,2.95459750E+5,
282.4500,2.93834156E+5,
282.600,2.97838219E+5,
282.7500,2.95175500E+5,
282.900,2.96517781E+5,
283.0500,2.90533469E+5,
283.200,2.95234813E+5,
283.3500,2.87037781E+5,
283.500,2.86986188E+5,
283.6500,2.83019250E+5,
283.800,2.82353563E+5,
283.9500,2.81995156E+5,
284.100,2.83075063E+5,
284.2500,2.77193250E+5,
284.400,2.79565125E+5,
284.5500,2.82231250E+5,
284.700,2.73568344E+5,
284.8500,2.75789500E+5,
285.00,2.75160156E+5,
285.1500,2.72976656E+5,
285.300,2.72728563E+5,
285.4500,2.76189625E+5,
285.600,2.67458156E+5,
285.7500,2.62680906E+5,
285.900,2.62010641E+5,
286.0500,2.55280344E+5,
286.200,2.55272750E+5,
286.3500,2.46934891E+5,
286.500,2.48780219E+5,
286.6500,2.47284063E+5,
286.800,2.43477969E+5,
286.9500,2.37525922E+5,
287.100,2.36832125E+5,
287.2500,2.36504625E+5,
287.400,2.28854922E+5,
287.5500,2.26388453E+5,
287.700,2.27110859E+5,
287.8500,2.27136625E+5,
288.00,2.19458797E+5,
288.1500,2.20570188E+5,
288.300,2.18083313E+5,
288.4500,2.12738344E+5,
288.600,2.09208828E+5,
288.7500,2.06645125E+5,
288.900,2.08866578E+5,
289.0500,2.04257656E+5,
289.200,2.05188703E+5,
289.3500,2.00949031E+5,
289.500,1.93512969E+5,
289.6500,1.94338078E+5,
289.800,1.91930156E+5,
289.9500,1.90319953E+5,
290.100,1.85918609E+5,
290.2500,1.84509188E+5,
290.400,1.82306031E+5,
290.5500,1.74658078E+5,
290.700,1.77880859E+5,
290.8500,1.72769328E+5,
291.00,1.70248922E+5,
291.1500,1.67777797E+5,
291.300,1.66965781E+5,
291.4500,1.64173938E+5,
291.600,1.62745609E+5,
291.7500,1.63536188E+5,
291.900,1.57258281E+5,
292.0500,1.55465844E+5,
292.200,1.50765031E+5,
292.3500,1.47144859E+5,
292.500,1.48360047E+5,
292.6500,1.45825938E+5,
292.800,1.41718844E+5,
292.9500,1.37798828E+5,
293.100,1.37070203E+5,
293.2500,1.38362703E+5,
293.400,1.35901266E+5,
293.5500,1.33613734E+5,
293.700,1.32645563E+5,
293.8500,1.33778594E+5,
294.00,1.30900367E+5,
294.1500,1.27736992E+5,
294.300,1.27076852E+5,
294.4500,1.25886109E+5,
294.600,1.24503078E+5,
294.7500,1.22158898E+5,
294.900,1.20951563E+5,
295.0500,1.22487195E+5,
295.200,1.19283813E+5,
295.3500,1.18942969E+5,
295.500,1.15377508E+5,
295.6500,1.15418563E+5,
295.800,1.15408313E+5,
295.9500,1.14317039E+5,
296.100,1.10795563E+5,
296.2500,1.11378539E+5,
296.400,1.09867023E+5,
296.5500,1.11671016E+5,
296.700,1.10553961E+5,
296.8500,1.10921695E+5,
297.00,1.09698430E+5,
297.1500,1.09430063E+5,
297.300,1.05832477E+5,
297.4500,1.05400734E+5,
297.600,1.05358500E+5,
297.7500,1.03629148E+5,
297.900,1.06912664E+5,
298.0500,1.04224813E+5,
298.200,1.04162008E+5,
298.3500,1.04786578E+5,
298.500,1.02862734E+5,
298.6500,1.05978109E+5,
298.800,1.05413711E+5,
298.9500,1.05070516E+5,
299.100,1.01321727E+5,
299.2500,1.05050703E+5,
299.400,1.03330289E+5,
299.5500,1.07091414E+5,
299.700,1.04249906E+5,
299.8500,1.02318258E+5,
300.00,1.06226758E+5,
300.1500,1.02857984E+5,
300.300,1.01848492E+5,
300.4500,1.04375469E+5,
300.600,1.06796445E+5,
300.7500,1.07280469E+5,
300.900,1.07458594E+5,
301.0500,1.05869063E+5,
301.200,1.08281016E+5,
301.3500,1.10827266E+5,
301.500,1.06581602E+5,
301.6500,1.09437844E+5,
301.800,1.09989109E+5,
301.9500,1.12805922E+5,
302.100,1.13152703E+5,
302.2500,1.14130211E+5,
302.400,1.14148352E+5,
302.5500,1.11167977E+5,
302.700,1.12136781E+5,
302.8500,1.13191039E+5,
303.00,1.14541063E+5,
303.1500,1.13537758E+5,
303.300,1.14795563E+5,
303.4500,1.16522984E+5,
303.600,1.17368000E+5,
303.7500,1.16678313E+5,
303.900,1.15683125E+5,
304.0500,1.19310875E+5,
304.200,1.18833008E+5,
304.3500,1.19943164E+5,
304.500,1.20164773E+5,
304.6500,1.19621367E+5,
304.800,1.21405391E+5,
304.9500,1.19504523E+5,
305.100,1.20347688E+5,
305.2500,1.23588594E+5,
305.400,1.24613398E+5,
305.5500,1.24525492E+5,
305.700,1.23876719E+5,
305.8500,1.25548555E+5,
306.00,1.27183445E+5,
306.1500,1.24492703E+5,
306.300,1.23315313E+5,
306.4500,1.25720578E+5,
306.600,1.24563969E+5,
306.7500,1.23909898E+5,
306.900,1.24150922E+5,
307.0500,1.23846188E+5,
307.200,1.27254492E+5,
307.3500,1.26384977E+5,
307.500,1.25487484E+5,
307.6500,1.26059492E+5,
307.800,1.28108023E+5,
307.9500,1.30509188E+5,
308.100,1.31064492E+5,
308.2500,1.30184398E+5,
308.400,1.31038563E+5,
308.5500,1.31113797E+5,
308.700,1.30201914E+5,
308.8500,1.28972969E+5,
309.00,1.31252625E+5,
309.1500,1.31129891E+5,
309.300,1.30091172E+5,
309.4500,1.29872969E+5,
309.600,1.31113656E+5,
309.7500,1.29846109E+5,
309.900,1.33207625E+5,
310.0500,1.30392383E+5,
310.200,1.29992438E+5,
310.3500,1.27041703E+5,
310.500,1.27735367E+5,
310.6500,1.27660570E+5,
310.800,1.25393719E+5,
310.9500,1.22963461E+5,
311.100,1.24409875E+5,
311.2500,1.25148844E+5,
311.400,1.24197977E+5,
311.5500,1.23120742E+5,
311.700,1.26350227E+5,
311.8500,1.27559672E+5,
312.00,1.25661703E+5,
312.1500,1.24217086E+5,
312.300,1.23817961E+5,
312.4500,1.22800656E+5,
312.600,1.23408719E+5,
312.7500,1.21516984E+5,
312.900,1.25256164E+5,
313.0500,1.22379852E+5,
313.200,1.23133008E+5,
313.3500,1.20106555E+5,
313.500,1.21282563E+5,
313.6500,1.19397484E+5,
313.800,1.18171539E+5,
313.9500,1.18114273E+5,
314.100,1.19247859E+5,
314.2500,1.17216539E+5,
314.400,1.15678219E+5,
314.5500,1.18417500E+5,
314.700,1.20109188E+5,
314.8500,1.15660445E+5,
315.00,1.19745609E+5,
315.1500,1.18364297E+5,
315.300,1.17200297E+5,
315.4500,1.17141773E+5,
315.600,1.14540000E+5,
315.7500,1.15405648E+5,
315.900,1.14396977E+5,
316.0500,1.13805883E+5,
316.200,1.15442781E+5,
316.3500,1.14691617E+5,
316.500,1.15641523E+5,
316.6500,1.13923766E+5,
316.800,1.10012938E+5,
316.9500,1.10435664E+5,
317.100,1.08170664E+5,
317.2500,1.10428094E+5,
317.400,1.07667367E+5,
317.5500,1.08837086E+5,
317.700,1.07828547E+5,
317.8500,1.07524742E+5,
318.00,1.06416289E+5,
318.1500,1.07741219E+5,
318.300,1.07191641E+5,
318.4500,1.07615422E+5,
318.600,1.06306234E+5,
318.7500,1.05750477E+5,
318.900,1.08071227E+5,
319.0500,1.05235117E+5,
319.200,1.04800469E+5,
319.3500,1.06245797E+5,
319.500,1.03175547E+5,
319.6500,1.03877977E+5,
319.800,1.04794148E+5,
319.9500,1.05465242E+5,
320.100,1.04978617E+5,
320.2500,1.04452398E+5,
320.400,1.01500898E+5,
320.5500,1.03700594E+5,
320.700,1.02423328E+5,
320.8500,9.92190938E+4,
321.00,1.00940203E+5,
321.1500,1.00027023E+5,
321.300,1.01747383E+5,
321.4500,1.01120773E+5,
321.600,1.01298250E+5,
321.7500,1.00321773E+5,
321.900,9.90907266E+4,
322.0500,9.86615234E+4,
322.200,9.83565234E+4,
322.3500,9.91809766E+4,
322.500,9.76811172E+4,
322.6500,9.68593594E+4,
322.800,9.52317891E+4,
322.9500,9.58223984E+4,
323.100,9.39946719E+4,
323.2500,9.43618672E+4,
323.400,9.39766172E+4,
323.5500,9.37225156E+4,
323.700,9.23021406E+4,
323.8500,9.09625078E+4,
324.00,9.26196250E+4,
324.1500,9.09496797E+4,
324.300,9.13804766E+4,
324.4500,8.98248516E+4,
324.600,8.88918203E+4,
324.7500,8.93728359E+4,
324.900,8.85288906E+4,
325.0500,8.84101016E+4,
325.200,8.75598906E+4,
325.3500,8.64604297E+4,
325.500,8.62132734E+4,
325.6500,8.39166797E+4,
325.800,8.47626094E+4,
325.9500,8.57102422E+4,
326.100,8.34356172E+4,
326.2500,8.37908516E+4,
326.400,8.41214141E+4,
326.5500,8.35400938E+4,
326.700,8.18313828E+4,
326.8500,8.08110078E+4,
327.00,8.17183516E+4,
327.1500,8.14386719E+4,
327.300,8.02370234E+4,
327.4500,7.84569141E+4,
327.600,7.83471953E+4,
327.7500,7.74758359E+4,
327.900,7.69433594E+4,
328.0500,7.62241797E+4,
328.200,7.71855391E+4,
328.3500,7.62795234E+4,
328.500,7.48860859E+4,
328.6500,7.39944922E+4,
328.800,7.36967031E+4,
328.9500,7.40073281E+4,
329.100,7.28229063E+4,
329.2500,7.20155703E+4,
329.400,7.01322734E+4,
329.5500,6.97510625E+4,
329.700,6.99406016E+4,
329.8500,6.92148672E+4,
330.00,6.71477266E+4,
330.1500,6.72370078E+4,
330.300,6.69926094E+4,
330.4500,6.74708203E+4,
330.600,6.51955469E+4,
330.7500,6.54536094E+4,
330.900,6.50026719E+4,
331.0500,6.36180625E+4,
331.200,6.25300391E+4,
331.3500,6.27372578E+4,
331.500,6.21023008E+4,
331.6500,6.12396523E+4,
331.800,5.83005000E+4,
331.9500,5.89093945E+4,
332.100,5.80610664E+4,
332.2500,5.79932461E+4,
332.400,5.75857539E+4,
332.5500,5.70778750E+4,
332.700,5.68016953E+4,
332.8500,5.49790195E+4,
333.00,5.49640000E+4,
333.1500,5.42950898E+4,
333.300,5.37494805E+4,
333.4500,5.30393008E+4,
333.600,5.26146172E+4,
333.7500,5.13286641E+4,
333.900,5.12039492E+4,
334.0500,5.09008242E+4,
334.200,5.05474727E+4,
334.3500,5.07296055E+4,
334.500,4.96588711E+4,
334.6500,4.78128867E+4,
334.800,4.71831367E+4,
334.9500,4.59222461E+4,
335.100,4.54871719E+4,
335.2500,4.49631406E+4,
335.400,4.52568516E+4,
335.5500,4.53836797E+4,
335.700,4.48447930E+4,
335.8500,4.40344102E+4,
336.00,4.28427852E+4,
336.1500,4.34874414E+4,
336.300,4.17883281E+4,
336.4500,4.04527617E+4,
336.600,4.03183984E+4,
336.7500,3.83012500E+4,
336.900,3.98470273E+4,
337.0500,3.90728086E+4,
337.200,3.95663125E+4,
337.3500,3.80581680E+4,
337.500,3.72138672E+4,
337.6500,3.74397578E+4,
337.800,3.70609414E+4,
337.9500,3.58303047E+4,
338.100,3.60894570E+4,
338.2500,3.47891680E+4,
338.400,3.48197188E+4,
338.5500,3.37457500E+4,
338.700,3.39963008E+4,
338.8500,3.29052109E+4,
339.00,3.25521621E+4,
339.1500,3.27851602E+4,
339.300,3.23931094E+4,
339.4500,3.25540156E+4,
339.600,3.07387207E+4,
339.7500,3.05845234E+4,
339.900,3.03827832E+4,
340.0500,3.00211738E+4,
340.200,2.97326816E+4,
340.3500,2.97378867E+4,
340.500,2.90482129E+4,
340.6500,2.80926699E+4,
340.800,2.80821895E+4,
340.9500,2.74385840E+4,
341.100,2.77350020E+4,
341.2500,2.62029766E+4,
341.400,2.69700293E+4,
341.5500,2.67630879E+4,
341.700,2.58722363E+4,
341.8500,2.62584336E+4,
342.00,2.54593457E+4,
342.1500,2.49409199E+4,
342.300,2.42211602E+4,
342.4500,2.44982324E+4,
342.600,2.43595156E+4,
342.7500,2.37649551E+4,
342.900,2.42240410E+4,
343.0500,2.30133047E+4,
343.200,2.26960371E+4,
343.3500,2.28686504E+4,
343.500,2.21471719E+4,
343.6500,2.18275820E+4,
343.800,2.15364316E+4,
343.9500,2.13396836E+4,
344.100,2.09345059E+4,
344.2500,2.12751270E+4,
344.400,2.05900977E+4,
344.5500,2.04382871E+4,
344.700,2.04771816E+4,
344.8500,2.02135254E+4,
345.00,1.95165352E+4,
345.1500,1.96941211E+4,
345.300,1.92297051E+4,
345.4500,1.86180996E+4,
345.600,1.84511836E+4,
345.7500,1.93057207E+4,
345.900,1.83581133E+4,
346.0500,1.81919980E+4,
346.200,1.75883047E+4,
346.3500,1.80002305E+4,
346.500,1.72563965E+4,
346.6500,1.67603906E+4,
346.800,1.67818125E+4,
346.9500,1.61356572E+4,
347.100,1.62067949E+4,
347.2500,1.62575488E+4,
347.400,1.59629043E+4,
347.5500,1.58333311E+4,
347.700,1.54850400E+4,
347.8500,1.58536074E+4,
348.00,1.56943174E+4,
348.1500,1.51934590E+4,
348.300,1.45840313E+4,
348.4500,1.51091924E+4,
348.600,1.47409600E+4,
348.7500,1.41154570E+4,
348.900,1.41257715E+4,
349.0500,1.41162236E+4,
349.200,1.38677666E+4,
349.3500,1.36997021E+4,
349.500,1.35895859E+4,
349.6500,1.35694473E+4,
349.800,1.37033740E+4,
349.9500,1.30494697E+4,
350.100,1.30929834E+4,
350.2500,1.26314570E+4,
350.400,1.31499443E+4,
350.5500,1.29544072E+4,
350.700,1.23115645E+4,
350.8500,1.20641113E+4,
351.00,1.22505361E+4,
351.1500,1.16953906E+4,
351.300,1.23906836E+4,
351.4500,1.17523154E+4,
351.600,1.15031885E+4,
351.7500,1.17199209E+4,
351.900,1.15964238E+4,
352.0500,1.14118604E+4,
352.200,1.13467344E+4,
352.3500,1.10566094E+4,
352.500,1.10413584E+4,
352.6500,1.11660400E+4,
352.800,1.09398613E+4,
352.9500,1.10133213E+4,
353.100,1.03175000E+4,
353.2500,1.06531221E+4,
353.400,1.03431563E+4,
353.5500,1.05341211E+4,
353.700,1.02910303E+4,
353.8500,1.04584502E+4,
354.00,9.97239355E+3,
354.1500,1.03012354E+4,
354.300,9.79819336E+3,
354.4500,9.77298828E+3,
354.600,1.00648408E+4,
354.7500,9.60863379E+3,
354.900,9.63493066E+3,
355.0500,9.06474902E+3,
355.200,9.50650977E+3,
355.3500,9.21624512E+3,
355.500,9.05688672E+3,
355.6500,8.80320020E+3,
355.800,8.58434277E+3,
355.9500,8.85442090E+3,
356.100,8.66055957E+3,
356.2500,8.66555566E+3,
356.400,8.55559277E+3,
356.5500,8.50233887E+3,
356.700,8.40976660E+3,
356.8500,8.39665723E+3,
357.00,8.20307422E+3,
357.1500,8.15574316E+3,
357.300,8.05347266E+3,
357.4500,7.93346729E+3,
357.600,8.04944727E+3,
357.7500,7.93238379E+3,
357.900,8.03387939E+3,
358.0500,7.85631250E+3,
358.200,7.97501807E+3,
358.3500,7.47710645E+3,
358.500,7.56927490E+3,
358.6500,7.60049805E+3,
358.800,7.32878076E+3,
358.9500,7.26507031E+3,
359.100,7.42712842E+3,
359.2500,7.35439404E+3,
359.400,7.33919141E+3,
359.5500,7.15543213E+3,
359.700,6.95317090E+3,
359.8500,6.78045361E+3,
360.00,6.94488428E+3,
360.1500,6.69699561E+3,
360.300,6.72423584E+3,
360.4500,6.43783057E+3,
360.600,6.75020947E+3,
360.7500,6.79817480E+3,
360.900,6.70124658E+3,
361.0500,6.85259180E+3,
361.200,6.82100586E+3,
361.3500,6.44242627E+3,
361.500,6.56121533E+3,
361.6500,6.74811914E+3,
361.800,6.39634229E+3,
361.9500,6.40807080E+3,
362.100,6.60626172E+3,
362.2500,6.39151904E+3,
362.400,6.36750977E+3,
362.5500,6.38489307E+3,
362.700,6.52980176E+3,
362.8500,6.44650342E+3,
363.00,6.36975342E+3,
363.1500,6.22010449E+3,
363.300,6.23441553E+3,
363.4500,6.15092383E+3,
363.600,6.11258301E+3,
363.7500,6.13746143E+3,
363.900,6.03858350E+3,
364.0500,5.96172363E+3,
364.200,5.94052295E+3,
364.3500,5.96391602E+3,
364.500,5.88056006E+3,
364.6500,6.07713672E+3,
364.800,6.10248926E+3,
364.9500,5.85733545E+3,
365.100,6.04783789E+3,
365.2500,6.01347119E+3,
365.400,5.83795117E+3,
365.5500,5.89980176E+3,
365.700,5.91787891E+3,
365.8500,5.75780420E+3,
366.00,5.96405127E+3,
366.1500,5.86011523E+3,
366.300,5.66020654E+3,
366.4500,5.65765527E+3,
366.600,5.59048682E+3,
366.7500,5.55694824E+3,
366.900,5.61744678E+3,
367.0500,5.68181104E+3,
367.200,5.72673877E+3,
367.3500,5.54409326E+3,
367.500,5.51745703E+3,
367.6500,5.41734668E+3,
367.800,5.74530127E+3,
367.9500,5.73805664E+3,
368.100,5.63307568E+3,
368.2500,5.48362402E+3,
368.400,5.60380176E+3,
368.5500,5.59707324E+3,
368.700,5.36654834E+3,
368.8500,5.79223145E+3,
369.00,5.65011279E+3,
369.1500,5.80287988E+3,
369.300,5.71210010E+3,
369.4500,5.66541211E+3,
369.600,5.77403467E+3,
369.7500,6.23498193E+3,
369.900,5.83215625E+3,
370.0500,5.69563867E+3,
370.200,5.63230176E+3,
370.3500,5.98441016E+3,
370.500,6.05901123E+3,
370.6500,5.81883398E+3,
370.800,5.88814307E+3,
370.9500,6.19082373E+3,
371.100,6.03323779E+3,
371.2500,6.30626953E+3,
371.400,6.21546240E+3,
371.5500,6.10678564E+3,
371.700,6.09221631E+3,
371.8500,6.29378369E+3,
372.00,6.15311279E+3,
372.1500,5.96137988E+3,
372.300,6.05428662E+3,
372.4500,6.06888672E+3,
372.600,5.81006982E+3,
372.7500,5.71689941E+3,
372.900,5.57731641E+3,
373.0500,5.76237939E+3,
373.200,5.54427344E+3,
373.3500,5.47954736E+3,
373.500,5.46528369E+3,
373.6500,5.44045654E+3,
373.800,5.44256152E+3,
373.9500,5.14582617E+3,
374.100,5.36637012E+3,
374.2500,5.24195850E+3,
374.400,5.22249805E+3,
374.5500,5.15732080E+3,
374.700,5.17176660E+3,
374.8500,4.95418750E+3,
375.00,5.30955811E+3,
375.1500,5.18054834E+3,
375.300,5.34045557E+3,
375.4500,5.09012646E+3,
375.600,5.03231348E+3,
375.7500,5.35498535E+3,
375.900,5.33516602E+3,
376.0500,5.16858398E+3,
376.200,5.08729199E+3,
376.3500,5.25778027E+3,
376.500,5.25586328E+3,
376.6500,5.06713818E+3,
376.800,5.34817090E+3,
376.9500,5.31562158E+3,
377.100,5.34683984E+3,
377.2500,5.17573145E+3,
377.400,5.32302197E+3,
377.5500,5.37490039E+3,
377.700,5.37250098E+3,
377.8500,5.33469678E+3,
378.00,5.36797217E+3,
378.1500,5.12186035E+3,
378.300,5.42834912E+3,
378.4500,5.24520605E+3,
378.600,5.10630566E+3,
378.7500,5.11189697E+3,
378.900,5.24125732E+3,
379.0500,5.24826758E+3,
379.200,5.28666504E+3,
379.3500,4.92564014E+3,
379.500,5.05095801E+3,
379.6500,5.18923291E+3,
379.800,4.95941992E+3,
379.9500,4.96522656E+3,
380.100,5.01476563E+3,
380.2500,5.00112012E+3,
380.400,4.99417773E+3,
380.5500,5.02182861E+3,
380.700,5.04945898E+3,
380.8500,5.17039404E+3,
381.00,5.15042969E+3,
381.1500,5.12878320E+3,
381.300,5.04055566E+3,
381.4500,5.12662305E+3,
381.600,4.99674561E+3,
381.7500,5.20413623E+3,
381.900,5.13454785E+3,
382.0500,5.15039990E+3,
382.200,5.00300586E+3,
382.3500,4.83864014E+3,
382.500,5.30808105E+3,
382.6500,5.11194434E+3,
382.800,5.11780518E+3,
382.9500,5.04884619E+3,
383.100,4.85461572E+3,
383.2500,4.91355176E+3,
383.400,4.90422754E+3,
383.5500,4.82860791E+3,
383.700,4.76439160E+3,
383.8500,4.89266602E+3,
384.00,4.80198535E+3,
384.1500,4.78025879E+3,
384.300,4.80568066E+3,
384.4500,4.54340283E+3,
384.600,4.73941748E+3,
384.7500,4.60299121E+3,
384.900,4.69569678E+3,
385.0500,4.59224561E+3,
385.200,4.63575439E+3,
385.3500,4.85538916E+3,
385.500,4.83819141E+3,
385.6500,4.87041211E+3,
385.800,4.45535596E+3,
385.9500,4.64785596E+3,
386.100,4.61301807E+3,
386.2500,4.52332520E+3,
386.400,4.67655859E+3,
386.5500,4.77904932E+3,
386.700,4.70343115E+3,
386.8500,4.63119092E+3,
387.00,4.61076025E+3,
387.1500,4.74932227E+3,
387.300,4.77127881E+3,
387.4500,4.79774316E+3,
387.600,4.58658398E+3,
387.7500,4.69897266E+3,
387.900,4.59372461E+3,
388.0500,4.70108301E+3,
388.200,4.55368652E+3,
388.3500,4.95551025E+3,
388.500,4.68480127E+3,
388.6500,4.77759131E+3,
388.800,4.70699316E+3,
388.9500,4.68703711E+3,
389.100,4.59402295E+3,
389.2500,4.69571875E+3,
389.400,4.63959473E+3,
389.5500,4.56906055E+3,
389.700,4.64843213E+3,
389.8500,4.63097363E+3,
390.00,4.60926465E+3,
390.1500,4.63146875E+3,
390.300,4.78757373E+3,
390.4500,4.62352002E+3,
390.600,4.77341162E+3,
390.7500,4.79831934E+3,
390.900,4.68444922E+3,
391.0500,4.79504053E+3,
391.200,4.77926709E+3,
391.3500,4.81395166E+3,
391.500,4.81985645E+3,
391.6500,4.72824951E+3,
391.800,4.79023145E+3,
391.9500,4.91789111E+3,
392.100,4.93436865E+3,
392.2500,5.03958936E+3,
392.400,4.85245654E+3,
392.5500,4.88929395E+3,
392.700,4.75975342E+3,
392.8500,4.87338525E+3,
393.00,4.85914551E+3,
393.1500,5.00466797E+3,
393.300,4.83731250E+3,
393.4500,4.62110303E+3,
393.600,4.68473096E+3,
393.7500,4.47653662E+3,
393.900,4.76520264E+3,
394.0500,4.75365479E+3,
394.200,4.81275146E+3,
394.3500,4.73463867E+3,
394.500,4.63730371E+3,
394.6500,4.72436865E+3,
394.800,4.76527637E+3,
394.9500,4.78526855E+3,
395.100,4.70259619E+3,
395.2500,4.72688623E+3,
395.400,4.64330273E+3,
395.5500,4.96454932E+3,
395.700,4.64939795E+3,
395.8500,4.81835889E+3,
396.00,4.73675732E+3,
396.1500,4.77645605E+3,
396.300,4.73388330E+3,
396.4500,4.88576709E+3,
396.600,4.68341992E+3,
396.7500,4.88552832E+3,
396.900,4.71246777E+3,
397.0500,4.82035498E+3,
397.200,4.69189258E+3,
397.3500,4.67237012E+3,
397.500,4.86979834E+3,
397.6500,4.42920313E+3,
397.800,4.53729883E+3,
397.9500,4.65597412E+3,
398.100,4.51868506E+3,
398.2500,4.52751465E+3,
398.400,4.61847607E+3,
398.5500,4.58019141E+3,
398.700,4.52992969E+3,
398.8500,4.59119385E+3,
399.00,4.45930420E+3,
399.1500,4.51445752E+3,
399.300,4.52403809E+3,
399.4500,4.50287207E+3,
399.600,4.44435547E+3,
399.7500,4.29917871E+3,
399.900,4.43975586E+3,
400.0500,4.03275073E+3,
400.200,4.13585693E+3,
400.3500,4.08118091E+3,
400.500,4.09056567E+3,
400.6500,4.03008643E+3,
400.800,3.83037671E+3,
400.9500,4.00899365E+3,
401.100,4.07636890E+3,
401.2500,4.00505469E+3,
401.400,4.06027417E+3,
401.5500,4.11536572E+3,
401.700,3.97693506E+3,
401.8500,4.13475977E+3,
402.00,3.80095898E+3,
402.1500,3.85512402E+3,
402.300,4.07243872E+3,
402.4500,3.87169336E+3,
402.600,4.00933887E+3,
402.7500,3.97494360E+3,
402.900,4.20774609E+3,
403.0500,3.98076660E+3,
403.200,3.97832983E+3,
403.3500,4.13008203E+3,
403.500,4.08829443E+3,
403.6500,4.10242383E+3,
403.800,3.95399878E+3,
403.9500,4.01043359E+3,
404.100,3.95425171E+3,
404.2500,3.92827759E+3,
404.400,4.13750781E+3,
404.5500,3.93645605E+3,
404.700,4.00481543E+3,
404.8500,4.00143066E+3,
405.00,3.86546558E+3,
405.1500,3.95189917E+3,
405.300,3.94896289E+3,
405.4500,3.96240112E+3,
405.600,3.80375415E+3,
405.7500,3.88703516E+3,
405.900,3.96276538E+3,
406.0500,3.82242505E+3,
406.200,3.94820337E+3,
406.3500,3.64438037E+3,
406.500,3.87625806E+3,
406.6500,3.79701563E+3,
406.800,3.80474292E+3,
406.9500,3.70082593E+3,
407.100,3.66442407E+3,
407.2500,3.72622510E+3,
407.400,3.74399121E+3,
407.5500,3.75589600E+3,
407.700,3.78971899E+3,
407.8500,3.73155933E+3,
408.00,3.87035327E+3,
408.1500,3.82548877E+3,
408.300,3.76329126E+3,
408.4500,3.72450195E+3,
408.600,3.82518335E+3,
408.7500,3.60954199E+3,
408.900,3.59573999E+3,
409.0500,3.39108911E+3,
409.200,3.55585938E+3,
409.3500,3.48197241E+3,
409.500,3.59589746E+3,
409.6500,3.48031982E+3,
409.800,3.51627441E+3,
409.9500,3.57378784E+3,
410.100,3.57801123E+3,
410.2500,3.31344287E+3,
410.400,3.53049805E+3,
410.5500,3.52763965E+3,
410.700,3.40434912E+3,
410.8500,3.47614624E+3,
411.00,3.49201074E+3,
411.1500,3.52486377E+3,
411.300,3.44333301E+3,
411.4500,3.39766162E+3,
411.600,3.49050659E+3,
411.7500,3.47057715E+3,
411.900,3.57465039E+3,
412.0500,3.56183057E+3,
412.200,3.58032202E+3,
412.3500,3.61870410E+3,
412.500,3.51076343E+3,
412.6500,3.53214941E+3,
412.800,3.45993237E+3,
412.9500,3.47285986E+3,
413.100,3.48709009E+3,
413.2500,3.39091675E+3,
413.400,3.58327563E+3,
413.5500,3.46179419E+3,
413.700,3.39556421E+3,
413.8500,3.47329639E+3,
414.00,3.39028857E+3,
414.1500,3.43271411E+3,
414.300,3.39208325E+3,
414.4500,3.25031250E+3,
414.600,3.45154102E+3,
414.7500,3.56404980E+3,
414.900,3.53754297E+3,
415.0500,3.56583032E+3,
415.200,3.54101563E+3,
415.3500,3.51625171E+3,
415.500,3.49013794E+3,
415.6500,3.36482104E+3,
415.800,3.48276489E+3,
415.9500,3.39394629E+3,
416.100,3.47826465E+3,
416.2500,3.38820190E+3,
416.400,3.34285840E+3,
416.5500,3.50507739E+3,
416.700,3.57664917E+3,
416.8500,3.46038403E+3,
417.00,3.47771558E+3,
417.1500,3.42551367E+3,
417.300,3.61633228E+3,
417.4500,3.50864478E+3,
417.600,3.46211230E+3,
417.7500,3.54313184E+3,
417.900,3.66145728E+3,
418.0500,3.60114844E+3,
418.200,3.54097974E+3,
418.3500,3.62051636E+3,
418.500,3.55905225E+3,
418.6500,3.67027588E+3,
418.800,3.66270288E+3,
418.9500,3.69101343E+3,
419.100,3.76614917E+3,
419.2500,3.88528906E+3,
419.400,3.80327002E+3,
419.5500,3.99797949E+3,
419.700,3.83623877E+3,
419.8500,3.81903662E+3,
420.00,3.86232227E+3,
420.1500,3.88889868E+3,
420.300,4.14190430E+3,
420.4500,3.72528931E+3,
420.600,3.80129272E+3,
420.7500,3.84160229E+3,
420.900,3.99005444E+3,
421.0500,3.90708350E+3,
421.200,3.83791113E+3,
421.3500,3.78523364E+3,
421.500,3.78591089E+3,
421.6500,3.75382886E+3,
421.800,3.84053174E+3,
421.9500,4.10039258E+3,
422.100,4.09030957E+3,
422.2500,3.88957861E+3,
422.400,3.97374487E+3,
422.5500,3.87265991E+3,
422.700,3.89008862E+3,
422.8500,3.92792261E+3,
423.00,3.97253540E+3,
423.1500,3.89783276E+3,
423.300,3.93735181E+3,
423.4500,4.02848267E+3,
423.600,3.81667627E+3,
423.7500,4.00692578E+3,
423.900,4.05182300E+3,
424.0500,4.26768164E+3,
424.200,4.03711523E+3,
424.3500,3.76058984E+3,
424.500,3.83130640E+3,
424.6500,4.00905981E+3,
424.800,3.99431494E+3,
424.9500,3.81839868E+3,
425.100,3.98640649E+3,
425.2500,3.95120215E+3,
425.400,3.96068481E+3,
425.5500,3.85248462E+3,
425.700,3.90663452E+3,
425.8500,3.88505737E+3,
426.00,3.80404272E+3,
426.1500,3.94850415E+3,
426.300,3.78904199E+3,
426.4500,3.98471313E+3,
426.600,3.91038232E+3,
426.7500,3.86983594E+3,
426.900,4.00461523E+3,
427.0500,3.86984033E+3,
427.200,3.98735986E+3,
427.3500,3.94181494E+3,
427.500,3.90168945E+3,
427.6500,4.02989697E+3,
427.800,3.76229468E+3,
427.9500,3.97795630E+3,
428.100,3.98686353E+3,
428.2500,3.79422144E+3,
428.400,3.84781030E+3,
428.5500,3.78300732E+3,
428.700,4.06931714E+3,
428.8500,3.79870337E+3,
429.00,3.97065063E+3,
429.1500,3.82533008E+3,
429.300,3.92480957E+3,
429.4500,3.78891016E+3,
429.600,3.74850830E+3,
429.7500,3.77535791E+3,
429.900,3.90038892E+3,
430.0500,3.76833740E+3,
430.200,3.89948022E+3,
430.3500,3.94319653E+3,
430.500,3.81484326E+3,
430.6500,3.90560669E+3,
430.800,3.86465479E+3,
430.9500,3.77669678E+3,
431.100,3.77588672E+3,
431.2500,3.87973218E+3,
431.400,3.82376196E+3,
431.5500,3.77319409E+3,
431.700,3.71326025E+3,
431.8500,3.79692017E+3,
432.00,3.85237695E+3,
432.1500,3.83317041E+3,
432.300,3.88102368E+3,
432.4500,3.61107349E+3,
432.600,3.73000659E+3,
432.7500,3.70949072E+3,
432.900,3.81632837E+3,
433.0500,3.62849658E+3,
433.200,3.78159717E+3,
433.3500,3.76982471E+3,
433.500,3.66553784E+3,
433.6500,3.80526392E+3,
433.800,3.84712231E+3,
433.9500,3.66503198E+3,
434.100,3.72455444E+3,
434.2500,3.67957764E+3,
434.400,3.77679932E+3,
434.5500,3.59493530E+3,
434.700,3.74853613E+3,
434.8500,3.73976221E+3,
435.00,3.88537500E+3,
435.1500,3.78806592E+3,
435.300,3.85188354E+3,
435.4500,3.73571753E+3,
435.600,3.77938745E+3,
435.7500,3.67390820E+3,
435.900,3.81434399E+3,
436.0500,3.66587085E+3,
436.200,3.74469019E+3,
436.3500,3.73477588E+3,
436.500,3.79480322E+3,
436.6500,3.78623096E+3,
436.800,3.79110791E+3,
436.9500,3.89559375E+3,
437.100,3.75128955E+3,
437.2500,3.68109717E+3,
437.400,3.69708301E+3,
437.5500,3.68207324E+3,
437.700,3.69940332E+3,
437.8500,3.79495630E+3,
438.00,3.70439673E+3,
438.1500,3.91932935E+3,
438.300,3.64970923E+3,
438.4500,3.79724829E+3,
438.600,3.71651392E+3,
438.7500,3.89394019E+3,
438.900,3.73334937E+3,
439.0500,3.73651489E+3,
439.200,3.81041479E+3,
439.3500,3.77464209E+3,
439.500,3.71034790E+3,
439.6500,3.61477100E+3,
439.800,3.62357617E+3,
439.9500,3.61336816E+3,
440.100,3.56644946E+3,
440.2500,3.52626245E+3,
440.400,3.56762769E+3,
440.5500,3.52737500E+3,
440.700,3.52110718E+3,
440.8500,3.46577686E+3,
441.00,3.51533228E+3,
441.1500,3.49393750E+3,
441.300,3.46432397E+3,
441.4500,3.41282764E+3,
441.600,3.56477563E+3,
441.7500,3.46953003E+3,
441.900,3.50269336E+3,
442.0500,3.38009619E+3,
442.200,3.56972583E+3,
442.3500,3.55002856E+3,
442.500,3.60155688E+3,
442.6500,3.38847534E+3,
442.800,3.44817578E+3,
442.9500,3.47498584E+3,
443.100,3.38831982E+3,
443.2500,3.37739844E+3,
443.400,3.54398486E+3,
443.5500,3.39953003E+3,
443.700,3.32374878E+3,
443.8500,3.35682251E+3,
444.00,3.44516846E+3,
444.1500,3.34647534E+3,
444.300,3.41913623E+3,
444.4500,3.40050830E+3,
444.600,3.31942554E+3,
444.7500,3.38111816E+3,
444.900,3.38595142E+3,
445.0500,3.42586841E+3,
445.200,3.42750562E+3,
445.3500,3.48629468E+3,
445.500,3.33017920E+3,
445.6500,3.41550781E+3,
445.800,3.20146069E+3,
445.9500,3.32183569E+3,
446.100,3.34809741E+3,
446.2500,3.40446436E+3,
446.400,3.32435376E+3,
446.5500,3.27074756E+3,
446.700,3.34837451E+3,
446.8500,3.26199829E+3,
447.00,3.30435376E+3,
447.1500,3.32701392E+3,
447.300,3.31695850E+3,
447.4500,3.35967798E+3,
447.600,3.40399561E+3,
447.7500,3.37667505E+3,
447.900,3.34484888E+3,
448.0500,3.34354688E+3,
448.200,3.27628906E+3,
448.3500,3.37587085E+3,
448.500,3.46450391E+3,
448.6500,3.34967017E+3,
448.800,3.40633423E+3,
448.9500,3.32271973E+3,
449.100,3.46358105E+3,
449.2500,3.32182471E+3,
449.400,3.47492700E+3,
449.5500,3.52823047E+3,
449.700,3.60031055E+3,
449.8500,3.78338452E+3,
450.00,4.03931348E+3,
450.1500,2.25953171E+2,
450.300,2.20771393E+2,
450.4500,2.17098053E+2,
450.600,2.35351318E+2,
450.7500,2.56918304E+2,
450.900,2.83426544E+2,
451.0500,2.31884354E+2,
451.200,2.71612732E+2,
451.3500,2.73223328E+2,
451.500,3.62208954E+2,
451.6500,3.65415588E+2,
451.800,4.22644806E+2,
451.9500,4.32212433E+2,
452.100,4.80083893E+2,
452.2500,5.58464783E+2,
452.400,5.41936218E+2,
452.5500,5.50587341E+2,
452.700,5.80984924E+2,
452.8500,6.14245178E+2,
453.00,7.04399963E+2,
453.1500,6.76850220E+2,
453.300,7.12201721E+2,
453.4500,7.44102234E+2,
453.600,8.26839294E+2,
453.7500,8.03807678E+2,
453.900,8.56959473E+2,
454.0500,9.07682495E+2,
454.200,9.54154297E+2,
454.3500,1.00876440E+3,
454.500,9.55527771E+2,
454.6500,1.10292773E+3,
454.800,1.09841296E+3,
454.9500,1.06561914E+3,
455.100,1.16246875E+3,
455.2500,1.21577893E+3,
455.400,1.23365613E+3,
455.5500,1.24029272E+3,
455.700,1.23455322E+3,
455.8500,1.45757886E+3,
456.00,1.32889063E+3,
456.1500,1.50105237E+3,
456.300,1.52024292E+3,
456.4500,1.54585571E+3,
456.600,1.48960156E+3,
456.7500,1.55048755E+3,
456.900,1.62492908E+3,
457.0500,1.65596802E+3,
457.200,1.64066541E+3,
457.3500,1.73397913E+3,
457.500,1.81735547E+3,
457.6500,1.77003748E+3,
457.800,1.81851404E+3,
457.9500,1.94741882E+3,
458.100,1.92793860E+3,
458.2500,1.93723193E+3,
458.400,1.99548120E+3,
458.5500,2.02392407E+3,
458.700,1.97212585E+3,
458.8500,2.10662256E+3,
459.00,2.08383838E+3,
459.1500,2.16794897E+3,
459.300,2.09685400E+3,
459.4500,2.09152515E+3,
459.600,2.06865137E+3,
459.7500,2.12802808E+3,
459.900,2.18107495E+3,
460.0500,2.22689478E+3,
460.200,2.27155249E+3,
460.3500,2.32048218E+3,
460.500,2.30145923E+3,
460.6500,2.36364136E+3,
460.800,2.39468262E+3,
460.9500,2.33501489E+3,
461.100,2.38479004E+3,
461.2500,2.44472046E+3,
461.400,2.55126587E+3,
461.5500,2.48092944E+3,
461.700,2.69224683E+3,
461.8500,2.68179932E+3,
462.00,2.73216211E+3,
462.1500,2.80121411E+3,
462.300,2.87978076E+3,
462.4500,3.03998242E+3,
462.600,2.94843359E+3,
462.7500,2.97709644E+3,
462.900,2.98177930E+3,
463.0500,2.97595947E+3,
463.200,2.86181372E+3,
463.3500,2.91834888E+3,
463.500,2.74054126E+3,
463.6500,2.70503613E+3,
463.800,2.83966406E+3,
463.9500,2.71566333E+3,
464.100,2.73730542E+3,
464.2500,2.66564331E+3,
464.400,2.74050439E+3,
464.5500,2.73262402E+3,
464.700,2.82924170E+3,
464.8500,2.79179468E+3,
465.00,2.83752515E+3,
465.1500,2.59549707E+3,
465.300,2.78773755E+3,
465.4500,2.72330200E+3,
465.600,2.68936938E+3,
465.7500,2.66911548E+3,
465.900,2.78722485E+3,
466.0500,2.82424902E+3,
466.200,2.86374805E+3,
466.3500,2.92696143E+3,
466.500,3.07786768E+3,
466.6500,3.37493018E+3,
466.800,3.48051587E+3,
466.9500,3.84931689E+3,
467.100,3.90918628E+3,
467.2500,4.10670703E+3,
467.400,4.00332178E+3,
467.5500,3.76603613E+3,
467.700,3.74621484E+3,
467.8500,3.57932642E+3,
468.00,3.59043433E+3,
468.1500,3.43900146E+3,
468.300,3.34187036E+3,
468.4500,3.21035376E+3,
468.600,3.14925415E+3,
468.7500,3.10758447E+3,
468.900,3.18573169E+3,
469.0500,3.09871729E+3,
469.200,3.17632568E+3,
469.3500,3.16780078E+3,
469.500,3.25638550E+3,
469.6500,3.21752124E+3,
469.800,3.15651367E+3,
469.9500,3.01085376E+3,
470.100,3.06336084E+3,
470.2500,2.98395581E+3,
470.400,2.87645337E+3,
470.5500,2.98449170E+3,
470.700,2.94352637E+3,
470.8500,2.87446558E+3,
471.00,2.89793774E+3,
471.1500,2.80239429E+3,
471.300,2.92079395E+3,
471.4500,2.91264600E+3,
471.600,2.78712524E+3,
471.7500,2.70583350E+3,
471.900,2.77398462E+3,
472.0500,2.79613818E+3,
472.200,2.87368604E+3,
472.3500,2.72580615E+3,
472.500,2.76227808E+3,
472.6500,2.88284985E+3,
472.800,2.86021265E+3,
472.9500,3.12284741E+3,
473.100,3.41261157E+3,
473.2500,3.43023242E+3,
473.400,3.56991699E+3,
473.5500,3.43945752E+3,
473.700,3.23200513E+3,
473.8500,3.01660059E+3,
474.00,2.90425366E+3,
474.1500,2.79620728E+3,
474.300,2.77216895E+3,
474.4500,2.90713892E+3,
474.600,2.81609741E+3,
474.7500,2.71405884E+3,
474.900,2.79802441E+3,
475.0500,2.77407153E+3,
475.200,2.76528491E+3,
475.3500,2.68848364E+3,
475.500,2.76870996E+3,
475.6500,2.69989795E+3,
475.800,2.68209521E+3,
475.9500,2.71931519E+3,
476.100,2.73564478E+3,
476.2500,2.70099658E+3,
476.400,2.65732983E+3,
476.5500,2.71975635E+3,
476.700,2.64303833E+3,
476.8500,2.64439844E+3,
477.00,2.75090576E+3,
477.1500,2.60827881E+3,
477.300,2.58580933E+3,
477.4500,2.63547729E+3,
477.600,2.70621216E+3,
477.7500,2.63862744E+3,
477.900,2.68632568E+3,
478.0500,2.66594604E+3,
478.200,2.67786646E+3,
478.3500,2.59042871E+3,
478.500,2.69971021E+3,
478.6500,2.79499854E+3,
478.800,2.65325024E+3,
478.9500,2.77772070E+3,
479.100,2.70341089E+3,
479.2500,2.73272534E+3,
479.400,2.73187305E+3,
479.5500,2.80047266E+3,
479.700,2.77244629E+3,
479.8500,2.81289966E+3,
480.00,2.77274878E+3,
480.1500,2.75786279E+3,
480.300,2.76817896E+3,
480.4500,2.85116431E+3,
480.600,3.02610132E+3,
480.7500,3.07996826E+3,
480.900,3.20562866E+3,
481.0500,3.10995654E+3,
481.200,2.92211548E+3,
481.3500,3.03261719E+3,
481.500,2.97819995E+3,
481.6500,2.84777686E+3,
481.800,2.80741040E+3,
481.9500,2.85011670E+3,
482.100,2.88787256E+3,
482.2500,2.77048853E+3,
482.400,2.89758716E+3,
482.5500,2.77501294E+3,
482.700,2.88799414E+3,
482.8500,2.98176123E+3,
483.00,2.99426685E+3,
483.1500,2.84127881E+3,
483.300,2.91204102E+3,
483.4500,2.88714355E+3,
483.600,2.80107520E+3,
483.7500,2.82603149E+3,
483.900,2.81122607E+3,
484.0500,2.74136206E+3,
484.200,2.79819312E+3,
484.3500,2.80807983E+3,
484.500,2.81899316E+3,
484.6500,2.77466431E+3,
484.800,2.74870044E+3,
484.9500,2.71450317E+3,
485.100,2.75624390E+3,
485.2500,2.61245068E+3,
485.400,2.69220752E+3,
485.5500,2.68989746E+3,
485.700,2.71943604E+3,
485.8500,2.68832788E+3,
486.00,2.66849048E+3,
486.1500,2.66208447E+3,
486.300,2.70821777E+3,
486.4500,2.78121777E+3,
486.600,2.75214697E+3,
486.7500,2.71270239E+3,
486.900,2.80442725E+3,
487.0500,2.83416162E+3,
487.200,2.87414136E+3,
487.3500,3.07565552E+3,
487.500,3.24011182E+3,
487.6500,3.55711328E+3,
487.800,4.04559497E+3,
487.9500,4.99537012E+3,
488.100,6.25134180E+3,
488.2500,7.88362158E+3,
488.400,9.58521680E+3,
488.5500,1.12220752E+4,
488.700,1.18388936E+4,
488.8500,1.08895420E+4,
489.00,9.06210352E+3,
489.1500,7.10313574E+3,
489.300,5.54216211E+3,
489.4500,5.00297217E+3,
489.600,4.73877100E+3,
489.7500,5.11056641E+3,
489.900,5.82261133E+3,
490.0500,6.49505859E+3,
490.200,7.33352246E+3,
490.3500,8.96437988E+3,
490.500,1.00240947E+4,
490.6500,1.11137344E+4,
490.800,1.14992246E+4,
490.9500,1.18400664E+4,
491.100,1.18286748E+4,
491.2500,1.23892393E+4,
491.400,1.25429297E+4,
491.5500,1.43208428E+4,
491.700,1.57079932E+4,
491.8500,1.73170996E+4,
492.00,1.84837363E+4,
492.1500,1.82387500E+4,
492.300,1.76565488E+4,
492.4500,1.56076289E+4,
492.600,1.46445879E+4,
492.7500,1.27691279E+4,
492.900,1.18477852E+4,
493.0500,1.08174307E+4,
493.200,1.03672881E+4,
493.3500,1.02624971E+4,
493.500,9.70563574E+3,
493.6500,9.37825586E+3,
493.800,8.72264746E+3,
493.9500,8.26575488E+3,
494.100,8.08496973E+3,
494.2500,7.95307568E+3,
494.400,7.99761084E+3,
494.5500,8.20182910E+3,
494.700,8.53284961E+3,
494.8500,8.71733008E+3,
495.00,8.93749414E+3,
495.1500,9.06591309E+3,
495.300,9.25042676E+3,
495.4500,9.49439551E+3,
495.600,9.57066797E+3,
495.7500,9.74620215E+3,
495.900,9.15384961E+3,
496.0500,9.12226172E+3,
496.200,8.91718555E+3,
496.3500,8.18393652E+3,
496.500,8.10753711E+3,
496.6500,7.61821777E+3,
496.800,7.52271777E+3,
496.9500,7.02659766E+3,
497.100,7.08387646E+3,
497.2500,7.01312207E+3,
497.400,6.94438965E+3,
497.5500,6.77857373E+3,
497.700,6.79447803E+3,
497.8500,6.93367188E+3,
498.00,7.20850049E+3,
498.1500,7.58778809E+3,
498.300,7.55638184E+3,
498.4500,7.43400732E+3,
498.600,7.63250488E+3,
498.7500,7.25761182E+3,
498.900,7.13674512E+3,
499.0500,6.72884180E+3,
499.200,6.27294922E+3,
499.3500,5.96042773E+3,
499.500,5.77955225E+3,
499.6500,5.50237744E+3,
499.800,5.29202295E+3,
499.9500,5.00503857E+3,
500.100,4.63132275E+3,
500.2500,4.57903760E+3,
500.400,4.43912256E+3,
500.5500,4.33331055E+3,
500.700,4.27168945E+3,
500.8500,4.02332520E+3,
501.00,3.93460303E+3,
501.1500,3.93137158E+3,
501.300,3.76774170E+3,
501.4500,3.73311890E+3,
501.600,3.54892188E+3,
501.7500,3.60000146E+3,
501.900,3.49581152E+3,
502.0500,3.43170410E+3,
502.200,3.41674585E+3,
502.3500,3.27961792E+3,
502.500,3.38222827E+3,
502.6500,3.28072852E+3,
502.800,3.21274341E+3,
502.9500,3.22445728E+3,
503.100,3.20590552E+3,
503.2500,3.03869434E+3,
503.400,3.06168481E+3,
503.5500,3.02828979E+3,
503.700,3.10662280E+3,
503.8500,3.14326221E+3,
504.00,3.20257935E+3,
504.1500,3.14095947E+3,
504.300,3.34441040E+3,
504.4500,3.36899219E+3,
504.600,3.22103027E+3,
504.7500,3.46484229E+3,
504.900,3.39174365E+3,
505.0500,3.73289990E+3,
505.200,3.78754028E+3,
505.3500,4.07948315E+3,
505.500,4.34339795E+3,
505.6500,4.54835742E+3,
505.800,4.97665332E+3,
505.9500,5.46520898E+3,
506.100,5.88606689E+3,
506.2500,6.49697363E+3,
506.400,6.92994482E+3,
506.5500,7.88983252E+3,
506.700,8.92505078E+3,
506.8500,1.01566377E+4,
507.00,1.06866035E+4,
507.1500,1.17627158E+4,
507.300,1.23203574E+4,
507.4500,1.28201328E+4,
507.600,1.23285449E+4,
507.7500,1.23742510E+4,
507.900,1.15196094E+4,
508.0500,1.04291309E+4,
508.200,9.71531934E+3,
508.3500,8.39092773E+3,
508.500,7.84451221E+3,
508.6500,7.08613330E+3,
508.800,6.46491895E+3,
508.9500,5.88443262E+3,
509.100,5.45336816E+3,
509.2500,5.33595313E+3,
509.400,4.84605273E+3,
509.5500,4.95859229E+3,
509.700,4.74059277E+3,
509.8500,4.84616504E+3,
510.00,5.04240820E+3,
510.1500,5.17287012E+3,
510.300,5.29413232E+3,
510.4500,5.63712158E+3,
510.600,5.62571436E+3,
510.7500,5.70161816E+3,
510.900,5.92532910E+3,
511.0500,5.54869678E+3,
511.200,5.29925000E+3,
511.3500,4.84318652E+3,
511.500,4.30683203E+3,
511.6500,3.81815649E+3,
511.800,3.55310742E+3,
511.9500,3.40647144E+3,
512.100,3.07286133E+3,
512.2500,2.99956030E+3,
512.400,2.82714136E+3,
512.5500,2.75702319E+3,
512.700,2.65092383E+3,
512.8500,2.67136450E+3,
513.00,2.55299316E+3,
513.1500,2.49806396E+3,
513.300,2.53056152E+3,
513.4500,2.36262915E+3,
513.600,2.44671143E+3,
513.7500,2.46118262E+3,
513.900,2.29023877E+3,
514.0500,2.27084961E+3,
514.200,2.32991357E+3,
514.3500,2.22361597E+3,
514.500,2.13159888E+3,
514.6500,2.15920605E+3,
514.800,2.18201245E+3,
514.9500,2.09813306E+3,
515.100,2.14397314E+3,
515.2500,2.14736353E+3,
515.400,2.13858862E+3,
515.5500,2.15170361E+3,
515.700,2.15630591E+3,
515.8500,2.12430322E+3,
516.00,2.21925146E+3,
516.1500,2.05398584E+3,
516.300,2.03891003E+3,
516.4500,2.00787183E+3,
516.600,2.03807654E+3,
516.7500,2.07447168E+3,
516.900,1.89590601E+3,
517.0500,2.05646533E+3,
517.200,2.05734204E+3,
517.3500,1.98919312E+3,
517.500,1.86661377E+3,
517.6500,1.86850989E+3,
517.800,1.91490503E+3,
517.9500,1.92178918E+3,
518.100,1.85810828E+3,
518.2500,1.80298767E+3,
518.400,1.92649280E+3,
518.5500,1.96947607E+3,
518.700,1.74511450E+3,
518.8500,1.88883984E+3,
519.00,1.84589368E+3,
519.1500,1.75677173E+3,
519.300,1.88353406E+3,
519.4500,1.76924084E+3,
519.600,1.82116980E+3,
519.7500,1.77546851E+3,
519.900,1.81746472E+3,
520.0500,1.78548547E+3,
520.200,1.80250525E+3,
520.3500,1.80948682E+3,
520.500,1.76860779E+3,
520.6500,1.65575378E+3,
520.800,1.84436255E+3,
520.9500,1.79704834E+3,
521.100,1.75467078E+3,
521.2500,1.65520093E+3,
521.400,1.74948047E+3,
521.5500,1.74623047E+3,
521.700,1.72645361E+3,
521.8500,1.72315955E+3,
522.00,1.72494434E+3,
522.1500,1.71908252E+3,
522.300,1.78081006E+3,
522.4500,1.70857825E+3,
522.600,1.65919922E+3,
522.7500,1.57516357E+3,
522.900,1.57677026E+3,
523.0500,1.67713342E+3,
523.200,1.65967822E+3,
523.3500,1.67044702E+3,
523.500,1.59504822E+3,
523.6500,1.64696484E+3,
523.800,1.64870996E+3,
523.9500,1.66851978E+3,
524.100,1.65609290E+3,
524.2500,1.62553979E+3,
524.400,1.55737219E+3,
524.5500,1.50978662E+3,
524.700,1.55550293E+3,
524.8500,1.55455554E+3,
525.00,1.58350244E+3,
525.1500,1.57341003E+3,
525.300,1.57631702E+3,
525.4500,1.51271753E+3,
525.600,1.53383276E+3,
525.7500,1.45959534E+3,
525.900,1.46760828E+3,
526.0500,1.47957971E+3,
526.200,1.45622351E+3,
526.3500,1.53515576E+3,
526.500,1.48815417E+3,
526.6500,1.57779150E+3,
526.800,1.58205493E+3,
526.9500,1.49936438E+3,
527.100,1.44166321E+3,
527.2500,1.57799280E+3,
527.400,1.51764917E+3,
527.5500,1.50480640E+3,
527.700,1.49192969E+3,
527.8500,1.54401392E+3,
528.00,1.48466040E+3,
528.1500,1.55419214E+3,
528.300,1.53070374E+3,
528.4500,1.46184802E+3,
528.600,1.51022852E+3,
528.7500,1.35569421E+3,
528.900,1.54178345E+3,
529.0500,1.46588977E+3,
529.200,1.43268323E+3,
529.3500,1.48928943E+3,
529.500,1.44661938E+3,
529.6500,1.45763672E+3,
529.800,1.48886340E+3,
529.9500,1.44199060E+3,
530.100,1.45030615E+3,
530.2500,1.45862598E+3,
530.400,1.54808032E+3,
530.5500,1.41845471E+3,
530.700,1.47552832E+3,
530.8500,1.50558960E+3,
531.00,1.45831311E+3,
531.1500,1.45989404E+3,
531.300,1.39615405E+3,
531.4500,1.46985889E+3,
531.600,1.46462061E+3,
531.7500,1.47028687E+3,
531.900,1.39259570E+3,
532.0500,1.55007019E+3,
532.200,1.51619238E+3,
532.3500,1.50691260E+3,
532.500,1.40700879E+3,
532.6500,1.50888696E+3,
532.800,1.48028894E+3,
532.9500,1.47365906E+3,
533.100,1.53185779E+3,
533.2500,1.43974451E+3,
533.400,1.48699365E+3,
533.5500,1.42781067E+3,
533.700,1.45990552E+3,
533.8500,1.40470581E+3,
534.00,1.43822314E+3,
534.1500,1.38844287E+3,
534.300,1.38028455E+3,
534.4500,1.42225122E+3,
534.600,1.45175525E+3,
534.7500,1.44920874E+3,
534.900,1.43127612E+3,
535.0500,1.40909363E+3,
535.200,1.38684802E+3,
535.3500,1.37436377E+3,
535.500,1.41379272E+3,
535.6500,1.40270557E+3,
535.800,1.37610938E+3,
535.9500,1.34099866E+3,
536.100,1.39606763E+3,
536.2500,1.43290759E+3,
536.400,1.25641663E+3,
536.5500,1.41060461E+3,
536.700,1.46173010E+3,
536.8500,1.31586536E+3,
537.00,1.42376819E+3,
537.1500,1.42680493E+3,
537.300,1.36439624E+3,
537.4500,1.41294006E+3,
537.600,1.47869824E+3,
537.7500,1.56030164E+3,
537.900,1.43771570E+3,
538.0500,1.49369409E+3,
538.200,1.47388708E+3,
538.3500,1.39093506E+3,
538.500,1.46283179E+3,
538.6500,1.44721741E+3,
538.800,1.39703101E+3,
538.9500,1.34816919E+3,
539.100,1.34102417E+3,
539.2500,1.34396997E+3,
539.400,1.33102039E+3,
539.5500,1.34407800E+3,
539.700,1.36295435E+3,
539.8500,1.28181531E+3,
540.00,1.35291174E+3,
540.1500,1.32541797E+3,
540.300,1.34295837E+3,
540.4500,1.37073181E+3,
540.600,1.25418628E+3,
540.7500,1.29359033E+3,
540.900,1.30969336E+3,
541.0500,1.33169128E+3,
541.200,1.30101453E+3,
541.3500,1.34653467E+3,
541.500,1.32019775E+3,
541.6500,1.25262878E+3,
541.800,1.32914514E+3,
541.9500,1.28941846E+3,
542.100,1.30860864E+3,
542.2500,1.37658044E+3,
542.400,1.28352393E+3,
542.5500,1.38270032E+3,
542.700,1.34278223E+3,
542.8500,1.28051013E+3,
543.00,1.26562634E+3,
543.1500,1.34142456E+3,
543.300,1.26850305E+3,
543.4500,1.37576770E+3,
543.600,1.36538354E+3,
543.7500,1.31762292E+3,
543.900,1.34452917E+3,
544.0500,1.25020850E+3,
544.200,1.36851404E+3,
544.3500,1.31150867E+3,
544.500,1.37004431E+3,
544.6500,1.38960327E+3,
544.800,1.41672681E+3,
544.9500,1.44842749E+3,
545.100,1.47871362E+3,
545.2500,1.56043701E+3,
545.400,1.62872815E+3,
545.5500,1.55939331E+3,
545.700,1.59447949E+3,
545.8500,1.71005688E+3,
546.00,1.51903894E+3,
546.1500,1.59537000E+3,
546.300,1.60944543E+3,
546.4500,1.57019324E+3,
546.600,1.43163391E+3,
546.7500,1.47916504E+3,
546.900,1.44266077E+3,
547.0500,1.51177966E+3,
547.200,1.38636194E+3,
547.3500,1.41110425E+3,
547.500,1.41437878E+3,
547.6500,1.39456702E+3,
547.800,1.42709814E+3,
547.9500,1.43810229E+3,
548.100,1.50938281E+3,
548.2500,1.48183826E+3,
548.400,1.50842505E+3,
548.5500,1.65756409E+3,
548.700,1.71701868E+3,
548.8500,1.63982776E+3,
549.00,1.70872754E+3,
549.1500,1.79801685E+3,
549.300,1.68628015E+3,
549.4500,1.62424915E+3,
549.600,1.69028101E+3,
549.7500,1.58269482E+3,
549.900,1.58769629E+3,
550.0500,1.65546692E+3,
550.200,1.74538428E+3,
550.3500,1.78989197E+3,
550.500,1.86284094E+3,
550.6500,1.94225977E+3,
550.800,2.10392773E+3,
550.9500,2.19485718E+3,
551.100,2.15468994E+3,
551.2500,2.22687842E+3,
551.400,2.14541577E+3,
551.5500,2.26695483E+3,
551.700,2.04706140E+3,
551.8500,2.00963599E+3,
552.00,2.07247510E+3,
552.1500,1.81337585E+3,
552.300,1.84586169E+3,
552.4500,1.88641162E+3,
552.600,1.80860950E+3,
552.7500,1.68735132E+3,
552.900,1.70858508E+3,
553.0500,1.73471387E+3,
553.200,1.60819189E+3,
553.3500,1.58762292E+3,
553.500,1.59923962E+3,
553.6500,1.54308630E+3,
553.800,1.64193152E+3,
553.9500,1.68276294E+3,
554.100,1.47097693E+3,
554.2500,1.61389063E+3,
554.400,1.58825452E+3,
554.5500,1.60157043E+3,
554.700,1.69142737E+3,
554.8500,1.78638477E+3,
555.00,1.73632739E+3,
555.1500,1.67796387E+3,
555.300,1.76503882E+3,
555.4500,1.76060278E+3,
555.600,1.88896606E+3,
555.7500,1.75495898E+3,
555.900,1.79320837E+3,
556.0500,1.66863696E+3,
556.200,1.74808118E+3,
556.3500,1.74358093E+3,
556.500,1.77209412E+3,
556.6500,1.69319165E+3,
556.800,1.75811877E+3,
556.9500,1.78507434E+3,
557.100,1.72084033E+3,
557.2500,1.74617346E+3,
557.400,1.80150366E+3,
557.5500,1.63379028E+3,
557.700,1.69744226E+3,
557.8500,1.80464380E+3,
558.00,1.76333899E+3,
558.1500,1.79729492E+3,
558.300,1.78441077E+3,
558.4500,1.71780847E+3,
558.600,1.76524817E+3,
558.7500,1.83802075E+3,
558.900,1.75269910E+3,
559.0500,1.73292627E+3,
559.200,1.73170959E+3,
559.3500,1.78962939E+3,
559.500,1.82738184E+3,
559.6500,1.78729211E+3,
559.800,1.71147363E+3,
559.9500,1.76623230E+3,
560.100,1.72589941E+3,
560.2500,1.78080066E+3,
560.400,1.73526099E+3,
560.5500,1.59061401E+3,
560.700,1.76001929E+3,
560.8500,1.71597571E+3,
561.00,1.55362598E+3,
561.1500,1.66011108E+3,
561.300,1.53504285E+3,
561.4500,1.63143506E+3,
561.600,1.53355896E+3,
561.7500,1.45784509E+3,
561.900,1.51996777E+3,
562.0500,1.53041772E+3,
562.200,1.48901819E+3,
562.3500,1.50118872E+3,
562.500,1.47871204E+3,
562.6500,1.48221069E+3,
562.800,1.44748193E+3,
562.9500,1.37961169E+3,
563.100,1.33254907E+3,
563.2500,1.35690784E+3,
563.400,1.32020300E+3,
563.5500,1.34459631E+3,
563.700,1.27450940E+3,
563.8500,1.29188513E+3,
564.00,1.44268701E+3,
564.1500,1.24076257E+3,
564.300,1.21602991E+3,
564.4500,1.21413550E+3,
564.600,1.34809851E+3,
564.7500,1.22621619E+3,
564.900,1.30038940E+3,
565.0500,1.19226880E+3,
565.200,1.32685925E+3,
565.3500,1.31437097E+3,
565.500,1.29117407E+3,
565.6500,1.34448596E+3,
565.800,1.25171704E+3,
565.9500,1.31760278E+3,
566.100,1.33351697E+3,
566.2500,1.36911108E+3,
566.400,1.25427258E+3,
566.5500,1.30419849E+3,
566.700,1.41171313E+3,
566.8500,1.34325366E+3,
567.00,1.44385742E+3,
567.1500,1.34822571E+3,
567.300,1.31191345E+3,
567.4500,1.25744531E+3,
567.600,1.31498926E+3,
567.7500,1.38896155E+3,
567.900,1.38876807E+3,
568.0500,1.46665930E+3,
568.200,1.40305859E+3,
568.3500,1.37932642E+3,
568.500,1.46302502E+3,
568.6500,1.51591479E+3,
568.800,1.47395251E+3,
568.9500,1.46845679E+3,
569.100,1.57285278E+3,
569.2500,1.59320105E+3,
569.400,1.48509534E+3,
569.5500,1.58440723E+3,
569.700,1.56986243E+3,
569.8500,1.51104785E+3,
570.00,1.57938879E+3,
570.1500,1.55729260E+3,
570.300,1.56102942E+3,
570.4500,1.52588306E+3,
570.600,1.53514246E+3,
570.7500,1.50543640E+3,
570.900,1.36414368E+3,
571.0500,1.34714868E+3,
571.200,1.40270972E+3,
571.3500,1.46585193E+3,
571.500,1.53286694E+3,
571.6500,1.35329626E+3,
571.800,1.43716711E+3,
571.9500,1.35261560E+3,
572.100,1.43858936E+3,
572.2500,1.42338171E+3,
572.400,1.36489270E+3,
572.5500,1.44178076E+3,
572.700,1.47738745E+3,
572.8500,1.47722546E+3,
573.00,1.47516980E+3,
573.1500,1.38621313E+3,
573.300,1.51099365E+3,
573.4500,1.31947803E+3,
573.600,1.43498303E+3,
573.7500,1.39492883E+3,
573.900,1.44039709E+3,
574.0500,1.38690845E+3,
574.200,1.39623828E+3,
574.3500,1.55263672E+3,
574.500,1.43598267E+3,
574.6500,1.38795850E+3,
574.800,1.46631641E+3,
574.9500,1.37981995E+3,
575.100,1.39110864E+3,
575.2500,1.36779614E+3,
575.400,1.41183618E+3,
575.5500,1.44633496E+3,
575.700,1.40754370E+3,
575.8500,1.44791040E+3,
576.00,1.47675720E+3,
576.1500,1.50764478E+3,
576.300,1.35816016E+3,
576.4500,1.40645020E+3,
576.600,1.53070776E+3,
576.7500,1.54426428E+3,
576.900,1.40966809E+3,
577.0500,1.52264490E+3,
577.200,1.56550610E+3,
577.3500,1.50671155E+3,
577.500,1.38899878E+3,
577.6500,1.52010242E+3,
577.800,1.46102698E+3,
577.9500,1.54926294E+3,
578.100,1.57466650E+3,
578.2500,1.45033643E+3,
578.400,1.45000635E+3,
578.5500,1.38054346E+3,
578.700,1.48294141E+3,
578.8500,1.56379053E+3,
579.00,1.53384082E+3,
579.1500,1.58913513E+3,
579.300,1.45784778E+3,
579.4500,1.46743738E+3,
579.600,1.57657520E+3,
579.7500,1.58431653E+3,
579.900,1.57810437E+3,
580.0500,1.63580713E+3,
580.200,1.51571362E+3,
580.3500,1.72165112E+3,
580.500,1.62942700E+3,
580.6500,1.62126062E+3,
580.800,1.62311267E+3,
580.9500,1.52843250E+3,
581.100,1.59666418E+3,
581.2500,1.57436353E+3,
581.400,1.62667944E+3,
581.5500,1.66900891E+3,
581.700,1.58398657E+3,
581.8500,1.61015210E+3,
582.00,1.64245679E+3,
582.1500,1.57541638E+3,
582.300,1.60780566E+3,
582.4500,1.65247937E+3,
582.600,1.63001587E+3,
582.7500,1.70337097E+3,
582.900,1.72992188E+3,
583.0500,1.72177844E+3,
583.200,1.71568347E+3,
583.3500,1.80180945E+3,
583.500,1.69727209E+3,
583.6500,1.70549084E+3,
583.800,1.65611768E+3,
583.9500,1.76316370E+3,
584.100,1.62506958E+3,
584.2500,1.73235120E+3,
584.400,1.79234106E+3,
584.5500,1.69723401E+3,
584.700,1.69100098E+3,
584.8500,1.80301001E+3,
585.00,1.76987195E+3,
585.1500,1.52240881E+3,
585.300,1.73661255E+3,
585.4500,1.82206812E+3,
585.600,1.75743970E+3,
585.7500,1.64458899E+3,
585.900,1.81390857E+3,
586.0500,1.69663928E+3,
586.200,1.65665063E+3,
586.3500,1.77612097E+3,
586.500,1.76344348E+3,
586.6500,1.73179382E+3,
586.800,1.85806348E+3,
586.9500,1.80112939E+3,
587.100,1.75249597E+3,
587.2500,1.76504346E+3,
587.400,1.84744922E+3,
587.5500,1.94062585E+3,
587.700,1.81554822E+3,
587.8500,1.88553052E+3,
588.00,1.78560608E+3,
588.1500,2.05364771E+3,
588.300,1.90257202E+3,
588.4500,1.81727173E+3,
588.600,1.84494580E+3,
588.7500,1.90688025E+3,
588.900,1.89618372E+3,
589.0500,1.89406079E+3,
589.200,1.84266223E+3,
589.3500,1.75033044E+3,
589.500,1.92009546E+3,
589.6500,1.79533630E+3,
589.800,1.82114111E+3,
589.9500,1.85347510E+3,
590.100,1.84711731E+3,
590.2500,1.87324548E+3,
590.400,2.04671045E+3,
590.5500,1.78906104E+3,
590.700,1.71531714E+3,
590.8500,1.80443201E+3,
591.00,1.87635046E+3,
591.1500,1.98774854E+3,
591.300,1.92920142E+3,
591.4500,1.91857202E+3,
591.600,1.92541138E+3,
591.7500,1.98264868E+3,
591.900,1.84479871E+3,
592.0500,1.83613721E+3,
592.200,1.96811353E+3,
592.3500,1.89124377E+3,
592.500,1.97950732E+3,
592.6500,1.99514734E+3,
592.800,2.01081641E+3,
592.9500,2.01988208E+3,
593.100,2.00017578E+3,
593.2500,1.91388806E+3,
593.400,1.91398181E+3,
593.5500,2.12303613E+3,
593.700,2.12336914E+3,
593.8500,2.15043628E+3,
594.00,2.17309888E+3,
594.1500,1.92795508E+3,
594.300,2.08033545E+3,
594.4500,2.02032312E+3,
594.600,2.10368188E+3,
594.7500,2.13559912E+3,
594.900,2.19232739E+3,
595.0500,2.03309192E+3,
595.200,2.17561133E+3,
595.3500,1.97987231E+3,
595.500,2.24249829E+3,
595.6500,2.12779858E+3,
595.800,2.12838037E+3,
595.9500,2.02001355E+3,
596.100,2.15451709E+3,
596.2500,2.23247192E+3,
596.400,2.04401587E+3,
596.5500,2.15395874E+3,
596.700,2.13395630E+3,
596.8500,2.19625122E+3,
597.00,2.03878833E+3,
597.1500,2.28228638E+3,
597.300,2.28754736E+3,
597.4500,2.29971582E+3,
597.600,2.21749536E+3,
597.7500,2.32642554E+3,
597.900,2.35482739E+3,
598.0500,2.25614795E+3,
598.200,2.39097412E+3,
598.3500,2.55162988E+3,
598.500,2.35300732E+3,
598.6500,2.39783569E+3,
598.800,2.44276831E+3,
598.9500,2.48547974E+3,
599.100,2.68462573E+3,
599.2500,2.59938574E+3,
599.400,2.57237842E+3,
599.5500,2.70451587E+3,
599.700,2.56267065E+3,
599.8500,2.47913721E+3,
600.00,2.71272485E+3,
600.1500,2.62007446E+3,
600.300,2.51536060E+3,
600.4500,2.50949365E+3,
600.600,2.60762036E+3,
600.7500,2.41481689E+3,
600.900,2.54863257E+3,
601.0500,2.73041577E+3,
601.200,2.71798267E+3,
601.3500,2.59118164E+3,
601.500,2.69773486E+3,
601.6500,2.72338330E+3,
601.800,2.76584448E+3,
601.9500,2.81561694E+3,
602.100,2.86316724E+3,
602.2500,2.82914697E+3,
602.400,3.02853076E+3,
602.5500,2.92471240E+3,
602.700,3.14898608E+3,
602.8500,3.10547485E+3,
603.00,3.45423315E+3,
603.1500,3.57347070E+3,
603.300,3.82181982E+3,
603.4500,4.12930811E+3,
603.600,4.49131641E+3,
603.7500,4.34918848E+3,
603.900,5.11344873E+3,
604.0500,5.16758154E+3,
604.200,5.68266699E+3,
604.3500,5.57809424E+3,
604.500,5.73627832E+3,
604.6500,5.99340332E+3,
604.800,5.84683447E+3,
604.9500,5.51706836E+3,
605.100,5.02064258E+3,
605.2500,5.31039355E+3,
605.400,5.24626953E+3,
605.5500,5.68621240E+3,
605.700,6.37621143E+3,
605.8500,6.84646875E+3,
606.00,7.78715527E+3,
606.1500,9.93062207E+3,
606.300,1.09493643E+4,
606.4500,1.29036152E+4,
606.600,1.35583896E+4,
606.7500,1.44086992E+4,
606.900,1.40579473E+4,
607.0500,1.29244287E+4,
607.200,1.17952314E+4,
607.3500,1.03513340E+4,
607.500,9.48311230E+3,
607.6500,9.21609277E+3,
607.800,8.34589551E+3,
607.9500,8.22894434E+3,
608.100,8.14723584E+3,
608.2500,8.84901953E+3,
608.400,9.69355566E+3,
608.5500,1.02128262E+4,
608.700,9.95652051E+3,
608.8500,1.05444893E+4,
609.00,1.04936309E+4,
609.1500,1.10640615E+4,
609.300,1.07407334E+4,
609.4500,1.07291123E+4,
609.600,1.16700635E+4,
609.7500,1.15456787E+4,
609.900,1.19791875E+4,
610.0500,1.18082109E+4,
610.200,1.27104287E+4,
610.3500,1.29449014E+4,
610.500,1.26260068E+4,
610.6500,1.36751279E+4,
610.800,1.42844395E+4,
610.9500,1.56467627E+4,
611.100,1.66608066E+4,
611.2500,1.88898730E+4,
611.400,2.00335371E+4,
611.5500,2.15084707E+4,
611.700,2.26412578E+4,
611.8500,2.27435059E+4,
612.00,2.30690625E+4,
612.1500,2.19720742E+4,
612.300,2.18092344E+4,
612.4500,2.06293008E+4,
612.600,1.86466055E+4,
612.7500,1.78914570E+4,
612.900,1.67693477E+4,
613.0500,1.49968525E+4,
613.200,1.40715361E+4,
613.3500,1.32051475E+4,
613.500,1.28970410E+4,
613.6500,1.22907090E+4,
613.800,1.19151094E+4,
613.9500,1.16738086E+4,
614.100,1.12232617E+4,
614.2500,1.09074482E+4,
614.400,1.09092451E+4,
614.5500,1.11128896E+4,
614.700,1.07842539E+4,
614.8500,1.14372324E+4,
615.00,1.16700586E+4,
615.1500,1.13190674E+4,
615.300,1.15583574E+4,
615.4500,1.16523613E+4,
615.600,1.11199531E+4,
615.7500,1.16835332E+4,
615.900,1.13154854E+4,
616.0500,1.13706943E+4,
616.200,1.11704248E+4,
616.3500,1.11754443E+4,
616.500,1.12362129E+4,
616.6500,1.12021631E+4,
616.800,1.13554248E+4,
616.9500,1.12456855E+4,
617.100,1.10768711E+4,
617.2500,1.12901113E+4,
617.400,1.12589219E+4,
617.5500,1.12021582E+4,
617.700,1.17219326E+4,
617.8500,1.15212441E+4,
618.00,1.12403760E+4,
618.1500,1.07432324E+4,
618.300,1.13432656E+4,
618.4500,1.10554971E+4,
618.600,1.08437900E+4,
618.7500,1.04852949E+4,
618.900,1.05699580E+4,
619.0500,1.08446270E+4,
619.200,1.12472246E+4,
619.3500,1.21010254E+4,
619.500,1.24495117E+4,
619.6500,1.32246133E+4,
619.800,1.45416914E+4,
619.9500,1.46524209E+4,
620.100,1.53454697E+4,
620.2500,1.58544648E+4,
620.400,1.66572910E+4,
620.5500,1.69480410E+4,
620.700,1.68060234E+4,
620.8500,1.70715449E+4,
621.00,1.63760469E+4,
621.1500,1.60547363E+4,
621.300,1.55816162E+4,
621.4500,1.52487139E+4,
621.600,1.46686348E+4,
621.7500,1.37599248E+4,
621.900,1.32760791E+4,
622.0500,1.27188545E+4,
622.200,1.19774316E+4,
622.3500,1.16219219E+4,
622.500,1.07440732E+4,
622.6500,1.09009951E+4,
622.800,1.05956377E+4,
622.9500,1.00242705E+4,
623.100,9.55651270E+3,
623.2500,9.68829004E+3,
623.400,9.25760352E+3,
623.5500,9.32556641E+3,
623.700,9.28744629E+3,
623.8500,9.37388672E+3,
624.00,9.36306152E+3,
624.1500,9.17248828E+3,
624.300,8.82516309E+3,
624.4500,8.65735156E+3,
624.600,8.94940527E+3,
624.7500,9.19019531E+3,
624.900,9.27160156E+3,
625.0500,9.03547656E+3,
625.200,9.21631836E+3,
625.3500,8.97949121E+3,
625.500,9.26636230E+3,
625.6500,9.14062988E+3,
625.800,9.23560547E+3,
625.9500,9.63371777E+3,
626.100,9.15458496E+3,
626.2500,9.25025684E+3,
626.400,8.98207520E+3,
626.5500,9.23182129E+3,
626.700,8.50870898E+3,
626.8500,8.44269824E+3,
627.00,8.13915332E+3,
627.1500,7.85027832E+3,
627.300,7.55708984E+3,
627.4500,7.36775342E+3,
627.600,7.12985400E+3,
627.7500,6.99959521E+3,
627.900,6.39532959E+3,
628.0500,6.40420508E+3,
628.200,6.38427783E+3,
628.3500,5.98135645E+3,
628.500,6.32153467E+3,
628.6500,5.48089258E+3,
628.800,5.90548975E+3,
628.9500,5.65734033E+3,
629.100,5.47652832E+3,
629.2500,5.55865918E+3,
629.400,5.46500586E+3,
629.5500,5.36115771E+3,
629.700,5.26998779E+3,
629.8500,5.28994482E+3,
630.00,5.33295605E+3,
630.1500,5.12932764E+3,
630.300,4.80942432E+3,
630.4500,5.10630762E+3,
630.600,5.00694189E+3,
630.7500,5.17259814E+3,
630.900,5.06295947E+3,
631.0500,5.45255127E+3,
631.200,5.08954639E+3,
631.3500,5.42731738E+3,
631.500,5.63237695E+3,
631.6500,5.70729248E+3,
631.800,5.91366016E+3,
631.9500,6.01634180E+3,
632.100,5.92356006E+3,
632.2500,6.61884375E+3,
632.400,6.29290967E+3,
632.5500,6.35293359E+3,
632.700,6.12043164E+3,
632.8500,6.62711035E+3,
633.00,6.76667432E+3,
633.1500,6.88951172E+3,
633.300,6.85153467E+3,
633.4500,6.70338428E+3,
633.600,7.00927393E+3,
633.7500,6.79176367E+3,
633.900,6.69440137E+3,
634.0500,6.53081201E+3,
634.200,6.51934961E+3,
634.3500,6.82780664E+3,
634.500,6.77499707E+3,
634.6500,6.40419043E+3,
634.800,6.42725000E+3,
634.9500,6.11033301E+3,
635.100,6.02420166E+3,
635.2500,6.25459326E+3,
635.400,6.08735742E+3,
635.5500,6.41063135E+3,
635.700,6.20756641E+3,
635.8500,6.07106543E+3,
636.00,6.06908887E+3,
636.1500,6.24911719E+3,
636.300,5.93003174E+3,
636.4500,5.77417188E+3,
636.600,5.65706787E+3,
636.7500,5.67237061E+3,
636.900,5.59052100E+3,
637.0500,5.21605469E+3,
637.200,5.24837988E+3,
637.3500,5.36049170E+3,
637.500,4.98307617E+3,
637.6500,4.94959131E+3,
637.800,4.91958398E+3,
637.9500,4.79449854E+3,
638.100,4.89922461E+3,
638.2500,5.00792676E+3,
638.400,4.84521045E+3,
638.5500,4.59716406E+3,
638.700,4.88656396E+3,
638.8500,4.63018652E+3,
639.00,4.85781055E+3,
639.1500,4.62286133E+3,
639.300,4.83676904E+3,
639.4500,4.52999170E+3,
639.600,4.61762646E+3,
639.7500,4.81033252E+3,
639.900,4.88386670E+3,
640.0500,5.00664355E+3,
640.200,5.04364551E+3,
640.3500,5.11849609E+3,
640.500,5.44689697E+3,
640.6500,5.39787793E+3,
640.800,5.60674561E+3,
640.9500,5.42085840E+3,
641.100,5.59248779E+3,
641.2500,5.88324805E+3,
641.400,5.70432764E+3,
641.5500,5.24070557E+3,
641.700,5.28259668E+3,
641.8500,4.98943799E+3,
642.00,4.61778857E+3,
642.1500,4.69714941E+3,
642.300,4.33480469E+3,
642.4500,3.95149438E+3,
642.600,3.64442041E+3,
642.7500,3.37115332E+3,
642.900,3.32350317E+3,
643.0500,3.47544482E+3,
643.200,3.18430029E+3,
643.3500,3.18701563E+3,
643.500,3.26858252E+3,
643.6500,3.05020044E+3,
643.800,2.94174609E+3,
643.9500,2.97962939E+3,
644.100,2.63199902E+3,
644.2500,2.73310962E+3,
644.400,2.67892847E+3,
644.5500,2.58449609E+3,
644.700,2.56182593E+3,
644.8500,2.42655811E+3,
645.00,2.36720557E+3,
645.1500,2.45299121E+3,
645.300,2.38953223E+3,
645.4500,2.01379614E+3,
645.600,2.52570605E+3,
645.7500,2.18117505E+3,
645.900,2.32860352E+3,
646.0500,2.49303833E+3,
646.200,2.43298682E+3,
646.3500,2.49991016E+3,
646.500,2.50129272E+3,
646.6500,2.37485864E+3,
646.800,2.61147510E+3,
646.9500,2.68347852E+3,
647.100,2.45276196E+3,
647.2500,2.40400806E+3,
647.400,2.78018994E+3,
647.5500,2.51051587E+3,
647.700,2.49084131E+3,
647.8500,2.81928223E+3,
648.00,2.64460132E+3,
648.1500,2.39742627E+3,
648.300,2.68542310E+3,
648.4500,2.41186914E+3,
648.600,2.45516357E+3,
648.7500,2.47738428E+3,
648.900,2.59337549E+3,
649.0500,2.27030957E+3,
649.200,2.10839551E+3,
649.3500,2.45150391E+3,
649.500,2.31503027E+3,
649.6500,2.32430664E+3,
649.800,2.34654858E+3,
649.9500,2.60663232E+3,
650.100,2.63403467E+3,
650.2500,2.64859375E+3,
650.400,2.71542676E+3,
650.5500,2.88285205E+3,
650.700,3.20837598E+3,
650.8500,3.72371167E+3,
651.00,3.88130151E+3,
651.1500,4.49301953E+3,
651.300,5.04574561E+3,
651.4500,5.67612646E+3,
651.600,6.22959521E+3,
651.7500,7.01647803E+3,
651.900,7.44194629E+3,
652.0500,7.05732080E+3,
652.200,7.30120410E+3,
652.3500,6.85157764E+3,
652.500,5.82053516E+3,
652.6500,5.32498193E+3,
652.800,4.57452539E+3,
652.9500,4.25022168E+3,
653.100,3.69783813E+3,
653.2500,3.48358521E+3,
653.400,3.33208398E+3,
653.5500,2.97001807E+3,
653.700,2.79836011E+3,
653.8500,3.10710376E+3,
654.00,3.10030078E+3,
654.1500,2.84958374E+3,
654.300,2.96221094E+3,
654.4500,3.08459277E+3,
654.600,3.31412573E+3,
654.7500,3.08011938E+3,
654.900,3.37119775E+3,
655.0500,3.20157153E+3,
655.200,3.60187646E+3,
655.3500,3.50233423E+3,
655.500,3.37412012E+3,
655.6500,3.33479443E+3,
655.800,3.36135889E+3,
655.9500,3.10885474E+3,
656.100,3.40057520E+3,
656.2500,3.19447998E+3,
656.400,2.74442627E+3,
656.5500,2.70298145E+3,
656.700,2.70441675E+3,
656.8500,2.66266553E+3,
657.00,2.63032593E+3,
657.1500,2.65091284E+3,
657.300,2.71022632E+3,
657.4500,2.82307349E+3,
657.600,2.59182520E+3,
657.7500,2.67084033E+3,
657.900,2.63318335E+3,
658.0500,2.51226465E+3,
658.200,2.75335352E+3,
658.3500,2.60761450E+3,
658.500,2.85496289E+3,
658.6500,2.61007129E+3,
658.800,2.89318530E+3,
658.9500,2.45882104E+3,
659.100,2.57393140E+3,
659.2500,3.05315381E+3,
659.400,2.77577637E+3,
659.5500,2.66721436E+3,
659.700,2.28727148E+3,
659.8500,2.31779980E+3,
660.00,2.30814307E+3,
660.1500,2.30354688E+3,
660.300,2.05585620E+3,
660.4500,2.13690161E+3,
660.600,2.14200293E+3,
660.7500,2.36132007E+3,
660.900,2.30561621E+3,
661.0500,2.49565112E+3,
661.200,2.41443188E+3,
661.3500,2.48214038E+3,
661.500,2.69987476E+3,
661.6500,3.02216479E+3,
661.800,3.05032178E+3,
661.9500,3.07340698E+3,
662.100,3.20610156E+3,
662.2500,3.15654321E+3,
662.400,3.31104663E+3,
662.5500,3.53456860E+3,
662.700,2.98523657E+3,
662.8500,3.17736084E+3,
663.00,3.22756372E+3,
663.1500,2.99677002E+3,
663.300,2.67443823E+3,
663.4500,2.45179004E+3,
663.600,2.18529297E+3,
663.7500,2.19063940E+3,
663.900,2.16378809E+3,
664.0500,1.87301709E+3,
664.200,1.87209802E+3,
664.3500,1.80085889E+3,
664.500,1.55580151E+3,
664.6500,1.55408899E+3,
664.800,1.73755090E+3,
664.9500,1.55061340E+3,
665.100,1.31349585E+3,
665.2500,1.58542163E+3,
665.400,1.39672534E+3,
665.5500,1.35043359E+3,
665.700,1.24314172E+3,
665.8500,1.31255469E+3,
666.00,1.46556238E+3,
666.1500,1.16300732E+3,
666.300,1.32196472E+3,
666.4500,1.17416028E+3,
666.600,1.28905798E+3,
666.7500,1.36517297E+3,
666.900,1.28396704E+3,
667.0500,1.12898889E+3,
667.200,1.09210840E+3,
667.3500,1.19117749E+3,
667.500,1.13719836E+3,
667.6500,1.27674475E+3,
667.800,1.13699548E+3,
667.9500,1.07674841E+3,
668.100,1.08516382E+3,
668.2500,1.08789282E+3,
668.400,1.10217212E+3,
668.5500,1.00081421E+3,
668.700,1.15992590E+3,
668.8500,1.09307776E+3,
669.00,8.62677185E+2,
669.1500,1.08116711E+3,
669.300,8.73055298E+2,
669.4500,9.86962524E+2,
669.600,1.02488879E+3,
669.7500,1.00985828E+3,
669.900,9.71060059E+2,
670.0500,9.08294922E+2,
670.200,1.04754785E+3,
670.3500,9.13016357E+2,
670.500,9.75216980E+2,
670.6500,1.00174640E+3,
670.800,9.08125183E+2,
670.9500,8.74310608E+2,
671.100,9.79271057E+2,
671.2500,9.57450073E+2,
671.400,8.26171082E+2,
671.5500,8.52571472E+2,
671.700,9.52358337E+2,
671.8500,9.66954224E+2,
672.00,1.05523914E+3,
672.1500,8.17920227E+2,
672.300,8.56861145E+2,
672.4500,9.82494995E+2,
672.600,8.11413269E+2,
672.7500,9.31322327E+2,
672.900,9.08657959E+2,
673.0500,9.85713196E+2,
673.200,9.13079102E+2,
673.3500,1.02816235E+3,
673.500,9.48980835E+2,
673.6500,9.32407593E+2,
673.800,9.41008423E+2,
673.9500,7.91373962E+2,
674.100,8.37790894E+2,
674.2500,8.90826050E+2,
674.400,8.35680664E+2,
674.5500,8.44203125E+2,
674.700,7.95060303E+2,
674.8500,8.22799316E+2,
675.00,8.44231262E+2,
675.1500,9.30416260E+2,
675.300,8.81004639E+2,
675.4500,1.00669269E+3,
675.600,9.05120239E+2,
675.7500,8.68300537E+2,
675.900,8.24739807E+2,
676.0500,9.64709717E+2,
676.200,7.83016174E+2,
676.3500,1.09515759E+3,
676.500,9.26066345E+2,
676.6500,8.22398804E+2,
676.800,8.11273254E+2,
676.9500,8.46757813E+2,
677.100,8.08891846E+2,
677.2500,8.71363403E+2,
677.400,8.26633789E+2,
677.5500,7.27752441E+2,
677.700,7.43200806E+2,
677.8500,7.79049866E+2,
678.00,8.49047852E+2,
678.1500,7.55918213E+2,
678.300,6.69125244E+2,
678.4500,8.00936890E+2,
678.600,8.64797241E+2,
678.7500,8.73935730E+2,
678.900,7.58929871E+2,
679.0500,7.47063782E+2,
679.200,7.28171509E+2,
679.3500,7.71752380E+2,
679.500,9.06169861E+2,
679.6500,8.45598083E+2,
679.800,7.70696533E+2,
679.9500,8.71016235E+2,
680.100,5.44122009E+2,
680.2500,7.08605469E+2,
680.400,8.31363159E+2,
680.5500,7.41034668E+2,
680.700,7.50233887E+2,
680.8500,8.16798462E+2,
681.00,5.96337097E+2,
681.1500,7.92491516E+2,
681.300,6.86299438E+2,
681.4500,6.66450378E+2,
681.600,7.04599182E+2,
681.7500,8.30360352E+2,
681.900,7.23085449E+2,
682.0500,8.64215454E+2,
682.200,6.53586548E+2,
682.3500,7.51080872E+2,
682.500,6.57129456E+2,
682.6500,6.51507263E+2,
682.800,7.49779480E+2,
682.9500,7.59258667E+2,
683.100,6.64275757E+2,
683.2500,6.06189636E+2,
683.400,5.62796143E+2,
683.5500,9.32991760E+2,
683.700,9.20415588E+2,
683.8500,5.67353699E+2,
684.00,7.58510986E+2,
684.1500,6.69293579E+2,
684.300,6.40597595E+2,
684.4500,5.88803711E+2,
684.600,7.05410400E+2,
684.7500,7.84204346E+2,
684.900,7.32367615E+2,
685.0500,6.87972351E+2,
685.200,7.51844666E+2,
685.3500,6.45075317E+2,
685.500,6.07860046E+2,
685.6500,6.79839355E+2,
685.800,6.97356873E+2,
685.9500,7.38537964E+2,
686.100,6.53882141E+2,
686.2500,6.79352539E+2,
686.400,7.28721191E+2,
686.5500,8.02179443E+2,
686.700,5.89332520E+2,
686.8500,7.42660889E+2,
687.00,7.04644531E+2,
687.1500,7.14608948E+2,
687.300,8.21239197E+2,
687.4500,7.42762939E+2,
687.600,6.88136597E+2,
687.7500,7.06267700E+2,
687.900,6.59372620E+2,
688.0500,7.10166748E+2,
688.200,5.48418274E+2,
688.3500,8.70040710E+2,
688.500,7.73675842E+2,
688.6500,6.52014465E+2,
688.800,7.11750183E+2,
688.9500,8.21609070E+2,
689.100,5.90845032E+2,
689.2500,6.42516052E+2,
689.400,7.36300903E+2,
689.5500,7.38302979E+2,
689.700,5.97298645E+2,
689.8500,7.92944275E+2,
690.00,6.76686279E+2,
690.1500,6.95474976E+2,
690.300,7.56881531E+2,
690.4500,6.13963257E+2,
690.600,5.81421814E+2,
690.7500,7.37316956E+2,
690.900,6.36153931E+2,
691.0500,5.94780701E+2,
691.200,6.05048645E+2,
691.3500,8.06046631E+2,
691.500,7.64796204E+2,
691.6500,7.23316650E+2,
691.800,7.60250854E+2,
691.9500,7.00998108E+2,
692.100,6.58991943E+2,
692.2500,5.11023621E+2,
692.400,6.89133179E+2,
692.5500,6.37876526E+2,
692.700,7.81779541E+2,
692.8500,8.10664246E+2,
693.00,6.52111023E+2,
693.1500,9.40535339E+2,
693.300,5.83829834E+2,
693.4500,6.66489929E+2,
693.600,8.48944458E+2,
693.7500,8.15050110E+2,
693.900,7.17399170E+2,
694.0500,9.56127014E+2,
694.200,8.76583069E+2,
694.3500,6.31781677E+2,
694.500,9.08971497E+2,
694.6500,9.29897461E+2,
694.800,8.21679138E+2,
694.9500,9.07275024E+2,
695.100,8.54114746E+2,
695.2500,8.37904846E+2,
695.400,8.40272339E+2,
695.5500,8.61372314E+2,
695.700,7.88696533E+2,
695.8500,6.87356079E+2,
696.00,8.30942383E+2,
696.1500,7.76470703E+2,
696.300,8.64123291E+2,
696.4500,9.33223389E+2,
696.600,9.16761841E+2,
696.7500,8.23589294E+2,
696.900,6.72262390E+2,
697.0500,7.80088318E+2,
697.200,7.82244385E+2,
697.3500,8.81247864E+2,
697.500,8.06000000E+2,
697.6500,9.44561829E+2,
697.800,7.71414063E+2,
697.9500,8.81265503E+2,
698.100,9.03352234E+2,
698.2500,9.35404175E+2,
698.400,8.19524231E+2,
698.5500,1.04953662E+3,
698.700,8.83673279E+2,
698.8500,1.23462207E+3,
699.00,8.88615967E+2,
699.1500,1.08137585E+3,
699.300,9.94070374E+2,
699.4500,9.26405090E+2,
699.600,9.89625610E+2,
699.7500,8.10154358E+2,
699.900,9.74952881E+2,
700.0500,8.24941467E+2,
700.200,8.17029907E+2,
700.3500,7.68103210E+2,
700.500,7.59978882E+2,
700.6500,7.00312500E+2,
700.800,7.22926331E+2,
700.9500,7.35308594E+2,
701.100,7.16548035E+2,
701.2500,6.24766541E+2,
701.400,7.20422729E+2,
701.5500,8.68936523E+2,
701.700,6.92831482E+2,
701.8500,9.15750244E+2,
702.00,1.08710144E+3,
702.1500,7.40807373E+2,
702.300,9.12599365E+2,
702.4500,1.11724207E+3,
702.600,8.74880493E+2,
702.7500,8.98652771E+2,
702.900,6.65094788E+2,
703.0500,9.89636780E+2,
703.200,6.36461609E+2,
703.3500,7.46452515E+2,
703.500,9.33008179E+2,
703.6500,8.37748230E+2,
703.800,9.27422424E+2,
703.9500,8.97244019E+2,
704.100,1.17422192E+3,
704.2500,1.16669885E+3,
704.400,1.21432263E+3,
704.5500,9.74345154E+2,
704.700,1.29929370E+3,
704.8500,1.08040186E+3,
705.00,1.00542505E+3,
705.1500,1.15407129E+3,
705.300,1.01140826E+3,
705.4500,1.02569080E+3,
705.600,1.26614954E+3,
705.7500,1.15653967E+3,
705.900,1.21685669E+3,
706.0500,1.31171606E+3,
706.200,8.92291077E+2,
706.3500,1.11289539E+3,
706.500,1.08163940E+3,
706.6500,1.08481689E+3,
706.800,9.37535645E+2,
706.9500,1.17246741E+3,
707.100,1.11769360E+3,
707.2500,1.19102930E+3,
707.400,1.11254749E+3,
707.5500,9.51377502E+2,
707.700,1.39003345E+3,
707.8500,1.54771387E+3,
708.00,1.63521960E+3,
708.1500,1.36661914E+3,
708.300,1.31097729E+3,
708.4500,1.48210669E+3,
708.600,1.47441187E+3,
708.7500,1.28633691E+3,
708.900,1.33829858E+3,
709.0500,1.16075623E+3,
709.200,1.03060242E+3,
709.3500,1.00914471E+3,
709.500,9.38793701E+2,
709.6500,1.01475995E+3,
709.800,1.20148218E+3,
709.9500,1.05729846E+3,
710.100,1.09718018E+3,
710.2500,1.16197205E+3,
710.400,1.06597595E+3,
710.5500,1.01916443E+3,
710.700,1.17149829E+3,
710.8500,1.11221252E+3,
711.00,1.05259668E+3,
711.1500,9.92699524E+2,
711.300,9.32460876E+2,
711.4500,7.83431274E+2,
711.600,1.15308569E+3,
711.7500,1.09277490E+3,
711.900,9.17441772E+2,
712.0500,8.43354004E+2,
712.200,1.08922913E+3,
712.3500,8.86715637E+2,
712.500,9.27906128E+2,
712.6500,9.17630676E+2,
712.800,1.07578748E+3,
712.9500,1.14385522E+3,
713.100,1.08190039E+3,
713.2500,9.28067078E+2,
713.400,1.03552734E+3,
713.5500,9.20124451E+2,
713.700,1.02815466E+3,
713.8500,1.05747534E+3,
714.00,1.06044446E+3,
714.1500,1.07667126E+3,
714.300,1.09298157E+3,
714.4500,7.48495056E+2,
714.600,1.08564807E+3,
714.7500,8.60177856E+2,
714.900,8.35614258E+2,
715.0500,9.19056396E+2,
715.200,9.48804443E+2,
715.3500,8.97158875E+2,
715.500,9.13373230E+2,
715.6500,1.12108142E+3,
715.800,7.95247070E+2,
715.9500,7.70041443E+2,
716.100,8.27455505E+2,
716.2500,8.02226807E+2,
716.400,9.01695984E+2,
716.5500,6.67831055E+2,
716.700,7.95390442E+2,
716.8500,9.93677185E+2,
717.00,7.72027344E+2,
717.1500,4.64564453E+2,
717.300,6.91816650E+2,
717.4500,5.23915222E+2,
717.600,8.52071899E+2,
717.7500,9.96988708E+2,
717.900,4.99953064E+2,
718.0500,7.44946960E+2,
718.200,9.33855042E+2,
718.3500,5.47513672E+2,
718.500,7.51382996E+2,
718.6500,9.27441589E+2,
718.800,6.39452881E+2,
718.9500,1.00567059E+3,
719.100,7.74680725E+2,
719.2500,8.20862854E+2,
719.400,7.49704590E+2,
719.5500,7.96071411E+2,
719.700,9.75757324E+2,
719.8500,9.19243347E+2,
720.00,6.09627869E+2,
720.1500,8.05206787E+2,
720.300,8.37404419E+2,
720.4500,6.29841675E+2,
720.600,8.27143494E+2,
720.7500,9.50158691E+2,
720.900,8.46998901E+2,
721.0500,7.88732117E+2,
721.200,1.11036096E+3,
721.3500,7.93160461E+2,
721.500,7.95387451E+2,
721.6500,1.05838550E+3,
721.800,8.30631958E+2,
721.9500,1.03350146E+3,
722.100,8.66214844E+2,
722.2500,9.61658936E+2,
722.400,8.70985291E+2,
722.5500,1.10732520E+3,
722.700,1.14165527E+3,
722.8500,1.11344031E+3,
723.00,8.96357117E+2,
723.1500,8.98865173E+2,
723.300,8.85567871E+2,
723.4500,8.08759766E+2,
723.600,8.90541443E+2,
723.7500,8.93042542E+2,
723.900,1.02349060E+3,
724.0500,8.49986755E+2,
724.200,7.39863403E+2,
724.3500,9.51709900E+2,
724.500,9.70653198E+2,
724.6500,7.46333496E+2,
724.800,1.02512976E+3,
724.9500,1.10971606E+3,
725.100,1.11292676E+3,
725.2500,1.34592859E+3,
725.400,1.23458752E+3,
725.5500,1.35371667E+3,
725.700,1.24173779E+3,
725.8500,1.44458813E+3,
726.00,1.29890393E+3,
726.1500,1.13554785E+3,
726.300,1.03825269E+3,
726.4500,1.10833618E+3,
726.600,8.25165649E+2,
726.7500,1.06390881E+3,
726.900,7.79008484E+2,
727.0500,7.47219421E+2,
727.200,6.98186096E+2,
727.3500,8.53788635E+2,
727.500,4.45192719E+2,
727.6500,5.83780518E+2,
727.800,7.23130554E+2,
727.9500,4.66153717E+2,
728.100,3.80870331E+2,
728.2500,3.64551666E+2,
728.400,7.83320068E+2,
728.5500,6.80736328E+2,
728.700,9.27639221E+2,
728.8500,6.66924927E+2,
729.00,5.10367035E+2,
729.1500,6.17683533E+2,
729.300,6.37110168E+2,
729.4500,8.51861023E+2,
729.600,5.87297607E+2,
729.7500,6.96028320E+2,
729.900,5.90603699E+2,
730.0500,5.38430542E+2,
730.200,5.75966309E+2,
730.3500,5.77613037E+2,
730.500,7.05981140E+2,
730.6500,8.35083069E+2,
730.800,6.19006165E+2,
730.9500,4.38200653E+2,
731.100,6.04224915E+2,
731.2500,5.50830505E+2,
731.400,8.28558411E+2,
731.5500,4.61599579E+2,
731.700,7.22114319E+2,
731.8500,8.35547791E+2,
732.00,6.70316711E+2,
732.1500,5.22794128E+2,
732.300,5.42958496E+2,
732.4500,4.50585480E+2,
732.600,7.34224792E+2,
732.7500,7.92891113E+2,
732.900,1.07904761E+3,
733.0500,1.30985962E+3,
733.200,9.70894653E+2,
733.3500,1.03091614E+3,
733.500,7.46660706E+2,
733.6500,1.42076208E+3,
733.800,1.50181409E+3,
733.9500,2.00811328E+3,
734.100,2.24624292E+3,
734.2500,2.09735693E+3,
734.400,2.25921973E+3,
734.5500,2.44153760E+3,
734.700,2.17435669E+3,
734.8500,2.35746387E+3,
735.00,2.12786963E+3,
735.1500,2.05489819E+3,
735.300,1.58519836E+3,
735.4500,1.96728333E+3,
735.600,1.49462598E+3,
735.7500,1.67877185E+3,
735.900,1.32281580E+3,
736.0500,1.34665930E+3,
736.200,1.28990808E+3,
736.3500,1.15199548E+3,
736.500,1.31730933E+3,
736.6500,1.21934338E+3,
736.800,1.22272034E+3,
736.9500,1.32828638E+3,
737.100,1.14743335E+3,
737.2500,1.66404614E+3,
737.400,1.62723364E+3,
737.5500,2.04456604E+3,
737.700,1.96713354E+3,
737.8500,2.13841943E+3,
738.00,2.18570459E+3,
738.1500,2.58778662E+3,
738.300,3.18020776E+3,
738.4500,3.64978516E+3,
738.600,3.53292603E+3,
738.7500,3.64736719E+3,
738.900,4.14284912E+3,
739.0500,4.76808398E+3,
739.200,4.31313721E+3,
739.3500,4.04750830E+3,
739.500,4.16492090E+3,
739.6500,4.47567041E+3,
739.800,3.49977197E+3,
739.9500,3.31523462E+3,
740.100,2.87094360E+3,
740.2500,1.94811572E+3,
740.400,2.06203931E+3,
740.5500,1.80656409E+3,
740.700,1.48418335E+3,
740.8500,1.64151428E+3,
741.00,1.14128174E+3,
741.1500,9.68384094E+2,
741.300,1.28005676E+3,
741.4500,1.10657031E+3,
741.600,1.15404150E+3,
741.7500,8.01182068E+2,
741.900,7.81104675E+2,
742.0500,4.02823669E+2,
742.200,8.75156006E+2,
742.3500,7.65031799E+2,
742.500,7.21990540E+2,
742.6500,6.33464661E+2,
742.800,7.48620850E+2,
742.9500,5.23191650E+2,
743.100,8.43961426E+2,
743.2500,6.17553711E+2,
743.400,5.27510010E+2,
743.5500,6.20954041E+2,
743.700,6.22663818E+2,
743.8500,7.40006287E+2,
744.00,4.63780365E+2,
744.1500,6.97604614E+2,
744.300,7.92818115E+2,
744.4500,7.48260132E+2,
744.600,8.91036926E+2,
744.7500,4.46762482E+2,
744.900,3.53693573E+2,
745.0500,4.25610352E+2,
745.200,4.50482849E+2,
745.3500,4.99263916E+2,
745.500,5.48310242E+2,
745.6500,6.93243958E+2,
745.800,7.43087891E+2,
745.9500,8.17239197E+2,
746.100,8.19416382E+2,
746.2500,1.06320300E+3,
746.400,1.09022339E+3,
746.5500,9.47344177E+2,
746.700,1.60741663E+3,
746.8500,1.24536682E+3,
747.00,1.32210120E+3,
747.1500,9.32672302E+2,
747.300,1.25484692E+3,
747.4500,7.89308289E+2,
747.600,8.15995239E+2,
747.7500,6.44503235E+2,
747.900,8.94610046E+2,
748.0500,9.21744324E+2,
748.200,5.99367859E+2,
748.3500,9.76385132E+2,
748.500,5.52146912E+2,
748.6500,4.52878082E+2,
748.800,5.29670044E+2,
748.9500,6.06842224E+2,
749.100,4.30966278E+2,
749.2500,4.32115326E+2,
749.400,4.07782745E+2,
749.5500,3.57763367E+2,
749.700,3.58720459E+2,
749.8500,2.56915100E+2,
750.00,6.18249451E+2,
