Labels,32C_8_75K,
Type,Emission Scan,
Comment,,
Start,252.00,
Stop,750.00,
Step,0.150,
Fixed/Offset,248.400,
Xaxis,Wavelength,
Yaxis,Counts,
Scan Corr. by File,True,
Corr. by Ref. Det.,False,
Fixed/Offset Corr. by File,False,
Repeats,1,
Dwell Time,0.20,
Lamp,Xe,
Temp,28.250,
Scan Polariser,None,
Scan Slit,0.2520,
Fixed/Offset Polariser,None,
Fixed/Offset Slit,2.9970,
Detector,Red PMT,

252.00,4.48089766E+4,
252.1500,2.28918164E+4,
252.300,2.22638613E+4,
252.4500,1.87671172E+4,
252.600,2.05291875E+4,
252.7500,2.05749590E+4,
252.900,2.19990957E+4,
253.0500,2.05609629E+4,
253.200,2.15620371E+4,
253.3500,2.12143828E+4,
253.500,1.95014492E+4,
253.6500,1.83193867E+4,
253.800,1.70947559E+4,
253.9500,2.10033613E+4,
254.100,1.86059863E+4,
254.2500,1.82152422E+4,
254.400,1.66623711E+4,
254.5500,1.78310273E+4,
254.700,1.83218730E+4,
254.8500,1.77480625E+4,
255.00,1.84295840E+4,
255.1500,1.75018418E+4,
255.300,1.58742988E+4,
255.4500,1.54762764E+4,
255.600,1.81088730E+4,
255.7500,1.54751504E+4,
255.900,1.83322207E+4,
256.0500,1.66874375E+4,
256.200,1.50821504E+4,
256.3500,1.62477197E+4,
256.500,1.63862793E+4,
256.6500,1.81772480E+4,
256.800,1.54667402E+4,
256.9500,1.61623232E+4,
257.100,1.64975605E+4,
257.2500,1.60123789E+4,
257.400,1.77549023E+4,
257.5500,1.81448477E+4,
257.700,1.73990039E+4,
257.8500,1.91870762E+4,
258.00,2.24029180E+4,
258.1500,2.18042500E+4,
258.300,2.06004297E+4,
258.4500,2.13665020E+4,
258.600,2.47092813E+4,
258.7500,2.91394883E+4,
258.900,2.59109199E+4,
259.0500,2.83228555E+4,
259.200,3.17929414E+4,
259.3500,3.13248418E+4,
259.500,3.62188945E+4,
259.6500,3.77900234E+4,
259.800,4.15011875E+4,
259.9500,4.13639531E+4,
260.100,4.52301523E+4,
260.2500,4.65697891E+4,
260.400,5.23529219E+4,
260.5500,5.48603945E+4,
260.700,5.88134961E+4,
260.8500,6.24331563E+4,
261.00,6.70236719E+4,
261.1500,7.01484141E+4,
261.300,7.15695234E+4,
261.4500,8.03536484E+4,
261.600,8.11758516E+4,
261.7500,8.85623828E+4,
261.900,9.39142969E+4,
262.0500,1.00591172E+5,
262.200,1.04743961E+5,
262.3500,1.09504969E+5,
262.500,1.13621641E+5,
262.6500,1.15044219E+5,
262.800,1.25151398E+5,
262.9500,1.24454805E+5,
263.100,1.36320578E+5,
263.2500,1.39597547E+5,
263.400,1.40450688E+5,
263.5500,1.53824281E+5,
263.700,1.60873484E+5,
263.8500,1.69075750E+5,
264.00,1.68399984E+5,
264.1500,1.73490234E+5,
264.300,1.75722875E+5,
264.4500,1.86159453E+5,
264.600,1.93353766E+5,
264.7500,1.93996344E+5,
264.900,1.95707359E+5,
265.0500,2.06828656E+5,
265.200,2.02907672E+5,
265.3500,2.11677297E+5,
265.500,2.15843813E+5,
265.6500,2.27039328E+5,
265.800,2.21966250E+5,
265.9500,2.30721188E+5,
266.100,2.32967391E+5,
266.2500,2.41133234E+5,
266.400,2.43938078E+5,
266.5500,2.42987516E+5,
266.700,2.52907781E+5,
266.8500,2.47928547E+5,
267.00,2.56574938E+5,
267.1500,2.53217594E+5,
267.300,2.56372563E+5,
267.4500,2.60169125E+5,
267.600,2.61810609E+5,
267.7500,2.58407656E+5,
267.900,2.57722297E+5,
268.0500,2.67211000E+5,
268.200,2.68288906E+5,
268.3500,2.72095250E+5,
268.500,2.73800063E+5,
268.6500,2.76497250E+5,
268.800,2.68921969E+5,
268.9500,2.71067813E+5,
269.100,2.76930594E+5,
269.2500,2.77333281E+5,
269.400,2.77206406E+5,
269.5500,2.71395500E+5,
269.700,2.76349406E+5,
269.8500,2.77054313E+5,
270.00,2.75354063E+5,
270.1500,2.75321625E+5,
270.300,2.72017406E+5,
270.4500,2.69651281E+5,
270.600,2.77852750E+5,
270.7500,2.72899906E+5,
270.900,2.71341156E+5,
271.0500,2.74661656E+5,
271.200,2.73240594E+5,
271.3500,2.66817906E+5,
271.500,2.65095781E+5,
271.6500,2.67825969E+5,
271.800,2.62799688E+5,
271.9500,2.64871281E+5,
272.100,2.58597703E+5,
272.2500,2.62632844E+5,
272.400,2.61763203E+5,
272.5500,2.58600969E+5,
272.700,2.57446438E+5,
272.8500,2.50710375E+5,
273.00,2.49457641E+5,
273.1500,2.52647516E+5,
273.300,2.49629688E+5,
273.4500,2.49861016E+5,
273.600,2.58512547E+5,
273.7500,2.62642188E+5,
273.900,2.67613969E+5,
274.0500,2.62478625E+5,
274.200,2.59329875E+5,
274.3500,2.67074469E+5,
274.500,2.67241781E+5,
274.6500,2.68157906E+5,
274.800,2.64460406E+5,
274.9500,2.67579469E+5,
275.100,2.67511938E+5,
275.2500,2.70891906E+5,
275.400,2.70666063E+5,
275.5500,2.70422219E+5,
275.700,2.77145875E+5,
275.8500,2.75138000E+5,
276.00,2.72560000E+5,
276.1500,2.78773781E+5,
276.300,2.82770719E+5,
276.4500,2.90015844E+5,
276.600,2.90536781E+5,
276.7500,2.90988656E+5,
276.900,2.97883625E+5,
277.0500,2.94467344E+5,
277.200,3.06864781E+5,
277.3500,3.00284031E+5,
277.500,3.07179625E+5,
277.6500,3.05016094E+5,
277.800,3.15548344E+5,
277.9500,3.20009500E+5,
278.100,3.20050500E+5,
278.2500,3.19935594E+5,
278.400,3.21899281E+5,
278.5500,3.24455125E+5,
278.700,3.26303844E+5,
278.8500,3.22099469E+5,
279.00,3.27272125E+5,
279.1500,3.32065688E+5,
279.300,3.30101344E+5,
279.4500,3.34862625E+5,
279.600,3.35836469E+5,
279.7500,3.48633563E+5,
279.900,3.50459781E+5,
280.0500,3.51796000E+5,
280.200,3.45259094E+5,
280.3500,3.48396688E+5,
280.500,3.53552469E+5,
280.6500,3.49164031E+5,
280.800,3.42655844E+5,
280.9500,3.48768531E+5,
281.100,3.48021500E+5,
281.2500,3.47178625E+5,
281.400,3.36338719E+5,
281.5500,3.36644750E+5,
281.700,3.38545938E+5,
281.8500,3.45351688E+5,
282.00,3.41121188E+5,
282.1500,3.38514094E+5,
282.300,3.35515844E+5,
282.4500,3.38606344E+5,
282.600,3.40863906E+5,
282.7500,3.29516188E+5,
282.900,3.28184344E+5,
283.0500,3.27940219E+5,
283.200,3.32897406E+5,
283.3500,3.35438844E+5,
283.500,3.29240813E+5,
283.6500,3.25123906E+5,
283.800,3.20558844E+5,
283.9500,3.21646125E+5,
284.100,3.20220094E+5,
284.2500,3.14033375E+5,
284.400,3.13385281E+5,
284.5500,3.16622063E+5,
284.700,3.11561125E+5,
284.8500,3.06883781E+5,
285.00,3.08098656E+5,
285.1500,3.11077219E+5,
285.300,3.13327406E+5,
285.4500,3.03128125E+5,
285.600,2.98600125E+5,
285.7500,3.00060281E+5,
285.900,2.96111469E+5,
286.0500,2.86335938E+5,
286.200,2.85122844E+5,
286.3500,2.87003250E+5,
286.500,2.83074719E+5,
286.6500,2.74721375E+5,
286.800,2.64725625E+5,
286.9500,2.64675813E+5,
287.100,2.65511750E+5,
287.2500,2.66028656E+5,
287.400,2.58634906E+5,
287.5500,2.54244781E+5,
287.700,2.47017031E+5,
287.8500,2.44799219E+5,
288.00,2.44932719E+5,
288.1500,2.36063078E+5,
288.300,2.37197719E+5,
288.4500,2.35539094E+5,
288.600,2.35420391E+5,
288.7500,2.32066938E+5,
288.900,2.24938078E+5,
289.0500,2.23961781E+5,
289.200,2.19492938E+5,
289.3500,2.13601313E+5,
289.500,2.11223969E+5,
289.6500,2.07916125E+5,
289.800,2.00723438E+5,
289.9500,1.98923234E+5,
290.100,1.96378656E+5,
290.2500,1.91483953E+5,
290.400,1.90911531E+5,
290.5500,1.90107438E+5,
290.700,1.84119000E+5,
290.8500,1.82294281E+5,
291.00,1.80355844E+5,
291.1500,1.77401984E+5,
291.300,1.75227797E+5,
291.4500,1.73653031E+5,
291.600,1.68584891E+5,
291.7500,1.66594516E+5,
291.900,1.66237391E+5,
292.0500,1.62107938E+5,
292.200,1.57768109E+5,
292.3500,1.58017359E+5,
292.500,1.53343531E+5,
292.6500,1.54046063E+5,
292.800,1.50936188E+5,
292.9500,1.44889922E+5,
293.100,1.44621531E+5,
293.2500,1.45961203E+5,
293.400,1.39981172E+5,
293.5500,1.36998672E+5,
293.700,1.36441141E+5,
293.8500,1.36266734E+5,
294.00,1.34837672E+5,
294.1500,1.30223523E+5,
294.300,1.29152875E+5,
294.4500,1.28541859E+5,
294.600,1.27007031E+5,
294.7500,1.27822797E+5,
294.900,1.22283234E+5,
295.0500,1.22742664E+5,
295.200,1.18570508E+5,
295.3500,1.19620414E+5,
295.500,1.15799734E+5,
295.6500,1.17052242E+5,
295.800,1.11360664E+5,
295.9500,1.11377672E+5,
296.100,1.10904086E+5,
296.2500,1.08641086E+5,
296.400,1.07976195E+5,
296.5500,1.08480414E+5,
296.700,1.05330680E+5,
296.8500,1.03646258E+5,
297.00,1.02520523E+5,
297.1500,1.02018398E+5,
297.300,1.02648320E+5,
297.4500,1.02026289E+5,
297.600,9.98120469E+4,
297.7500,1.02071055E+5,
297.900,1.01351797E+5,
298.0500,1.01212117E+5,
298.200,9.98126641E+4,
298.3500,1.00313109E+5,
298.500,1.00296875E+5,
298.6500,1.00068227E+5,
298.800,1.01198719E+5,
298.9500,1.00017922E+5,
299.100,9.87058750E+4,
299.2500,1.00612922E+5,
299.400,9.98941250E+4,
299.5500,1.01173711E+5,
299.700,1.01133203E+5,
299.8500,9.94651484E+4,
300.00,1.02210945E+5,
300.1500,1.04492680E+5,
300.300,1.01206664E+5,
300.4500,1.02741352E+5,
300.600,1.04837352E+5,
300.7500,1.05021547E+5,
300.900,1.04726906E+5,
301.0500,1.06488602E+5,
301.200,1.04770531E+5,
301.3500,1.08351602E+5,
301.500,1.08398781E+5,
301.6500,1.10817344E+5,
301.800,1.13189984E+5,
301.9500,1.11609625E+5,
302.100,1.12561055E+5,
302.2500,1.11901703E+5,
302.400,1.12300617E+5,
302.5500,1.15850852E+5,
302.700,1.17003289E+5,
302.8500,1.18582719E+5,
303.00,1.17220070E+5,
303.1500,1.16495000E+5,
303.300,1.19881055E+5,
303.4500,1.21938438E+5,
303.600,1.25499031E+5,
303.7500,1.22709953E+5,
303.900,1.21504703E+5,
304.0500,1.24034813E+5,
304.200,1.25150844E+5,
304.3500,1.25510695E+5,
304.500,1.28102688E+5,
304.6500,1.26279188E+5,
304.800,1.29138828E+5,
304.9500,1.28468320E+5,
305.100,1.25035078E+5,
305.2500,1.30703516E+5,
305.400,1.28567484E+5,
305.5500,1.33343781E+5,
305.700,1.35356578E+5,
305.8500,1.33893281E+5,
306.00,1.31593297E+5,
306.1500,1.35087172E+5,
306.300,1.37702500E+5,
306.4500,1.39318875E+5,
306.600,1.36868297E+5,
306.7500,1.39676313E+5,
306.900,1.38714750E+5,
307.0500,1.38681344E+5,
307.200,1.39123063E+5,
307.3500,1.39623625E+5,
307.500,1.41955703E+5,
307.6500,1.38449328E+5,
307.800,1.37543844E+5,
307.9500,1.40768844E+5,
308.100,1.41835422E+5,
308.2500,1.38258109E+5,
308.400,1.36214438E+5,
308.5500,1.36795469E+5,
308.700,1.37160641E+5,
308.8500,1.37207313E+5,
309.00,1.39569063E+5,
309.1500,1.39371938E+5,
309.300,1.39362516E+5,
309.4500,1.37111906E+5,
309.600,1.40425078E+5,
309.7500,1.40215109E+5,
309.900,1.39486203E+5,
310.0500,1.39342094E+5,
310.200,1.40832719E+5,
310.3500,1.38070031E+5,
310.500,1.39039984E+5,
310.6500,1.38441500E+5,
310.800,1.37064000E+5,
310.9500,1.38333234E+5,
311.100,1.35903484E+5,
311.2500,1.38776766E+5,
311.400,1.36422797E+5,
311.5500,1.35582750E+5,
311.700,1.35305516E+5,
311.8500,1.35767172E+5,
312.00,1.34105672E+5,
312.1500,1.34984578E+5,
312.300,1.35884422E+5,
312.4500,1.36164641E+5,
312.600,1.31806547E+5,
312.7500,1.28649297E+5,
312.900,1.31311453E+5,
313.0500,1.30257102E+5,
313.200,1.29304094E+5,
313.3500,1.26827336E+5,
313.500,1.27354461E+5,
313.6500,1.28615367E+5,
313.800,1.25493477E+5,
313.9500,1.24375477E+5,
314.100,1.25651492E+5,
314.2500,1.24465867E+5,
314.400,1.25529320E+5,
314.5500,1.25521227E+5,
314.700,1.24731117E+5,
314.8500,1.25294906E+5,
315.00,1.21686547E+5,
315.1500,1.22919984E+5,
315.300,1.21581875E+5,
315.4500,1.21885781E+5,
315.600,1.22149641E+5,
315.7500,1.20041852E+5,
315.900,1.18696797E+5,
316.0500,1.19604883E+5,
316.200,1.19467641E+5,
316.3500,1.20247328E+5,
316.500,1.20111266E+5,
316.6500,1.17696258E+5,
316.800,1.19820680E+5,
316.9500,1.20512531E+5,
317.100,1.18858078E+5,
317.2500,1.17270383E+5,
317.400,1.18404992E+5,
317.5500,1.18475922E+5,
317.700,1.18795055E+5,
317.8500,1.15581125E+5,
318.00,1.15979641E+5,
318.1500,1.18061625E+5,
318.300,1.17714719E+5,
318.4500,1.15582141E+5,
318.600,1.14188742E+5,
318.7500,1.15960039E+5,
318.900,1.14623328E+5,
319.0500,1.13145125E+5,
319.200,1.08648430E+5,
319.3500,1.06118609E+5,
319.500,1.05132867E+5,
319.6500,1.07701266E+5,
319.800,1.08009594E+5,
319.9500,1.06630367E+5,
320.100,1.07143563E+5,
320.2500,1.06340469E+5,
320.400,1.05050516E+5,
320.5500,1.06336836E+5,
320.700,1.04283469E+5,
320.8500,1.06041469E+5,
321.00,1.03719203E+5,
321.1500,1.03639242E+5,
321.300,1.03800242E+5,
321.4500,1.02181211E+5,
321.600,1.03206078E+5,
321.7500,1.00873547E+5,
321.900,1.03254578E+5,
322.0500,1.02782344E+5,
322.200,1.00659422E+5,
322.3500,1.00940016E+5,
322.500,1.02540539E+5,
322.6500,1.00316055E+5,
322.800,9.96724844E+4,
322.9500,9.62120781E+4,
323.100,9.72275234E+4,
323.2500,9.69340078E+4,
323.400,9.72768125E+4,
323.5500,9.67272734E+4,
323.700,9.89925234E+4,
323.8500,9.58457188E+4,
324.00,9.49067656E+4,
324.1500,9.44717422E+4,
324.300,9.48669688E+4,
324.4500,9.49490469E+4,
324.600,9.27026250E+4,
324.7500,9.35455313E+4,
324.900,9.25182422E+4,
325.0500,9.13249375E+4,
325.200,9.10397266E+4,
325.3500,9.10615469E+4,
325.500,9.08229766E+4,
325.6500,8.77575703E+4,
325.800,8.73667734E+4,
325.9500,8.77888047E+4,
326.100,8.72126641E+4,
326.2500,8.65589531E+4,
326.400,8.67742266E+4,
326.5500,8.59615469E+4,
326.700,8.48816328E+4,
326.8500,8.36562031E+4,
327.00,8.31976250E+4,
327.1500,8.20015781E+4,
327.300,8.16246484E+4,
327.4500,7.96634844E+4,
327.600,7.90770547E+4,
327.7500,7.85110703E+4,
327.900,7.88988594E+4,
328.0500,7.86949063E+4,
328.200,7.58147734E+4,
328.3500,7.55312891E+4,
328.500,7.49153750E+4,
328.6500,7.30299688E+4,
328.800,7.55490547E+4,
328.9500,7.45095391E+4,
329.100,7.37055859E+4,
329.2500,7.37885781E+4,
329.400,7.21553906E+4,
329.5500,7.22942891E+4,
329.700,7.01425313E+4,
329.8500,7.07013828E+4,
330.00,6.88434844E+4,
330.1500,6.93962266E+4,
330.300,6.84714688E+4,
330.4500,6.76316875E+4,
330.600,6.73725391E+4,
330.7500,6.75343281E+4,
330.900,6.45047031E+4,
331.0500,6.46514336E+4,
331.200,6.49233125E+4,
331.3500,6.34063320E+4,
331.500,6.27420586E+4,
331.6500,6.01456484E+4,
331.800,6.04040547E+4,
331.9500,5.93772930E+4,
332.100,5.88970352E+4,
332.2500,5.63309844E+4,
332.400,5.81319570E+4,
332.5500,5.72771289E+4,
332.700,5.64247617E+4,
332.8500,5.58606055E+4,
333.00,5.47517852E+4,
333.1500,5.47847969E+4,
333.300,5.41170078E+4,
333.4500,5.31293008E+4,
333.600,5.29981875E+4,
333.7500,5.18771719E+4,
333.900,5.11350703E+4,
334.0500,5.07633008E+4,
334.200,5.04342070E+4,
334.3500,4.98969609E+4,
334.500,4.90568242E+4,
334.6500,4.93257148E+4,
334.800,4.87718203E+4,
334.9500,4.94345664E+4,
335.100,4.80185781E+4,
335.2500,4.76194063E+4,
335.400,4.65269688E+4,
335.5500,4.62087734E+4,
335.700,4.41189297E+4,
335.8500,4.37344180E+4,
336.00,4.42763750E+4,
336.1500,4.45962148E+4,
336.300,4.28584492E+4,
336.4500,4.18795625E+4,
336.600,4.08567813E+4,
336.7500,4.28652148E+4,
336.900,4.16470469E+4,
337.0500,4.02176055E+4,
337.200,4.00812383E+4,
337.3500,3.97660742E+4,
337.500,3.92763398E+4,
337.6500,3.80147891E+4,
337.800,3.75656875E+4,
337.9500,3.79807813E+4,
338.100,3.66580781E+4,
338.2500,3.67277305E+4,
338.400,3.55627930E+4,
338.5500,3.55620742E+4,
338.700,3.44722734E+4,
338.8500,3.51663477E+4,
339.00,3.41236016E+4,
339.1500,3.33552813E+4,
339.300,3.25417754E+4,
339.4500,3.24572813E+4,
339.600,3.14464668E+4,
339.7500,3.22599473E+4,
339.900,3.10552520E+4,
340.0500,3.18262129E+4,
340.200,2.94617754E+4,
340.3500,2.89143965E+4,
340.500,2.72465762E+4,
340.6500,2.71813516E+4,
340.800,2.69363008E+4,
340.9500,2.68528418E+4,
341.100,2.60573301E+4,
341.2500,2.58958125E+4,
341.400,2.64415742E+4,
341.5500,2.55807578E+4,
341.700,2.56170313E+4,
341.8500,2.50692441E+4,
342.00,2.47933574E+4,
342.1500,2.43877070E+4,
342.300,2.45510977E+4,
342.4500,2.41136699E+4,
342.600,2.35307520E+4,
342.7500,2.33117051E+4,
342.900,2.31760039E+4,
343.0500,2.24920078E+4,
343.200,2.18535273E+4,
343.3500,2.24195313E+4,
343.500,2.24257148E+4,
343.6500,2.11207383E+4,
343.800,2.09457324E+4,
343.9500,2.09517988E+4,
344.100,2.06765371E+4,
344.2500,2.01500273E+4,
344.400,2.09333652E+4,
344.5500,2.05037949E+4,
344.700,2.01058965E+4,
344.8500,1.93038867E+4,
345.00,1.95933848E+4,
345.1500,1.85209043E+4,
345.300,1.86534902E+4,
345.4500,1.86972617E+4,
345.600,1.79482344E+4,
345.7500,1.80371426E+4,
345.900,1.78549531E+4,
346.0500,1.69157734E+4,
346.200,1.81349551E+4,
346.3500,1.68465547E+4,
346.500,1.72592734E+4,
346.6500,1.62871768E+4,
346.800,1.61583584E+4,
346.9500,1.64265430E+4,
347.100,1.61442314E+4,
347.2500,1.60760586E+4,
347.400,1.57451641E+4,
347.5500,1.56077451E+4,
347.700,1.57437334E+4,
347.8500,1.53208545E+4,
348.00,1.50847754E+4,
348.1500,1.48198262E+4,
348.300,1.46896924E+4,
348.4500,1.44853037E+4,
348.600,1.44838018E+4,
348.7500,1.47772480E+4,
348.900,1.42852607E+4,
349.0500,1.39681514E+4,
349.200,1.38103496E+4,
349.3500,1.33207451E+4,
349.500,1.29018154E+4,
349.6500,1.30273203E+4,
349.800,1.33006514E+4,
349.9500,1.31491875E+4,
350.100,1.27517549E+4,
350.2500,1.26903828E+4,
350.400,1.25999160E+4,
350.5500,1.25658018E+4,
350.700,1.26060869E+4,
350.8500,1.22942314E+4,
351.00,1.20606875E+4,
351.1500,1.25101250E+4,
351.300,1.18667646E+4,
351.4500,1.18045361E+4,
351.600,1.15552393E+4,
351.7500,1.17666143E+4,
351.900,1.14645586E+4,
352.0500,1.09582725E+4,
352.200,1.13518721E+4,
352.3500,1.09925947E+4,
352.500,1.10209395E+4,
352.6500,1.04409727E+4,
352.800,1.04276104E+4,
352.9500,1.09981543E+4,
353.100,1.07659775E+4,
353.2500,1.02764209E+4,
353.400,1.01654307E+4,
353.5500,1.02821211E+4,
353.700,1.07685264E+4,
353.8500,1.02849277E+4,
354.00,9.81178711E+3,
354.1500,9.83825879E+3,
354.300,1.00289121E+4,
354.4500,1.00665449E+4,
354.600,9.71130371E+3,
354.7500,9.34861328E+3,
354.900,9.45327637E+3,
355.0500,9.37133301E+3,
355.200,9.19371680E+3,
355.3500,9.29058887E+3,
355.500,9.15728027E+3,
355.6500,8.98188574E+3,
355.800,8.91441895E+3,
355.9500,8.79524902E+3,
356.100,8.94366211E+3,
356.2500,8.94539258E+3,
356.400,8.42667285E+3,
356.5500,8.64486230E+3,
356.700,8.54251563E+3,
356.8500,8.27129980E+3,
357.00,8.07811865E+3,
357.1500,8.10961328E+3,
357.300,7.97760498E+3,
357.4500,8.04575488E+3,
357.600,7.96950098E+3,
357.7500,7.78666846E+3,
357.900,7.79558643E+3,
358.0500,7.89929248E+3,
358.200,7.42260645E+3,
358.3500,7.56700293E+3,
358.500,7.33630518E+3,
358.6500,7.26334277E+3,
358.800,7.36216406E+3,
358.9500,7.58894824E+3,
359.100,7.38069482E+3,
359.2500,7.08772266E+3,
359.400,7.14368457E+3,
359.5500,7.65245898E+3,
359.700,7.49004492E+3,
359.8500,6.92619922E+3,
360.00,6.88850977E+3,
360.1500,7.13136035E+3,
360.300,6.85561914E+3,
360.4500,6.87145557E+3,
360.600,6.97058105E+3,
360.7500,7.19054102E+3,
360.900,6.82664258E+3,
361.0500,6.79328027E+3,
361.200,6.67111670E+3,
361.3500,6.70121729E+3,
361.500,6.70799854E+3,
361.6500,6.60600928E+3,
361.800,6.39217676E+3,
361.9500,6.78587109E+3,
362.100,6.56070166E+3,
362.2500,6.35431055E+3,
362.400,6.65018896E+3,
362.5500,6.59085742E+3,
362.700,6.26457959E+3,
362.8500,6.35825146E+3,
363.00,6.30828906E+3,
363.1500,6.25283105E+3,
363.300,6.36306543E+3,
363.4500,6.40372949E+3,
363.600,6.14107959E+3,
363.7500,6.07649316E+3,
363.900,6.19076563E+3,
364.0500,6.11973047E+3,
364.200,6.22966357E+3,
364.3500,6.26059814E+3,
364.500,6.14447021E+3,
364.6500,6.26616748E+3,
364.800,5.99007471E+3,
364.9500,6.25811084E+3,
365.100,6.10183643E+3,
365.2500,5.94960449E+3,
365.400,5.98136035E+3,
365.5500,6.06280176E+3,
365.700,5.98136230E+3,
365.8500,6.11024219E+3,
366.00,5.97788428E+3,
366.1500,5.98832373E+3,
366.300,5.89645850E+3,
366.4500,5.89740332E+3,
366.600,5.96514746E+3,
366.7500,5.83499170E+3,
366.900,5.72690283E+3,
367.0500,5.81839307E+3,
367.200,5.86308984E+3,
367.3500,5.81245020E+3,
367.500,5.77372168E+3,
367.6500,5.79917725E+3,
367.800,5.56920752E+3,
367.9500,5.85590918E+3,
368.100,5.96670166E+3,
368.2500,5.74731543E+3,
368.400,5.80359473E+3,
368.5500,6.04959424E+3,
368.700,5.54262646E+3,
368.8500,5.75211377E+3,
369.00,5.99907373E+3,
369.1500,5.75912061E+3,
369.300,5.98546094E+3,
369.4500,5.71087207E+3,
369.600,6.09722900E+3,
369.7500,5.85590381E+3,
369.900,6.08433691E+3,
370.0500,5.99985645E+3,
370.200,5.84215479E+3,
370.3500,6.03862695E+3,
370.500,5.99185498E+3,
370.6500,6.14644629E+3,
370.800,5.86585352E+3,
370.9500,5.81270166E+3,
371.100,5.96110547E+3,
371.2500,6.04789111E+3,
371.400,5.91712012E+3,
371.5500,6.03143848E+3,
371.700,5.84280615E+3,
371.8500,5.85821484E+3,
372.00,6.09101563E+3,
372.1500,5.83380518E+3,
372.300,5.75057227E+3,
372.4500,5.69684082E+3,
372.600,5.88070361E+3,
372.7500,5.80184863E+3,
372.900,5.68915137E+3,
373.0500,5.75877930E+3,
373.200,5.58918848E+3,
373.3500,5.56919971E+3,
373.500,5.41159717E+3,
373.6500,5.54583643E+3,
373.800,5.72422705E+3,
373.9500,5.67428760E+3,
374.100,5.26692725E+3,
374.2500,5.43157617E+3,
374.400,5.40996338E+3,
374.5500,5.54914990E+3,
374.700,5.49059814E+3,
374.8500,5.50269971E+3,
375.00,5.34991504E+3,
375.1500,5.56747021E+3,
375.300,5.48894678E+3,
375.4500,5.52243896E+3,
375.600,5.48457813E+3,
375.7500,5.52856689E+3,
375.900,5.51531445E+3,
376.0500,5.40713379E+3,
376.200,5.53581543E+3,
376.3500,5.32320166E+3,
376.500,5.47063379E+3,
376.6500,5.22146729E+3,
376.800,5.57065479E+3,
376.9500,5.59745898E+3,
377.100,5.53268359E+3,
377.2500,5.42762500E+3,
377.400,5.52350635E+3,
377.5500,5.69885303E+3,
377.700,5.51134277E+3,
377.8500,5.49020752E+3,
378.00,5.49116016E+3,
378.1500,5.39480127E+3,
378.300,5.49395361E+3,
378.4500,5.46522607E+3,
378.600,5.45846484E+3,
378.7500,5.27766113E+3,
378.900,5.47197266E+3,
379.0500,5.41185889E+3,
379.200,5.20999805E+3,
379.3500,5.41654004E+3,
379.500,5.32344385E+3,
379.6500,5.43475928E+3,
379.800,5.33709131E+3,
379.9500,5.30263721E+3,
380.100,5.26740283E+3,
380.2500,5.34892334E+3,
380.400,5.27885449E+3,
380.5500,5.29616455E+3,
380.700,5.36925293E+3,
380.8500,5.45691016E+3,
381.00,5.33676709E+3,
381.1500,5.37347705E+3,
381.300,5.34175146E+3,
381.4500,5.32973828E+3,
381.600,5.20920020E+3,
381.7500,5.39028760E+3,
381.900,5.30580713E+3,
382.0500,5.52289258E+3,
382.200,5.21220215E+3,
382.3500,5.31399268E+3,
382.500,5.35936670E+3,
382.6500,5.38225684E+3,
382.800,5.04916357E+3,
382.9500,5.22409814E+3,
383.100,5.02634766E+3,
383.2500,5.15954688E+3,
383.400,5.17668457E+3,
383.5500,5.07683691E+3,
383.700,4.89537695E+3,
383.8500,4.96355127E+3,
384.00,4.84286670E+3,
384.1500,4.89011377E+3,
384.300,4.98424902E+3,
384.4500,5.02651074E+3,
384.600,4.89859424E+3,
384.7500,4.83820313E+3,
384.900,4.71746484E+3,
385.0500,4.75520117E+3,
385.200,4.81542285E+3,
385.3500,4.87084717E+3,
385.500,4.78727930E+3,
385.6500,4.86887207E+3,
385.800,4.97327734E+3,
385.9500,4.97612061E+3,
386.100,4.83654980E+3,
386.2500,5.01080518E+3,
386.400,4.90077686E+3,
386.5500,5.03787012E+3,
386.700,5.08791162E+3,
386.8500,4.98766943E+3,
387.00,4.86817529E+3,
387.1500,4.98663770E+3,
387.300,4.89350293E+3,
387.4500,4.75857764E+3,
387.600,4.76403223E+3,
387.7500,4.88062598E+3,
387.900,4.82003857E+3,
388.0500,4.92551416E+3,
388.200,4.94498389E+3,
388.3500,4.87351514E+3,
388.500,4.80980859E+3,
388.6500,4.77610596E+3,
388.800,4.86863867E+3,
388.9500,4.55675977E+3,
389.100,4.90580762E+3,
389.2500,4.87121826E+3,
389.400,4.82653271E+3,
389.5500,4.98629980E+3,
389.700,4.81413330E+3,
389.8500,4.82271143E+3,
390.00,4.82548340E+3,
390.1500,4.80500293E+3,
390.300,4.76137256E+3,
390.4500,4.86036279E+3,
390.600,4.88364551E+3,
390.7500,4.88374512E+3,
390.900,4.88246484E+3,
391.0500,5.07209375E+3,
391.200,4.96225391E+3,
391.3500,5.01968848E+3,
391.500,4.93478564E+3,
391.6500,4.78706543E+3,
391.800,4.86185596E+3,
391.9500,4.93362646E+3,
392.100,4.93579736E+3,
392.2500,4.91688135E+3,
392.400,5.03914453E+3,
392.5500,4.99604736E+3,
392.700,5.05972607E+3,
392.8500,5.06792334E+3,
393.00,4.88325684E+3,
393.1500,5.05706543E+3,
393.300,4.91084082E+3,
393.4500,4.89642090E+3,
393.600,4.82852979E+3,
393.7500,4.97627588E+3,
393.900,4.94793896E+3,
394.0500,5.00768799E+3,
394.200,4.99629443E+3,
394.3500,4.88849707E+3,
394.500,4.80347021E+3,
394.6500,4.90280469E+3,
394.800,4.80424463E+3,
394.9500,4.88669873E+3,
395.100,4.91067578E+3,
395.2500,4.97479492E+3,
395.400,5.08163721E+3,
395.5500,4.94246045E+3,
395.700,5.07395020E+3,
395.8500,4.91056982E+3,
396.00,5.03082959E+3,
396.1500,4.96032422E+3,
396.300,4.91337354E+3,
396.4500,4.87208545E+3,
396.600,4.88971973E+3,
396.7500,4.98921484E+3,
396.900,5.08848438E+3,
397.0500,4.86797363E+3,
397.200,4.99490234E+3,
397.3500,4.91664160E+3,
397.500,4.86166650E+3,
397.6500,4.96119482E+3,
397.800,5.04700146E+3,
397.9500,5.00166162E+3,
398.100,5.04339209E+3,
398.2500,4.79970459E+3,
398.400,4.87827344E+3,
398.5500,4.78862646E+3,
398.700,4.86174805E+3,
398.8500,4.90121045E+3,
399.00,4.78108203E+3,
399.1500,4.73415186E+3,
399.300,4.65520850E+3,
399.4500,4.62858350E+3,
399.600,4.67151758E+3,
399.7500,4.62495508E+3,
399.900,4.65987598E+3,
400.0500,4.30817334E+3,
400.200,4.34983447E+3,
400.3500,4.58470313E+3,
400.500,4.42976025E+3,
400.6500,4.39815234E+3,
400.800,4.54033740E+3,
400.9500,4.37105615E+3,
401.100,4.37448926E+3,
401.2500,4.41527588E+3,
401.400,4.24196240E+3,
401.5500,4.49508008E+3,
401.700,4.49726758E+3,
401.8500,4.49183887E+3,
402.00,4.59665088E+3,
402.1500,4.35019336E+3,
402.300,4.39438867E+3,
402.4500,4.45069531E+3,
402.600,4.46581006E+3,
402.7500,4.26516309E+3,
402.900,4.63565234E+3,
403.0500,4.44294189E+3,
403.200,4.30216504E+3,
403.3500,4.41871973E+3,
403.500,4.43539941E+3,
403.6500,4.47016504E+3,
403.800,4.27910889E+3,
403.9500,4.20885107E+3,
404.100,4.37159473E+3,
404.2500,4.17566895E+3,
404.400,4.23035107E+3,
404.5500,4.15481592E+3,
404.700,4.20348779E+3,
404.8500,4.11780371E+3,
405.00,4.22906396E+3,
405.1500,4.44160742E+3,
405.300,4.06790747E+3,
405.4500,4.13467920E+3,
405.600,3.98029346E+3,
405.7500,4.18934375E+3,
405.900,3.97312744E+3,
406.0500,4.05753735E+3,
406.200,4.05012109E+3,
406.3500,3.96160376E+3,
406.500,4.10618066E+3,
406.6500,4.15478027E+3,
406.800,4.23125049E+3,
406.9500,4.03873389E+3,
407.100,3.96673560E+3,
407.2500,4.02526123E+3,
407.400,4.07636743E+3,
407.5500,4.00014624E+3,
407.700,3.91682202E+3,
407.8500,4.02926685E+3,
408.00,4.03945337E+3,
408.1500,3.93616138E+3,
408.300,4.02368115E+3,
408.4500,4.10087598E+3,
408.600,3.99067505E+3,
408.7500,3.93438623E+3,
408.900,4.15060254E+3,
409.0500,3.91936377E+3,
409.200,3.89134521E+3,
409.3500,3.89518555E+3,
409.500,3.97699609E+3,
409.6500,3.93897778E+3,
409.800,3.88375391E+3,
409.9500,3.88768213E+3,
410.100,3.78086597E+3,
410.2500,3.82663110E+3,
410.400,3.74594751E+3,
410.5500,3.83333008E+3,
410.700,3.76141846E+3,
410.8500,3.73836182E+3,
411.00,3.77692676E+3,
411.1500,3.95688843E+3,
411.300,3.88643506E+3,
411.4500,3.84182837E+3,
411.600,3.85154443E+3,
411.7500,3.91544971E+3,
411.900,3.96217725E+3,
412.0500,3.75116846E+3,
412.200,3.86339087E+3,
412.3500,3.70824780E+3,
412.500,3.65704541E+3,
412.6500,3.79610278E+3,
412.800,3.69673926E+3,
412.9500,3.65280811E+3,
413.100,3.75750586E+3,
413.2500,3.51823511E+3,
413.400,3.68928979E+3,
413.5500,3.74992383E+3,
413.700,3.63830615E+3,
413.8500,3.76943604E+3,
414.00,3.60869849E+3,
414.1500,3.74388306E+3,
414.300,3.71848877E+3,
414.4500,3.67347168E+3,
414.600,3.71142505E+3,
414.7500,3.81952710E+3,
414.900,3.81527246E+3,
415.0500,3.92745923E+3,
415.200,3.80575146E+3,
415.3500,3.86619727E+3,
415.500,3.87202466E+3,
415.6500,3.89603516E+3,
415.800,3.87113574E+3,
415.9500,3.84907861E+3,
416.100,3.70707935E+3,
416.2500,3.87203149E+3,
416.400,3.79851294E+3,
416.5500,3.80865576E+3,
416.700,3.83411206E+3,
416.8500,3.73994092E+3,
417.00,3.77100024E+3,
417.1500,3.82001733E+3,
417.300,3.96200073E+3,
417.4500,3.88878271E+3,
417.600,3.87113232E+3,
417.7500,3.79255078E+3,
417.900,3.80547852E+3,
418.0500,3.95406641E+3,
418.200,3.92274170E+3,
418.3500,3.84584839E+3,
418.500,3.82570483E+3,
418.6500,4.15909375E+3,
418.800,4.03394141E+3,
418.9500,4.22204492E+3,
419.100,4.25414941E+3,
419.2500,4.42399414E+3,
419.400,4.37334766E+3,
419.5500,4.32965332E+3,
419.700,4.32866406E+3,
419.8500,4.39642871E+3,
420.00,4.17147266E+3,
420.1500,4.10037158E+3,
420.300,4.25444141E+3,
420.4500,4.42480957E+3,
420.600,4.26600195E+3,
420.7500,4.37591943E+3,
420.900,4.40905127E+3,
421.0500,4.38332324E+3,
421.200,4.17301025E+3,
421.3500,4.33750293E+3,
421.500,4.21491699E+3,
421.6500,4.27409424E+3,
421.800,4.19401367E+3,
421.9500,4.16313965E+3,
422.100,4.41480762E+3,
422.2500,4.28344287E+3,
422.400,4.37970166E+3,
422.5500,4.29206152E+3,
422.700,4.37056494E+3,
422.8500,4.42180420E+3,
423.00,4.37373291E+3,
423.1500,4.37911377E+3,
423.300,4.38857715E+3,
423.4500,4.27847949E+3,
423.600,4.52432324E+3,
423.7500,4.27441650E+3,
423.900,4.40203076E+3,
424.0500,4.34774316E+3,
424.200,4.48342285E+3,
424.3500,4.49019580E+3,
424.500,4.38173486E+3,
424.6500,4.54576953E+3,
424.800,4.27342920E+3,
424.9500,4.28029102E+3,
425.100,4.30596924E+3,
425.2500,4.45880762E+3,
425.400,4.25837891E+3,
425.5500,4.64246045E+3,
425.700,4.39885156E+3,
425.8500,4.46497705E+3,
426.00,4.44998682E+3,
426.1500,4.22947900E+3,
426.300,4.39669287E+3,
426.4500,4.21418506E+3,
426.600,4.38400000E+3,
426.7500,4.44714160E+3,
426.900,4.16641797E+3,
427.0500,4.34969531E+3,
427.200,4.56545313E+3,
427.3500,4.42544824E+3,
427.500,4.21684131E+3,
427.6500,4.31668896E+3,
427.800,4.36668457E+3,
427.9500,4.28478076E+3,
428.100,4.19004150E+3,
428.2500,4.34182715E+3,
428.400,4.20837451E+3,
428.5500,4.31709473E+3,
428.700,4.43656445E+3,
428.8500,4.22780615E+3,
429.00,4.34592529E+3,
429.1500,4.25574707E+3,
429.300,4.28393359E+3,
429.4500,4.25966553E+3,
429.600,4.40083203E+3,
429.7500,4.25417090E+3,
429.900,4.18014111E+3,
430.0500,4.10052100E+3,
430.200,4.13210449E+3,
430.3500,4.33307959E+3,
430.500,4.26515088E+3,
430.6500,4.30611279E+3,
430.800,4.09443774E+3,
430.9500,4.26305908E+3,
431.100,4.13587891E+3,
431.2500,4.27724023E+3,
431.400,4.32455664E+3,
431.5500,4.22554785E+3,
431.700,4.14940381E+3,
431.8500,4.23162061E+3,
432.00,4.16223047E+3,
432.1500,4.02362207E+3,
432.300,4.21226514E+3,
432.4500,4.14877881E+3,
432.600,4.18452588E+3,
432.7500,4.22696973E+3,
432.900,4.21578955E+3,
433.0500,4.11372559E+3,
433.200,4.04433838E+3,
433.3500,4.02722388E+3,
433.500,4.18305713E+3,
433.6500,4.10694971E+3,
433.800,4.11396680E+3,
433.9500,3.96408154E+3,
434.100,4.04376367E+3,
434.2500,4.08066895E+3,
434.400,3.95524121E+3,
434.5500,4.13840283E+3,
434.700,4.10553955E+3,
434.8500,3.98675293E+3,
435.00,4.16999805E+3,
435.1500,4.21776514E+3,
435.300,4.14466992E+3,
435.4500,4.02587036E+3,
435.600,4.04675269E+3,
435.7500,4.07569995E+3,
435.900,3.90036157E+3,
436.0500,4.17401123E+3,
436.200,4.02167603E+3,
436.3500,4.09924268E+3,
436.500,4.08805615E+3,
436.6500,4.04725757E+3,
436.800,4.17735156E+3,
436.9500,3.99385864E+3,
437.100,4.06636572E+3,
437.2500,4.04476196E+3,
437.400,4.13092432E+3,
437.5500,4.07966162E+3,
437.700,4.19283691E+3,
437.8500,4.00938354E+3,
438.00,4.15901514E+3,
438.1500,4.07453711E+3,
438.300,4.31943018E+3,
438.4500,4.21601270E+3,
438.600,4.20574219E+3,
438.7500,4.05348364E+3,
438.900,4.01876123E+3,
439.0500,3.92597974E+3,
439.200,3.98644678E+3,
439.3500,3.95212866E+3,
439.500,3.97333936E+3,
439.6500,3.93352197E+3,
439.800,3.95743384E+3,
439.9500,3.89988477E+3,
440.100,3.92784985E+3,
440.2500,3.95854907E+3,
440.400,4.03415308E+3,
440.5500,4.01184473E+3,
440.700,3.91869531E+3,
440.8500,3.83633179E+3,
441.00,3.83292529E+3,
441.1500,3.85260498E+3,
441.300,3.82863062E+3,
441.4500,3.93567285E+3,
441.600,4.01686011E+3,
441.7500,4.09401807E+3,
441.900,3.84722046E+3,
442.0500,3.71933691E+3,
442.200,3.78462109E+3,
442.3500,3.86092993E+3,
442.500,3.66733887E+3,
442.6500,3.74501245E+3,
442.800,3.83923413E+3,
442.9500,3.78390381E+3,
443.100,3.81563843E+3,
443.2500,3.74594189E+3,
443.400,3.78070923E+3,
443.5500,3.62129834E+3,
443.700,3.61462866E+3,
443.8500,3.51134961E+3,
444.00,3.59567871E+3,
444.1500,3.67960229E+3,
444.300,3.63361060E+3,
444.4500,3.61658960E+3,
444.600,3.74093994E+3,
444.7500,3.56294336E+3,
444.900,3.68744995E+3,
445.0500,3.69292749E+3,
445.200,3.55424390E+3,
445.3500,3.54486450E+3,
445.500,3.67785815E+3,
445.6500,3.66995825E+3,
445.800,3.61021729E+3,
445.9500,3.68205176E+3,
446.100,3.57270752E+3,
446.2500,3.73211426E+3,
446.400,3.66101489E+3,
446.5500,3.56706201E+3,
446.700,3.61268262E+3,
446.8500,3.76885400E+3,
447.00,3.62486182E+3,
447.1500,3.66113721E+3,
447.300,3.50653979E+3,
447.4500,3.50401123E+3,
447.600,3.64038428E+3,
447.7500,3.67111084E+3,
447.900,3.74801611E+3,
448.0500,3.60063159E+3,
448.200,3.61711597E+3,
448.3500,3.82880273E+3,
448.500,3.67655664E+3,
448.6500,3.75057324E+3,
448.800,3.56264209E+3,
448.9500,3.79950928E+3,
449.100,3.80443188E+3,
449.2500,3.72002441E+3,
449.400,3.90854028E+3,
449.5500,3.81896875E+3,
449.700,3.97496216E+3,
449.8500,4.31949170E+3,
450.00,4.28888184E+3,
450.1500,1.76429184E+2,
450.300,2.12997757E+2,
450.4500,2.53020752E+2,
450.600,2.22799240E+2,
450.7500,2.12785095E+2,
450.900,2.32758118E+2,
451.0500,2.74767090E+2,
451.200,3.06557037E+2,
451.3500,3.41529144E+2,
451.500,3.97158966E+2,
451.6500,3.82891968E+2,
451.800,4.33767029E+2,
451.9500,4.48102600E+2,
452.100,5.52967896E+2,
452.2500,5.20602783E+2,
452.400,5.21515442E+2,
452.5500,6.28795776E+2,
452.700,6.68210571E+2,
452.8500,6.73187866E+2,
453.00,6.92042053E+2,
453.1500,7.24429260E+2,
453.300,6.98476257E+2,
453.4500,7.78958374E+2,
453.600,8.65997498E+2,
453.7500,8.86134338E+2,
453.900,8.36130554E+2,
454.0500,1.00229437E+3,
454.200,9.55622192E+2,
454.3500,1.01167993E+3,
454.500,1.08148376E+3,
454.6500,1.16332275E+3,
454.800,1.13983545E+3,
454.9500,1.21460718E+3,
455.100,1.12019714E+3,
455.2500,1.29412598E+3,
455.400,1.27394446E+3,
455.5500,1.29409851E+3,
455.700,1.43186243E+3,
455.8500,1.45757886E+3,
456.00,1.40865112E+3,
456.1500,1.57086877E+3,
456.300,1.57225122E+3,
456.4500,1.57632251E+3,
456.600,1.56855566E+3,
456.7500,1.74920093E+3,
456.900,1.70156445E+3,
457.0500,1.91798010E+3,
457.200,1.82410181E+3,
457.3500,1.89972717E+3,
457.500,1.85917749E+3,
457.6500,1.97916638E+3,
457.800,2.05271655E+3,
457.9500,2.05574707E+3,
458.100,2.08395679E+3,
458.2500,2.06900806E+3,
458.400,2.22577612E+3,
458.5500,2.20426172E+3,
458.700,2.21212646E+3,
458.8500,2.14762134E+3,
459.00,2.23139868E+3,
459.1500,2.19182495E+3,
459.300,2.24179224E+3,
459.4500,2.20148096E+3,
459.600,2.31458325E+3,
459.7500,2.38568701E+3,
459.900,2.36176270E+3,
460.0500,2.34177881E+3,
460.200,2.43100024E+3,
460.3500,2.45163477E+3,
460.500,2.52599170E+3,
460.6500,2.48570215E+3,
460.800,2.52418628E+3,
460.9500,2.63367969E+3,
461.100,2.45579272E+3,
461.2500,2.65584009E+3,
461.400,2.68106714E+3,
461.5500,2.67271362E+3,
461.700,2.75335864E+3,
461.8500,2.73494824E+3,
462.00,2.85354248E+3,
462.1500,2.85182520E+3,
462.300,2.93243945E+3,
462.4500,3.02247998E+3,
462.600,3.05969531E+3,
462.7500,2.98906128E+3,
462.900,3.05770679E+3,
463.0500,3.03762036E+3,
463.200,2.94058911E+3,
463.3500,2.91404297E+3,
463.500,2.82645166E+3,
463.6500,2.89144263E+3,
463.800,2.84607642E+3,
463.9500,2.84680835E+3,
464.100,2.83198877E+3,
464.2500,2.81745020E+3,
464.400,2.76275049E+3,
464.5500,2.80450757E+3,
464.700,2.78704565E+3,
464.8500,2.69915601E+3,
465.00,2.84908130E+3,
465.1500,2.84613281E+3,
465.300,2.92801416E+3,
465.4500,2.95111475E+3,
465.600,2.83124463E+3,
465.7500,2.91280371E+3,
465.900,2.99203027E+3,
466.0500,2.96748535E+3,
466.200,3.05756665E+3,
466.3500,3.13395996E+3,
466.500,3.17398657E+3,
466.6500,3.34809595E+3,
466.800,3.62996045E+3,
466.9500,3.92239233E+3,
467.100,4.06851416E+3,
467.2500,4.09746680E+3,
467.400,4.02485596E+3,
467.5500,4.06408252E+3,
467.700,3.86897461E+3,
467.8500,3.67435278E+3,
468.00,3.56900195E+3,
468.1500,3.44511890E+3,
468.300,3.40400195E+3,
468.4500,3.28259937E+3,
468.600,3.26412354E+3,
468.7500,3.24976147E+3,
468.900,3.18268799E+3,
469.0500,3.21934106E+3,
469.200,3.33129297E+3,
469.3500,3.14857129E+3,
469.500,3.10469067E+3,
469.6500,3.06796313E+3,
469.800,3.19993335E+3,
469.9500,3.25604053E+3,
470.100,3.09562793E+3,
470.2500,3.05147534E+3,
470.400,2.97314087E+3,
470.5500,3.04689941E+3,
470.700,2.89926270E+3,
470.8500,2.92674683E+3,
471.00,2.84066211E+3,
471.1500,2.97114063E+3,
471.300,2.90272095E+3,
471.4500,2.83636719E+3,
471.600,2.90952612E+3,
471.7500,2.77403076E+3,
471.900,2.93037842E+3,
472.0500,2.88533398E+3,
472.200,2.93681079E+3,
472.3500,2.87707275E+3,
472.500,2.82036792E+3,
472.6500,2.95094092E+3,
472.800,3.03440820E+3,
472.9500,3.25997266E+3,
473.100,3.34355859E+3,
473.2500,3.55331250E+3,
473.400,3.52389233E+3,
473.5500,3.57451489E+3,
473.700,3.36104541E+3,
473.8500,3.09961719E+3,
474.00,3.00526270E+3,
474.1500,2.95421899E+3,
474.300,2.90617725E+3,
474.4500,2.83513525E+3,
474.600,2.81709766E+3,
474.7500,3.01606519E+3,
474.900,2.96102588E+3,
475.0500,2.74907104E+3,
475.200,2.77228564E+3,
475.3500,2.79450269E+3,
475.500,2.73770190E+3,
475.6500,2.66188525E+3,
475.800,2.80414502E+3,
475.9500,2.76533740E+3,
476.100,2.75265503E+3,
476.2500,2.79006226E+3,
476.400,2.77843604E+3,
476.5500,2.72676343E+3,
476.700,2.73214087E+3,
476.8500,2.74252441E+3,
477.00,2.70283765E+3,
477.1500,2.71445288E+3,
477.300,2.65794360E+3,
477.4500,2.65652100E+3,
477.600,2.49572900E+3,
477.7500,2.58649658E+3,
477.900,2.53892383E+3,
478.0500,2.59373071E+3,
478.200,2.64877002E+3,
478.3500,2.60949805E+3,
478.500,2.68264258E+3,
478.6500,2.64736475E+3,
478.800,2.59799512E+3,
478.9500,2.78174048E+3,
479.100,2.72955029E+3,
479.2500,2.72065601E+3,
479.400,2.72583569E+3,
479.5500,2.66759619E+3,
479.700,2.77748169E+3,
479.8500,2.81894458E+3,
480.00,2.74755103E+3,
480.1500,2.79618042E+3,
480.300,2.82870776E+3,
480.4500,2.98438696E+3,
480.600,2.98268384E+3,
480.7500,2.97491187E+3,
480.900,3.05403833E+3,
481.0500,3.00177515E+3,
481.200,3.05057129E+3,
481.3500,2.87678711E+3,
481.500,2.89215405E+3,
481.6500,2.86499316E+3,
481.800,2.80943652E+3,
481.9500,2.82579126E+3,
482.100,2.86353662E+3,
482.2500,2.76237280E+3,
482.400,2.85496069E+3,
482.5500,2.85319678E+3,
482.700,2.94081714E+3,
482.8500,3.06204736E+3,
483.00,2.90072778E+3,
483.1500,2.99895801E+3,
483.300,2.75732935E+3,
483.4500,2.80770898E+3,
483.600,2.91825366E+3,
483.7500,2.93715601E+3,
483.900,2.93975098E+3,
484.0500,2.84852637E+3,
484.200,2.85844629E+3,
484.3500,3.00427759E+3,
484.500,2.98872583E+3,
484.6500,2.73374023E+3,
484.800,2.86438135E+3,
484.9500,2.78006104E+3,
485.100,2.66501807E+3,
485.2500,2.59809082E+3,
485.400,2.64294092E+3,
485.5500,2.73098022E+3,
485.700,2.70915869E+3,
485.8500,2.66775928E+3,
486.00,2.68907275E+3,
486.1500,2.71460547E+3,
486.300,2.73913354E+3,
486.4500,2.65850171E+3,
486.600,2.82025415E+3,
486.7500,2.65177759E+3,
486.900,2.78582739E+3,
487.0500,2.74213672E+3,
487.200,2.80999561E+3,
487.3500,2.83651831E+3,
487.500,2.97700806E+3,
487.6500,3.23270288E+3,
487.800,3.85581177E+3,
487.9500,4.69236865E+3,
488.100,5.86095703E+3,
488.2500,7.47744189E+3,
488.400,9.63510742E+3,
488.5500,1.12740723E+4,
488.700,1.21177500E+4,
488.8500,1.07229717E+4,
489.00,8.71941016E+3,
489.1500,6.48610645E+3,
489.300,4.89971338E+3,
489.4500,4.27037158E+3,
489.600,4.23126953E+3,
489.7500,4.65603857E+3,
489.900,5.26220166E+3,
490.0500,6.32556787E+3,
490.200,7.43194482E+3,
490.3500,8.98638477E+3,
490.500,1.01635664E+4,
490.6500,1.13949883E+4,
490.800,1.15496377E+4,
490.9500,1.14080850E+4,
491.100,1.15604395E+4,
491.2500,1.20607686E+4,
491.400,1.28326904E+4,
491.5500,1.46013535E+4,
491.700,1.65903340E+4,
491.8500,1.91381738E+4,
492.00,1.95821465E+4,
492.1500,1.93190254E+4,
492.300,1.90373906E+4,
492.4500,1.61544834E+4,
492.600,1.48789941E+4,
492.7500,1.27468359E+4,
492.900,1.19572119E+4,
493.0500,1.07961660E+4,
493.200,1.04194277E+4,
493.3500,1.00218281E+4,
493.500,9.71842480E+3,
493.6500,9.28013184E+3,
493.800,8.81124023E+3,
493.9500,8.03822705E+3,
494.100,7.78564551E+3,
494.2500,7.63747705E+3,
494.400,7.93016113E+3,
494.5500,8.00361328E+3,
494.700,8.20903516E+3,
494.8500,8.44585254E+3,
495.00,8.89668848E+3,
495.1500,9.02185156E+3,
495.300,9.41390332E+3,
495.4500,9.20485938E+3,
495.600,9.67730762E+3,
495.7500,9.48101465E+3,
495.900,9.60695703E+3,
496.0500,9.06935742E+3,
496.200,8.81776953E+3,
496.3500,8.37320410E+3,
496.500,7.91486133E+3,
496.6500,7.49038086E+3,
496.800,7.25056445E+3,
496.9500,6.78568604E+3,
497.100,6.68525879E+3,
497.2500,6.79460791E+3,
497.400,6.56245947E+3,
497.5500,6.71976221E+3,
497.700,6.68329004E+3,
497.8500,6.85947949E+3,
498.00,7.40943408E+3,
498.1500,7.44132275E+3,
498.300,7.39665527E+3,
498.4500,7.69461914E+3,
498.600,7.52948145E+3,
498.7500,7.29490918E+3,
498.900,7.16089990E+3,
499.0500,6.89807959E+3,
499.200,6.51493555E+3,
499.3500,6.11125488E+3,
499.500,5.75420801E+3,
499.6500,5.23216650E+3,
499.800,5.06351855E+3,
499.9500,4.78075098E+3,
500.100,4.50746729E+3,
500.2500,4.37648438E+3,
500.400,4.26740674E+3,
500.5500,4.08493262E+3,
500.700,4.03640796E+3,
500.8500,3.79227832E+3,
501.00,3.70779907E+3,
501.1500,3.70548193E+3,
501.300,3.68643970E+3,
501.4500,3.66289307E+3,
501.600,3.47082544E+3,
501.7500,3.47605591E+3,
501.900,3.35723071E+3,
502.0500,3.32991626E+3,
502.200,3.30703369E+3,
502.3500,3.11827002E+3,
502.500,3.23307837E+3,
502.6500,3.18869312E+3,
502.800,3.16781006E+3,
502.9500,3.15137842E+3,
503.100,3.13051221E+3,
503.2500,3.15019580E+3,
503.400,3.15186694E+3,
503.5500,3.06665112E+3,
503.700,3.03773730E+3,
503.8500,3.01441235E+3,
504.00,3.08492896E+3,
504.1500,3.04245044E+3,
504.300,3.20727930E+3,
504.4500,3.24534912E+3,
504.600,3.26417407E+3,
504.7500,3.41938672E+3,
504.900,3.52936987E+3,
505.0500,3.58035059E+3,
505.200,3.69068677E+3,
505.3500,4.14677100E+3,
505.500,4.31371875E+3,
505.6500,4.62719092E+3,
505.800,4.91375928E+3,
505.9500,5.73074414E+3,
506.100,6.15528174E+3,
506.2500,7.02787744E+3,
506.400,7.74482715E+3,
506.5500,8.70202051E+3,
506.700,9.28725000E+3,
506.8500,1.04938496E+4,
507.00,1.16265908E+4,
507.1500,1.22723828E+4,
507.300,1.28305313E+4,
507.4500,1.28628818E+4,
507.600,1.29195283E+4,
507.7500,1.21253535E+4,
507.900,1.13793955E+4,
508.0500,1.03456143E+4,
508.200,9.62010547E+3,
508.3500,8.36186914E+3,
508.500,7.71187012E+3,
508.6500,6.70760059E+3,
508.800,6.12214453E+3,
508.9500,5.55648193E+3,
509.100,5.14495166E+3,
509.2500,4.86702539E+3,
509.400,4.72080469E+3,
509.5500,4.77580859E+3,
509.700,4.45911279E+3,
509.8500,4.73463770E+3,
510.00,5.03183252E+3,
510.1500,5.10112256E+3,
510.300,5.45306201E+3,
510.4500,5.69132471E+3,
510.600,5.99840283E+3,
510.7500,5.82910791E+3,
510.900,5.74810107E+3,
511.0500,5.50375830E+3,
511.200,5.09802783E+3,
511.3500,4.45933301E+3,
511.500,4.06967188E+3,
511.6500,3.65555542E+3,
511.800,3.40936743E+3,
511.9500,3.22217725E+3,
512.100,2.98836353E+3,
512.2500,2.84469824E+3,
512.400,2.75917554E+3,
512.5500,2.68302539E+3,
512.700,2.66645410E+3,
512.8500,2.58048560E+3,
513.00,2.65592676E+3,
513.1500,2.57354517E+3,
513.300,2.38424463E+3,
513.4500,2.44546533E+3,
513.600,2.37821289E+3,
513.7500,2.24826514E+3,
513.900,2.32034180E+3,
514.0500,2.24915381E+3,
514.200,2.24303955E+3,
514.3500,2.24535693E+3,
514.500,2.18117090E+3,
514.6500,2.21851147E+3,
514.800,2.15293506E+3,
514.9500,2.19273096E+3,
515.100,2.15854150E+3,
515.2500,2.17652979E+3,
515.400,2.11912476E+3,
515.5500,2.12369629E+3,
515.700,2.13436499E+3,
515.8500,2.09867969E+3,
516.00,2.17283887E+3,
516.1500,2.03442395E+3,
516.300,1.99729956E+3,
516.4500,1.97602026E+3,
516.600,2.04175549E+3,
516.7500,1.96031433E+3,
516.900,1.98560205E+3,
517.0500,2.07368457E+3,
517.200,2.00932495E+3,
517.3500,1.96824133E+3,
517.500,1.91596252E+3,
517.6500,1.95372290E+3,
517.800,1.92603101E+3,
517.9500,1.86239075E+3,
518.100,1.93119385E+3,
518.2500,1.84638843E+3,
518.400,1.89297778E+3,
518.5500,1.87379810E+3,
518.700,1.83591516E+3,
518.8500,1.85895703E+3,
519.00,1.85835754E+3,
519.1500,1.88528552E+3,
519.300,1.84231616E+3,
519.4500,1.80675122E+3,
519.600,1.87999805E+3,
519.7500,1.85190002E+3,
519.900,1.83878760E+3,
520.0500,1.81185339E+3,
520.200,1.76479590E+3,
520.3500,1.83591187E+3,
520.500,1.78372412E+3,
520.6500,1.75159326E+3,
520.800,1.75725720E+3,
520.9500,1.78061963E+3,
521.100,1.83943140E+3,
521.2500,1.73878418E+3,
521.400,1.74187402E+3,
521.5500,1.74496143E+3,
521.700,1.85984399E+3,
521.8500,1.74096350E+3,
522.00,1.74149365E+3,
522.1500,1.85543677E+3,
522.300,1.73871362E+3,
522.4500,1.64473010E+3,
522.600,1.62852063E+3,
522.7500,1.70696045E+3,
522.900,1.63056750E+3,
523.0500,1.70918872E+3,
523.200,1.61090186E+3,
523.3500,1.70385596E+3,
523.500,1.70824512E+3,
523.6500,1.75126831E+3,
523.800,1.60617090E+3,
523.9500,1.55238159E+3,
524.100,1.60958801E+3,
524.2500,1.64364453E+3,
524.400,1.61821716E+3,
524.5500,1.59143176E+3,
524.700,1.65539758E+3,
524.8500,1.61040015E+3,
525.00,1.56660132E+3,
525.1500,1.54998450E+3,
525.300,1.50857446E+3,
525.4500,1.62486731E+3,
525.600,1.56516211E+3,
525.7500,1.48964966E+3,
525.900,1.55263013E+3,
526.0500,1.51624182E+3,
526.200,1.59909326E+3,
526.3500,1.71491333E+3,
526.500,1.60636584E+3,
526.6500,1.50153162E+3,
526.800,1.51887805E+3,
526.9500,1.64034155E+3,
527.100,1.53926892E+3,
527.2500,1.56742883E+3,
527.400,1.51236121E+3,
527.5500,1.50612988E+3,
527.700,1.51975427E+3,
527.8500,1.49360803E+3,
528.00,1.53910681E+3,
528.1500,1.53292004E+3,
528.300,1.53203479E+3,
528.4500,1.51381885E+3,
528.600,1.66365271E+3,
528.7500,1.44518347E+3,
528.900,1.51503967E+3,
529.0500,1.50605115E+3,
529.200,1.53587927E+3,
529.3500,1.49868140E+3,
529.500,1.50840625E+3,
529.6500,1.44150049E+3,
529.800,1.48347876E+3,
529.9500,1.48511560E+3,
530.100,1.43411670E+3,
530.2500,1.40730396E+3,
530.400,1.48183057E+3,
530.5500,1.44417102E+3,
530.700,1.54192029E+3,
530.8500,1.46218518E+3,
531.00,1.49769031E+3,
531.1500,1.54417090E+3,
531.300,1.51181982E+3,
531.4500,1.32954797E+3,
531.600,1.47007544E+3,
531.7500,1.52898914E+3,
531.900,1.38302930E+3,
532.0500,1.46661548E+3,
532.200,1.40799072E+3,
532.3500,1.47948926E+3,
532.500,1.50035193E+3,
532.6500,1.38383350E+3,
532.800,1.55870569E+3,
532.9500,1.45437756E+3,
533.100,1.48222070E+3,
533.2500,1.37348596E+3,
533.400,1.44277075E+3,
533.5500,1.45548145E+3,
533.700,1.41696716E+3,
533.8500,1.42966614E+3,
534.00,1.44099963E+3,
534.1500,1.49407019E+3,
534.300,1.38445886E+3,
534.4500,1.40553516E+3,
534.600,1.43780945E+3,
534.7500,1.44641638E+3,
534.900,1.41590112E+3,
535.0500,1.32093787E+3,
535.200,1.40365833E+3,
535.3500,1.48515430E+3,
535.500,1.54295752E+3,
535.6500,1.33383521E+3,
535.800,1.34656104E+3,
535.9500,1.38043982E+3,
536.100,1.39324731E+3,
536.2500,1.34961536E+3,
536.400,1.37089331E+3,
536.5500,1.39504126E+3,
536.700,1.44331689E+3,
536.8500,1.37400159E+3,
537.00,1.39679749E+3,
537.1500,1.38985571E+3,
537.300,1.28045520E+3,
537.4500,1.38872632E+3,
537.600,1.49580945E+3,
537.7500,1.31476477E+3,
537.900,1.27622278E+3,
538.0500,1.36063513E+3,
538.200,1.35786682E+3,
538.3500,1.30489783E+3,
538.500,1.35085840E+3,
538.6500,1.26469836E+3,
538.800,1.25603308E+3,
538.9500,1.37697620E+3,
539.100,1.28190381E+3,
539.2500,1.32953418E+3,
539.400,1.35558862E+3,
539.5500,1.30212085E+3,
539.700,1.29053381E+3,
539.8500,1.31806567E+3,
540.00,1.24984656E+3,
540.1500,1.35448413E+3,
540.300,1.28621362E+3,
540.4500,1.22360767E+3,
540.600,1.34022925E+3,
540.7500,1.35053174E+3,
540.900,1.39008752E+3,
541.0500,1.37852002E+3,
541.200,1.30394470E+3,
541.3500,1.23065637E+3,
541.500,1.27320520E+3,
541.6500,1.31878882E+3,
541.800,1.30853821E+3,
541.9500,1.34688965E+3,
542.100,1.39122656E+3,
542.2500,1.31897681E+3,
542.400,1.31014075E+3,
542.5500,1.25094409E+3,
542.700,1.33981799E+3,
542.8500,1.42295398E+3,
543.00,1.28939404E+3,
543.1500,1.27152771E+3,
543.300,1.33996802E+3,
543.4500,1.18199756E+3,
543.600,1.17736353E+3,
543.7500,1.26384241E+3,
543.900,1.31910425E+3,
544.0500,1.33106030E+3,
544.200,1.24710144E+3,
544.3500,1.27249353E+3,
544.500,1.23334033E+3,
544.6500,1.24222107E+3,
544.800,1.41070459E+3,
544.9500,1.46349963E+3,
545.100,1.41232239E+3,
545.2500,1.54382056E+3,
545.400,1.49564734E+3,
545.5500,1.47461072E+3,
545.700,1.54749390E+3,
545.8500,1.59929004E+3,
546.00,1.53878650E+3,
546.1500,1.60145337E+3,
546.300,1.55158459E+3,
546.4500,1.46043213E+3,
546.600,1.31105920E+3,
546.7500,1.41498645E+3,
546.900,1.40441418E+3,
547.0500,1.35554712E+3,
547.200,1.32501855E+3,
547.3500,1.32972400E+3,
547.500,1.27601563E+3,
547.6500,1.30990796E+3,
547.800,1.33000623E+3,
547.9500,1.36712292E+3,
548.100,1.51247266E+3,
548.2500,1.43852771E+3,
548.400,1.56572656E+3,
548.5500,1.59709167E+3,
548.700,1.64871045E+3,
548.8500,1.78904431E+3,
549.00,1.65425989E+3,
549.1500,1.61104810E+3,
549.300,1.44137170E+3,
549.4500,1.49774512E+3,
549.600,1.60271790E+3,
549.7500,1.54512341E+3,
549.900,1.62687927E+3,
550.0500,1.60682288E+3,
550.200,1.66997607E+3,
550.3500,1.71754138E+3,
550.500,1.80772729E+3,
550.6500,1.92807117E+3,
550.800,1.94767212E+3,
550.9500,2.14271143E+3,
551.100,2.13095972E+3,
551.2500,2.26330664E+3,
551.400,2.10418823E+3,
551.5500,2.02565442E+3,
551.700,1.96759473E+3,
551.8500,1.92689563E+3,
552.00,1.90202551E+3,
552.1500,1.77509875E+3,
552.300,1.71492688E+3,
552.4500,1.74253284E+3,
552.600,1.67736536E+3,
552.7500,1.62645923E+3,
552.900,1.64441284E+3,
553.0500,1.64958435E+3,
553.200,1.66287048E+3,
553.3500,1.62948718E+3,
553.500,1.51863269E+3,
553.6500,1.46560925E+3,
553.800,1.49486877E+3,
553.9500,1.55817371E+3,
554.100,1.55683789E+3,
554.2500,1.55387671E+3,
554.400,1.69381335E+3,
554.5500,1.71050977E+3,
554.700,1.66049658E+3,
554.8500,1.64295251E+3,
555.00,1.62046338E+3,
555.1500,1.63711768E+3,
555.300,1.72250781E+3,
555.4500,1.80482251E+3,
555.600,1.82009753E+3,
555.7500,1.85510168E+3,
555.900,1.82936829E+3,
556.0500,1.63572498E+3,
556.200,1.89471570E+3,
556.3500,1.78976855E+3,
556.500,1.77704871E+3,
556.6500,1.74941089E+3,
556.800,1.81606055E+3,
556.9500,1.77347217E+3,
557.100,1.68267322E+3,
557.2500,1.61325818E+3,
557.400,1.67840930E+3,
557.5500,1.79034106E+3,
557.700,1.66409375E+3,
557.8500,1.77960254E+3,
558.00,1.75163904E+3,
558.1500,1.77721338E+3,
558.300,1.67382751E+3,
558.4500,1.72619617E+3,
558.600,1.75349109E+3,
558.7500,1.75057605E+3,
558.900,1.67019934E+3,
559.0500,1.72618335E+3,
559.200,1.82454004E+3,
559.3500,1.68316418E+3,
559.500,1.63787549E+3,
559.6500,1.72799805E+3,
559.800,1.74030908E+3,
559.9500,1.75774072E+3,
560.100,1.74120288E+3,
560.2500,1.75696582E+3,
560.400,1.73014734E+3,
560.5500,1.77664075E+3,
560.700,1.64553259E+3,
560.8500,1.62701184E+3,
561.00,1.54506128E+3,
561.1500,1.64982104E+3,
561.300,1.70503076E+3,
561.4500,1.61424402E+3,
561.600,1.55593408E+3,
561.7500,1.61810474E+3,
561.900,1.50961609E+3,
562.0500,1.43886902E+3,
562.200,1.49074756E+3,
562.3500,1.33323572E+3,
562.500,1.40416980E+3,
562.6500,1.49088879E+3,
562.800,1.43358057E+3,
562.9500,1.24913135E+3,
563.100,1.45273975E+3,
563.2500,1.33772266E+3,
563.400,1.37084570E+3,
563.5500,1.34459631E+3,
563.700,1.29901917E+3,
563.8500,1.24806274E+3,
564.00,1.25138184E+3,
564.1500,1.25130737E+3,
564.300,1.27234387E+3,
564.4500,1.29871960E+3,
564.600,1.17341028E+3,
564.7500,1.29335779E+3,
564.900,1.28800476E+3,
565.0500,1.25958850E+3,
565.200,1.27719067E+3,
565.3500,1.26641418E+3,
565.500,1.26805396E+3,
565.6500,1.30174744E+3,
565.800,1.23210327E+3,
565.9500,1.28368066E+3,
566.100,1.17263684E+3,
566.2500,1.28320605E+3,
566.400,1.24352161E+3,
566.5500,1.31855005E+3,
566.700,1.32011340E+3,
566.8500,1.29110583E+3,
567.00,1.24402173E+3,
567.1500,1.32118909E+3,
567.300,1.24334021E+3,
567.4500,1.36765234E+3,
567.600,1.33669482E+3,
567.7500,1.38533972E+3,
567.900,1.38151599E+3,
568.0500,1.41220422E+3,
568.200,1.35762268E+3,
568.3500,1.41208081E+3,
568.500,1.37921533E+3,
568.6500,1.48855164E+3,
568.800,1.47577893E+3,
568.9500,1.55989246E+3,
569.100,1.50876685E+3,
569.2500,1.53453320E+3,
569.400,1.63562415E+3,
569.5500,1.49618030E+3,
569.700,1.43919397E+3,
569.8500,1.51657605E+3,
570.00,1.49451514E+3,
570.1500,1.58869714E+3,
570.300,1.52218872E+3,
570.4500,1.51847583E+3,
570.600,1.49064563E+3,
570.7500,1.36435974E+3,
570.900,1.49238062E+3,
571.0500,1.51833325E+3,
571.200,1.47349719E+3,
571.3500,1.45466223E+3,
571.500,1.42084265E+3,
571.6500,1.48600903E+3,
571.800,1.41658276E+3,
571.9500,1.59054102E+3,
572.100,1.47610156E+3,
572.2500,1.40460352E+3,
572.400,1.49085388E+3,
572.5500,1.55094958E+3,
572.700,1.41708594E+3,
572.8500,1.43949304E+3,
573.00,1.45061511E+3,
573.1500,1.45240332E+3,
573.300,1.43714807E+3,
573.4500,1.35360242E+3,
573.600,1.46535303E+3,
573.7500,1.45954407E+3,
573.900,1.36428625E+3,
574.0500,1.49930896E+3,
574.200,1.39814563E+3,
574.3500,1.60038086E+3,
574.500,1.46275195E+3,
574.6500,1.52962610E+3,
574.800,1.48356714E+3,
574.9500,1.39133447E+3,
575.100,1.58709351E+3,
575.2500,1.49668835E+3,
575.400,1.57362915E+3,
575.5500,1.61218140E+3,
575.700,1.61606873E+3,
575.8500,1.53683411E+3,
576.00,1.55611108E+3,
576.1500,1.53089893E+3,
576.300,1.49979675E+3,
576.4500,1.50163806E+3,
576.600,1.53070776E+3,
576.7500,1.58515906E+3,
576.900,1.57539661E+3,
577.0500,1.53045337E+3,
577.200,1.53228064E+3,
577.3500,1.56345789E+3,
577.500,1.65347656E+3,
577.6500,1.52206384E+3,
577.800,1.55135925E+3,
577.9500,1.55319507E+3,
578.100,1.60025488E+3,
578.2500,1.54492358E+3,
578.400,1.62361255E+3,
578.5500,1.51287024E+3,
578.700,1.63519006E+3,
578.8500,1.66870313E+3,
579.00,1.63292615E+3,
579.1500,1.59905481E+3,
579.300,1.60283813E+3,
579.4500,1.61656726E+3,
579.600,1.66217200E+3,
579.7500,1.75370886E+3,
579.900,1.61800586E+3,
580.0500,1.72568665E+3,
580.200,1.63769055E+3,
580.3500,1.68761853E+3,
580.500,1.75970105E+3,
580.6500,1.77174890E+3,
580.800,1.67935913E+3,
580.9500,1.76373059E+3,
581.100,1.64096008E+3,
581.2500,1.81626318E+3,
581.400,1.84464648E+3,
581.5500,1.70942078E+3,
581.700,1.61230823E+3,
581.8500,1.80661096E+3,
582.00,1.79048071E+3,
582.1500,1.83324866E+3,
582.300,1.91879712E+3,
582.4500,1.83767102E+3,
582.600,1.79097998E+3,
582.7500,1.80332935E+3,
582.900,1.81161829E+3,
583.0500,1.89559216E+3,
583.200,1.70954138E+3,
583.3500,1.75876282E+3,
583.500,1.80194055E+3,
583.6500,1.95617737E+3,
583.800,1.77338318E+3,
583.9500,1.84555444E+3,
584.100,1.80448718E+3,
584.2500,1.75299902E+3,
584.400,1.91017664E+3,
584.5500,1.80486353E+3,
584.700,1.78632690E+3,
584.8500,1.77188794E+3,
585.00,2.01291772E+3,
585.1500,1.88221313E+3,
585.300,1.87196008E+3,
585.4500,1.87418689E+3,
585.600,1.95990015E+3,
585.7500,1.99774719E+3,
585.900,1.91014819E+3,
586.0500,1.87049243E+3,
586.200,1.86635315E+3,
586.3500,1.85170068E+3,
586.500,1.94630347E+3,
586.6500,1.95063538E+3,
586.800,1.96339587E+3,
586.9500,2.00781641E+3,
587.100,1.95308289E+3,
587.2500,2.01024707E+3,
587.400,2.02521057E+3,
587.5500,1.88977979E+3,
587.700,1.95129016E+3,
587.8500,2.09574170E+3,
588.00,2.07470435E+3,
588.1500,1.97703503E+3,
588.300,2.00909900E+3,
588.4500,2.11588452E+3,
588.600,2.12894775E+3,
588.7500,1.86412512E+3,
588.900,1.99891150E+3,
589.0500,1.90905908E+3,
589.200,1.99711133E+3,
589.3500,1.99730957E+3,
589.500,1.93514661E+3,
589.6500,1.90297034E+3,
589.800,1.91165930E+3,
589.9500,2.09298120E+3,
590.100,1.98754138E+3,
590.2500,2.12849146E+3,
590.400,2.02072046E+3,
590.5500,1.94086023E+3,
590.700,2.01495483E+3,
590.8500,2.08487988E+3,
591.00,2.03307581E+3,
591.1500,2.17083081E+3,
591.300,1.95757202E+3,
591.4500,2.08682935E+3,
591.600,1.93853918E+3,
591.7500,2.23239673E+3,
591.900,2.04880151E+3,
592.0500,2.10848291E+3,
592.200,2.20340771E+3,
592.3500,2.10480688E+3,
592.500,1.99934644E+3,
592.6500,2.14743188E+3,
592.800,2.13455908E+3,
592.9500,2.08625293E+3,
593.100,2.11535742E+3,
593.2500,2.10682935E+3,
593.400,2.02944238E+3,
593.5500,2.20306689E+3,
593.700,2.23020532E+3,
593.8500,2.22174585E+3,
594.00,2.22218335E+3,
594.1500,2.25188721E+3,
594.300,2.06020337E+3,
594.4500,2.09647729E+3,
594.600,2.13283740E+3,
594.7500,2.14682739E+3,
594.900,2.16984204E+3,
595.0500,2.02183447E+3,
595.200,2.15081152E+3,
595.3500,2.12661328E+3,
595.500,2.05034863E+3,
595.6500,2.04630835E+3,
595.800,2.15784668E+3,
595.9500,2.10399170E+3,
596.100,1.93861084E+3,
596.2500,2.07317236E+3,
596.400,1.96653918E+3,
596.5500,2.10147876E+3,
596.700,2.05170532E+3,
596.8500,2.22370435E+3,
597.00,2.05940527E+3,
597.1500,2.09878613E+3,
597.300,2.13136938E+3,
597.4500,2.32041309E+3,
597.600,2.16913867E+3,
597.7500,2.26417236E+3,
597.900,2.34097559E+3,
598.0500,2.14056665E+3,
598.200,2.34236768E+3,
598.3500,2.21558398E+3,
598.500,2.01885242E+3,
598.6500,2.10740015E+3,
598.800,2.10776025E+3,
598.9500,2.26185645E+3,
599.100,2.30210742E+3,
599.2500,2.36817358E+3,
599.400,2.35723413E+3,
599.5500,2.29708228E+3,
599.700,2.33993164E+3,
599.8500,2.37818750E+3,
600.00,2.44709399E+3,
600.1500,2.27402686E+3,
600.300,2.22775610E+3,
600.4500,2.33951855E+3,
600.600,2.35229565E+3,
600.7500,2.23252197E+3,
600.900,2.22145923E+3,
601.0500,2.34103467E+3,
601.200,2.30422144E+3,
601.3500,2.36016626E+3,
601.500,2.23737866E+3,
601.6500,2.28143091E+3,
601.800,2.39259912E+3,
601.9500,2.31000415E+3,
602.100,2.44557202E+3,
602.2500,2.41811548E+3,
602.400,2.34241675E+3,
602.5500,2.41355078E+3,
602.700,2.57666260E+3,
602.8500,2.60482568E+3,
603.00,2.77113794E+3,
603.1500,2.75348901E+3,
603.300,2.99088379E+3,
603.4500,3.28252026E+3,
603.600,3.51165869E+3,
603.7500,3.70730469E+3,
603.900,4.10395801E+3,
604.0500,4.24960742E+3,
604.200,4.55741064E+3,
604.3500,4.88574268E+3,
604.500,4.91751221E+3,
604.6500,4.72774609E+3,
604.800,4.46342041E+3,
604.9500,4.40081299E+3,
605.100,4.40233643E+3,
605.2500,4.14379102E+3,
605.400,4.33096289E+3,
605.5500,4.67516455E+3,
605.700,5.28407031E+3,
605.8500,6.14388379E+3,
606.00,7.26318750E+3,
606.1500,1.00630635E+4,
606.300,1.19754756E+4,
606.4500,1.47058096E+4,
606.600,1.64528223E+4,
606.7500,1.68750996E+4,
606.900,1.71651484E+4,
607.0500,1.49015508E+4,
607.200,1.25681094E+4,
607.3500,1.05663545E+4,
607.500,8.47982324E+3,
607.6500,7.19880371E+3,
607.800,6.75499121E+3,
607.9500,6.39633105E+3,
608.100,6.70948828E+3,
608.2500,7.06440820E+3,
608.400,7.74257129E+3,
608.5500,8.33057227E+3,
608.700,8.09961182E+3,
608.8500,8.52549609E+3,
609.00,8.63364160E+3,
609.1500,8.83269824E+3,
609.300,9.25426953E+3,
609.4500,9.50654688E+3,
609.600,9.49810645E+3,
609.7500,9.88888867E+3,
609.900,9.75110547E+3,
610.0500,1.05025449E+4,
610.200,1.06601914E+4,
610.3500,1.10583535E+4,
610.500,1.17687656E+4,
610.6500,1.27536797E+4,
610.800,1.35660225E+4,
610.9500,1.54209111E+4,
611.100,1.66634375E+4,
611.2500,2.01650059E+4,
611.400,2.23820410E+4,
611.5500,2.42703711E+4,
611.700,2.69217344E+4,
611.8500,2.71872129E+4,
612.00,2.58946035E+4,
612.1500,2.49882148E+4,
612.300,2.32237578E+4,
612.4500,2.18912832E+4,
612.600,1.93280176E+4,
612.7500,1.76024102E+4,
612.900,1.58981777E+4,
613.0500,1.45350801E+4,
613.200,1.28883760E+4,
613.3500,1.14895283E+4,
613.500,1.10303281E+4,
613.6500,1.10046289E+4,
613.800,1.05674551E+4,
613.9500,1.06384258E+4,
614.100,1.02866318E+4,
614.2500,9.84688867E+3,
614.400,9.85781738E+3,
614.5500,1.03980410E+4,
614.700,1.00026279E+4,
614.8500,1.03915117E+4,
615.00,1.07158340E+4,
615.1500,1.06708506E+4,
615.300,1.07439629E+4,
615.4500,1.05113779E+4,
615.600,1.08273232E+4,
615.7500,1.06686553E+4,
615.900,1.11382051E+4,
616.0500,1.10044355E+4,
616.200,1.15039531E+4,
616.3500,1.21109072E+4,
616.500,1.23712686E+4,
616.6500,1.19871523E+4,
616.800,1.18451240E+4,
616.9500,1.16437129E+4,
617.100,1.14531201E+4,
617.2500,1.12254189E+4,
617.400,1.10109775E+4,
617.5500,1.11541768E+4,
617.700,1.12639121E+4,
617.8500,1.13853008E+4,
618.00,1.09736934E+4,
618.1500,1.02799658E+4,
618.300,1.02841045E+4,
618.4500,1.03281621E+4,
618.600,9.71512109E+3,
618.7500,9.83550977E+3,
618.900,9.46593359E+3,
619.0500,9.75010938E+3,
619.200,1.04816768E+4,
619.3500,1.04835195E+4,
619.500,1.17938184E+4,
619.6500,1.23014951E+4,
619.800,1.33849668E+4,
619.9500,1.41644902E+4,
620.100,1.44522090E+4,
620.2500,1.48721240E+4,
620.400,1.60002266E+4,
620.5500,1.63512168E+4,
620.700,1.69056758E+4,
620.8500,1.69452852E+4,
621.00,1.66760938E+4,
621.1500,1.62875420E+4,
621.300,1.62133828E+4,
621.4500,1.58047188E+4,
621.600,1.51160117E+4,
621.7500,1.42407510E+4,
621.900,1.37993916E+4,
622.0500,1.30465068E+4,
622.200,1.22340488E+4,
622.3500,1.18371426E+4,
622.500,1.12621123E+4,
622.6500,1.05740254E+4,
622.800,1.03672578E+4,
622.9500,1.01115684E+4,
623.100,9.71030957E+3,
623.2500,9.34994043E+3,
623.400,9.23944531E+3,
623.5500,9.04058496E+3,
623.700,8.54639453E+3,
623.8500,8.80494238E+3,
624.00,8.77177441E+3,
624.1500,8.84271875E+3,
624.300,8.52844141E+3,
624.4500,8.67880273E+3,
624.600,8.45511621E+3,
624.7500,8.77805176E+3,
624.900,8.64301855E+3,
625.0500,8.71752148E+3,
625.200,9.20085449E+3,
625.3500,8.94540820E+3,
625.500,9.12356445E+3,
625.6500,9.33034668E+3,
625.800,9.65313965E+3,
625.9500,9.31842090E+3,
626.100,9.23277637E+3,
626.2500,9.07791113E+3,
626.400,8.86905371E+3,
626.5500,8.80404395E+3,
626.700,8.54652539E+3,
626.8500,8.20589844E+3,
627.00,8.18660254E+3,
627.1500,7.57772119E+3,
627.300,7.32847217E+3,
627.4500,6.46746240E+3,
627.600,6.29479736E+3,
627.7500,6.72497607E+3,
627.900,6.11699365E+3,
628.0500,5.80481250E+3,
628.200,5.79659033E+3,
628.3500,5.78830566E+3,
628.500,5.32220996E+3,
628.6500,5.32909424E+3,
628.800,5.18712305E+3,
628.9500,5.28774902E+3,
629.100,5.08024316E+3,
629.2500,4.89474414E+3,
629.400,4.71829590E+3,
629.5500,4.92011182E+3,
629.700,4.53677197E+3,
629.8500,4.85704199E+3,
630.00,4.63306738E+3,
630.1500,4.76388770E+3,
630.300,4.53233789E+3,
630.4500,4.39902588E+3,
630.600,4.57645068E+3,
630.7500,4.50238330E+3,
630.900,4.55101221E+3,
631.0500,4.87631982E+3,
631.200,5.10957080E+3,
631.3500,4.97922119E+3,
631.500,5.40118506E+3,
631.6500,5.28428125E+3,
631.800,5.53690820E+3,
631.9500,5.76355420E+3,
632.100,5.42711572E+3,
632.2500,5.97929297E+3,
632.400,5.79788574E+3,
632.5500,6.05057471E+3,
632.700,5.98427051E+3,
632.8500,6.10867480E+3,
633.00,6.52744873E+3,
633.1500,6.33821387E+3,
633.300,6.15849023E+3,
633.4500,6.39055957E+3,
633.600,6.19640479E+3,
633.7500,6.40524023E+3,
633.900,6.37627930E+3,
634.0500,6.32293457E+3,
634.200,6.23469189E+3,
634.3500,6.21215625E+3,
634.500,5.86887598E+3,
634.6500,6.33784424E+3,
634.800,5.99340186E+3,
634.9500,5.86143213E+3,
635.100,6.17875879E+3,
635.2500,5.86742090E+3,
635.400,5.94275635E+3,
635.5500,6.12084521E+3,
635.700,6.16153223E+3,
635.8500,5.73398145E+3,
636.00,5.95531592E+3,
636.1500,6.14579639E+3,
636.300,5.94788232E+3,
636.4500,5.74555127E+3,
636.600,5.44555518E+3,
636.7500,5.30594775E+3,
636.900,4.97135156E+3,
637.0500,5.21605469E+3,
637.200,4.73149414E+3,
637.3500,4.87514990E+3,
637.500,4.63828955E+3,
637.6500,4.87685645E+3,
637.800,4.67542725E+3,
637.9500,4.43299414E+3,
638.100,4.67603369E+3,
638.2500,4.57532373E+3,
638.400,4.49623779E+3,
638.5500,4.58612207E+3,
638.700,4.72429346E+3,
638.8500,4.74843555E+3,
639.00,4.63935742E+3,
639.1500,5.13857422E+3,
639.300,5.11559863E+3,
639.4500,4.76468701E+3,
639.600,5.10663916E+3,
639.7500,4.97117529E+3,
639.900,5.34489160E+3,
640.0500,5.40101563E+3,
640.200,5.20549365E+3,
640.3500,5.60130225E+3,
640.500,6.02900830E+3,
640.6500,5.78804004E+3,
640.800,5.98255322E+3,
640.9500,6.17407227E+3,
641.100,6.24437305E+3,
641.2500,6.08190283E+3,
641.400,6.18670703E+3,
641.5500,5.64737842E+3,
641.700,5.34411182E+3,
641.8500,5.19749170E+3,
642.00,4.95755908E+3,
642.1500,4.29475781E+3,
642.300,4.28052246E+3,
642.4500,3.74945142E+3,
642.600,3.59769702E+3,
642.7500,3.69500269E+3,
642.900,3.24139307E+3,
643.0500,3.09537915E+3,
643.200,2.97620166E+3,
643.3500,3.13980078E+3,
643.500,2.97287231E+3,
643.6500,2.74201953E+3,
643.800,2.64875928E+3,
643.9500,2.56700439E+3,
644.100,2.64392651E+3,
644.2500,2.68928442E+3,
644.400,2.63900391E+3,
644.5500,2.54848901E+3,
644.700,2.47763452E+3,
644.8500,2.32612109E+3,
645.00,2.28668848E+3,
645.1500,2.19478149E+3,
645.300,2.38548901E+3,
645.4500,2.47166113E+3,
645.600,2.15212891E+3,
645.7500,2.45382202E+3,
645.900,2.34083789E+3,
646.0500,2.14156079E+3,
646.200,2.45346655E+3,
646.3500,2.34802734E+3,
646.500,2.21331494E+3,
646.6500,2.39959668E+3,
646.800,2.59907886E+3,
646.9500,2.51369043E+3,
647.100,2.44446143E+3,
647.2500,2.81576733E+3,
647.400,2.66764868E+3,
647.5500,2.71102295E+3,
647.700,2.57875317E+3,
647.8500,2.52141162E+3,
648.00,2.69085034E+3,
648.1500,2.41849316E+3,
648.300,2.51230615E+3,
648.4500,2.44995142E+3,
648.600,2.46364429E+3,
648.7500,2.40514502E+3,
648.900,2.30380322E+3,
649.0500,2.18922705E+3,
649.200,2.37782544E+3,
649.3500,2.31435669E+3,
649.500,2.25060449E+3,
649.6500,2.23822119E+3,
649.800,2.06617065E+3,
649.9500,2.31268384E+3,
650.100,2.32210938E+3,
650.2500,2.65727759E+3,
650.400,2.49784448E+3,
650.5500,2.99188574E+3,
650.700,3.25645776E+3,
650.8500,3.60104834E+3,
651.00,3.66177100E+3,
651.1500,4.51502295E+3,
651.300,5.69410645E+3,
651.4500,6.56909961E+3,
651.600,7.17776953E+3,
651.7500,7.59822412E+3,
651.900,7.36182959E+3,
652.0500,7.90491309E+3,
652.200,6.86304248E+3,
652.3500,6.60063672E+3,
652.500,5.44776953E+3,
652.6500,4.98738770E+3,
652.800,4.06925269E+3,
652.9500,3.59460254E+3,
653.100,3.34889990E+3,
653.2500,3.07027832E+3,
653.400,3.04075415E+3,
653.5500,2.88789771E+3,
653.700,2.78464258E+3,
653.8500,2.98795239E+3,
654.00,3.10948682E+3,
654.1500,2.93244702E+3,
654.300,2.76842139E+3,
654.4500,2.98747681E+3,
654.600,3.43000439E+3,
654.7500,3.19161694E+3,
654.900,3.25013257E+3,
655.0500,3.07556226E+3,
655.200,2.99844531E+3,
655.3500,3.22571069E+3,
655.500,3.26133618E+3,
655.6500,3.21233008E+3,
655.800,2.88925781E+3,
655.9500,2.97162988E+3,
656.100,3.06383765E+3,
656.2500,2.79041626E+3,
656.400,2.71107373E+3,
656.5500,2.63134766E+3,
656.700,2.66612427E+3,
656.8500,2.54272559E+3,
657.00,2.53896191E+3,
657.1500,2.69429150E+3,
657.300,2.45901099E+3,
657.4500,2.84244287E+3,
657.600,2.74228711E+3,
657.7500,2.79732837E+3,
657.900,2.45763794E+3,
658.0500,2.83973877E+3,
658.200,2.73865576E+3,
658.3500,2.93663550E+3,
658.500,2.68268066E+3,
658.6500,2.74822241E+3,
658.800,2.80416431E+3,
658.9500,2.79591748E+3,
659.100,2.73790796E+3,
659.2500,2.46045361E+3,
659.400,2.34642969E+3,
659.5500,2.34194434E+3,
659.700,2.50295703E+3,
659.8500,2.18205005E+3,
660.00,2.18215283E+3,
660.1500,2.20756592E+3,
660.300,2.23308521E+3,
660.4500,1.96432520E+3,
660.600,2.19288184E+3,
660.7500,2.47862109E+3,
660.900,2.33117749E+3,
661.0500,2.39316040E+3,
661.200,2.51203662E+3,
661.3500,2.56453516E+3,
661.500,2.96315112E+3,
661.6500,3.00146509E+3,
661.800,3.07107227E+3,
661.9500,3.29702197E+3,
662.100,3.32079150E+3,
662.2500,3.28719482E+3,
662.400,3.29532959E+3,
662.5500,3.15642749E+3,
662.700,3.04315112E+3,
662.8500,3.00846460E+3,
663.00,2.86247852E+3,
663.1500,2.52471265E+3,
663.300,2.54151392E+3,
663.4500,2.30788062E+3,
663.600,2.42572852E+3,
663.7500,2.36203418E+3,
663.900,1.92217395E+3,
664.0500,1.81919482E+3,
664.200,1.78577649E+3,
664.3500,1.63321130E+3,
664.500,1.61001062E+3,
664.6500,1.70080359E+3,
664.800,1.60137927E+3,
664.9500,1.48509448E+3,
665.100,1.40106226E+3,
665.2500,1.50313330E+3,
665.400,1.47371021E+3,
665.5500,1.17405042E+3,
665.700,1.34811816E+3,
665.8500,1.18517603E+3,
666.00,1.37674048E+3,
666.1500,1.36889868E+3,
666.300,1.48930200E+3,
666.4500,1.35867126E+3,
666.600,1.22180286E+3,
666.7500,1.21348706E+3,
666.900,1.29522998E+3,
667.0500,1.11205408E+3,
667.200,1.13171851E+3,
667.3500,1.08907654E+3,
667.500,1.19405823E+3,
667.6500,1.05445435E+3,
667.800,1.21698511E+3,
667.9500,1.03092944E+3,
668.100,1.13683838E+3,
668.2500,1.15696533E+3,
668.400,1.22335327E+3,
668.5500,1.14544055E+3,
668.700,1.03233411E+3,
668.8500,1.27331934E+3,
669.00,1.15412219E+3,
669.1500,9.64284241E+2,
669.300,1.15430798E+3,
669.4500,1.09270850E+3,
669.600,9.83657654E+2,
669.7500,1.11615918E+3,
669.900,8.40795898E+2,
670.0500,1.08045532E+3,
670.200,1.05349976E+3,
670.3500,9.18983826E+2,
670.500,8.85473083E+2,
670.6500,1.08572510E+3,
670.800,1.07651929E+3,
670.9500,1.05520251E+3,
671.100,8.82552917E+2,
671.2500,9.21091248E+2,
671.400,9.71966003E+2,
671.5500,8.70840820E+2,
671.700,8.48575684E+2,
671.8500,1.05263367E+3,
672.00,8.34375122E+2,
672.1500,9.90113953E+2,
672.300,9.43163696E+2,
672.4500,9.70136597E+2,
672.600,9.10517212E+2,
672.7500,8.25772461E+2,
672.900,1.11403955E+3,
673.0500,8.98371521E+2,
673.200,9.25587036E+2,
673.3500,1.07204736E+3,
673.500,8.17003357E+2,
673.6500,7.24505920E+2,
673.800,8.52591553E+2,
673.9500,9.11662781E+2,
674.100,1.06627930E+3,
674.2500,1.07535425E+3,
674.400,8.48439148E+2,
674.5500,8.63389526E+2,
674.700,9.74590027E+2,
674.8500,8.87080566E+2,
675.00,9.86010559E+2,
675.1500,1.02733459E+3,
675.300,9.39306396E+2,
675.4500,8.63807312E+2,
675.600,9.31166870E+2,
675.7500,8.61771912E+2,
675.900,9.16377563E+2,
676.0500,8.85957886E+2,
676.200,8.09336060E+2,
676.3500,1.00279492E+3,
676.500,8.13615417E+2,
676.6500,8.62192322E+2,
676.800,9.97467163E+2,
676.9500,8.06753540E+2,
677.100,8.35632080E+2,
677.2500,8.24443848E+2,
677.400,7.05662964E+2,
677.5500,8.55782959E+2,
677.700,7.63469910E+2,
677.8500,9.95828918E+2,
678.00,8.21878296E+2,
678.1500,8.71689453E+2,
678.300,8.32992615E+2,
678.4500,7.39326355E+2,
678.600,7.00073975E+2,
678.7500,8.25766052E+2,
678.900,9.17615234E+2,
679.0500,7.67815552E+2,
679.200,7.97521179E+2,
679.3500,6.81367004E+2,
679.500,6.34318909E+2,
679.6500,7.47760254E+2,
679.800,7.98721863E+2,
679.9500,6.67310791E+2,
680.100,7.20784973E+2,
680.2500,7.36949707E+2,
680.400,5.82664795E+2,
680.5500,8.26538696E+2,
680.700,8.21684753E+2,
680.8500,5.73191895E+2,
681.00,7.25663208E+2,
681.1500,6.05175293E+2,
681.300,5.99608948E+2,
681.4500,6.37474243E+2,
681.600,7.91766052E+2,
681.7500,7.57521729E+2,
681.900,7.01173767E+2,
682.0500,8.42243896E+2,
682.200,7.41710571E+2,
682.3500,7.43717346E+2,
682.500,7.16197266E+2,
682.6500,6.14489807E+2,
682.800,8.61132874E+2,
682.9500,8.26252075E+2,
683.100,7.38913513E+2,
683.2500,7.63349854E+2,
683.400,6.75355408E+2,
683.5500,7.14792053E+2,
683.700,7.09172668E+2,
683.8500,6.73259705E+2,
684.00,7.28170532E+2,
684.1500,6.61687927E+2,
684.300,7.16859192E+2,
684.4500,7.95267334E+2,
684.600,8.35757935E+2,
684.7500,6.07373962E+2,
684.900,6.39858032E+2,
685.0500,5.10181732E+2,
685.200,4.96062469E+2,
685.3500,6.68391296E+2,
685.500,6.77997742E+2,
685.6500,5.78254150E+2,
685.800,5.48482971E+2,
685.9500,7.07110840E+2,
686.100,6.93272644E+2,
686.2500,7.03050903E+2,
686.400,7.52483887E+2,
686.5500,6.67159180E+2,
686.700,7.08791809E+2,
686.8500,5.66977661E+2,
687.00,5.52505371E+2,
687.1500,8.18990051E+2,
687.300,6.92417358E+2,
687.4500,5.00557617E+2,
687.600,6.96232361E+2,
687.7500,7.46857788E+2,
687.900,8.38461487E+2,
688.0500,6.61189758E+2,
688.200,6.46642456E+2,
688.3500,6.64842468E+2,
688.500,9.13595947E+2,
688.6500,6.93281250E+2,
688.800,6.45540894E+2,
688.9500,5.31141235E+2,
689.100,6.49097412E+2,
689.2500,8.17747742E+2,
689.400,7.19566772E+2,
689.5500,7.04743774E+2,
689.700,8.41265686E+2,
689.8500,8.26686584E+2,
690.00,8.03564941E+2,
690.1500,5.68253967E+2,
690.300,6.63334412E+2,
690.4500,6.39545105E+2,
690.600,4.78817963E+2,
690.7500,5.91568237E+2,
690.900,4.55623749E+2,
691.0500,5.94780701E+2,
691.200,5.44543823E+2,
691.3500,5.02695740E+2,
691.500,4.95379364E+2,
691.6500,5.83882080E+2,
691.800,6.55388672E+2,
691.9500,4.73173706E+2,
692.100,6.32632263E+2,
692.2500,5.99131165E+2,
692.400,7.50978455E+2,
692.5500,5.58141968E+2,
692.700,7.72895630E+2,
692.8500,5.70137512E+2,
693.00,5.71713806E+2,
693.1500,5.91193665E+2,
693.300,6.64667786E+2,
693.4500,7.20529663E+2,
693.600,6.41223999E+2,
693.7500,6.15815674E+2,
693.900,7.08318176E+2,
694.0500,6.64735901E+2,
694.200,6.30044067E+2,
694.3500,6.04312927E+2,
694.500,8.44700745E+2,
694.6500,8.28621521E+2,
694.800,7.10890930E+2,
694.9500,5.92506104E+2,
695.100,8.26263184E+2,
695.2500,7.07564087E+2,
695.400,8.02926880E+2,
695.5500,6.08578308E+2,
695.700,6.94804077E+2,
695.8500,7.25019470E+2,
696.00,6.60976868E+2,
696.1500,8.52223938E+2,
696.300,7.02693665E+2,
696.4500,7.33246948E+2,
696.600,6.30273804E+2,
696.7500,7.75706177E+2,
696.900,6.14639893E+2,
697.0500,4.91166718E+2,
697.200,7.04985718E+2,
697.3500,5.81042542E+2,
697.500,7.08891541E+2,
697.6500,6.81642578E+2,
697.800,8.10473022E+2,
697.9500,9.59600220E+2,
698.100,6.38237976E+2,
698.2500,9.84635986E+2,
698.400,9.97252380E+2,
698.5500,1.04953662E+3,
698.700,8.83673279E+2,
698.8500,9.55836426E+2,
699.00,1.09828943E+3,
699.1500,1.02129944E+3,
699.300,1.06435815E+3,
699.4500,9.16335449E+2,
699.600,8.98741577E+2,
699.7500,9.31677551E+2,
699.900,7.61681946E+2,
700.0500,9.57339478E+2,
700.200,8.47668518E+2,
700.3500,7.47620422E+2,
700.500,7.59978882E+2,
700.6500,6.90013733E+2,
700.800,7.22926331E+2,
700.9500,6.00674622E+2,
701.100,6.23085266E+2,
701.2500,7.08068726E+2,
701.400,7.41304565E+2,
701.5500,9.73627686E+2,
701.700,5.66862122E+2,
701.8500,5.47344971E+2,
702.00,7.70469910E+2,
702.1500,7.83139221E+2,
702.300,8.70152893E+2,
702.4500,6.06502869E+2,
702.600,8.96218994E+2,
702.7500,7.38179077E+2,
702.900,7.83095459E+2,
703.0500,6.34658386E+2,
703.200,9.60086182E+2,
703.3500,9.62815552E+2,
703.500,8.89612427E+2,
703.6500,8.37748230E+2,
703.800,9.60154968E+2,
703.9500,8.42534058E+2,
704.100,8.66948914E+2,
704.2500,9.02540588E+2,
704.400,8.83143738E+2,
704.5500,9.63273071E+2,
704.700,1.02166687E+3,
704.8500,9.02191223E+2,
705.00,1.02776782E+3,
705.1500,1.21009412E+3,
705.300,1.23616565E+3,
705.4500,9.91876831E+2,
705.600,1.10788086E+3,
705.7500,8.50396790E+2,
705.900,1.10313184E+3,
706.0500,1.01515417E+3,
706.200,7.55015564E+2,
706.3500,8.94905579E+2,
706.500,9.66571350E+2,
706.6500,1.35025073E+3,
706.800,1.11115332E+3,
706.9500,1.34659619E+3,
707.100,1.33890381E+3,
707.2500,1.20270605E+3,
707.400,1.44045618E+3,
707.5500,1.91450037E+3,
707.700,1.22511426E+3,
707.8500,1.53589929E+3,
708.00,1.30343591E+3,
708.1500,1.58052466E+3,
708.300,1.22755151E+3,
708.4500,1.45820178E+3,
708.600,1.60626990E+3,
708.7500,1.04590015E+3,
708.900,1.20567444E+3,
709.0500,1.23330347E+3,
709.200,9.45729248E+2,
709.3500,9.96986328E+2,
709.500,1.08509924E+3,
709.6500,9.41403809E+2,
709.800,1.21374219E+3,
709.9500,1.15565186E+3,
710.100,9.12262146E+2,
710.2500,8.52936890E+2,
710.400,9.91605530E+2,
710.5500,7.45730042E+2,
710.700,6.97913879E+2,
710.8500,1.07472217E+3,
711.00,8.77163879E+2,
711.1500,9.67567932E+2,
711.300,8.19053467E+2,
711.4500,7.58159302E+2,
711.600,7.85618835E+2,
711.7500,8.13227844E+2,
711.900,6.75339050E+2,
712.0500,7.53907349E+2,
712.200,9.22641113E+2,
712.3500,7.83908020E+2,
712.500,6.18604065E+2,
712.6500,1.07272314E+3,
712.800,8.03600220E+2,
712.9500,7.92899658E+2,
713.100,9.64585938E+2,
713.2500,9.54209839E+2,
713.400,7.34044678E+2,
713.5500,1.22245105E+3,
713.700,6.72254944E+2,
713.8500,7.53451172E+2,
714.00,1.07370007E+3,
714.1500,9.03872131E+2,
714.300,9.86349243E+2,
714.4500,8.68788879E+2,
714.600,8.30989868E+2,
714.7500,7.52655579E+2,
714.900,6.87360168E+2,
715.0500,7.43354431E+2,
715.200,7.99706604E+2,
715.3500,7.88412354E+2,
715.500,7.63416443E+2,
715.6500,9.84364197E+2,
715.800,6.58135498E+2,
715.9500,6.73786255E+2,
716.100,3.86145905E+2,
716.2500,8.57552795E+2,
716.400,5.54889832E+2,
716.5500,5.14786438E+2,
716.700,4.74443420E+2,
716.8500,6.85777222E+2,
717.00,5.61474426E+2,
717.1500,6.89807861E+2,
717.300,6.07104431E+2,
717.4500,5.52234924E+2,
717.600,5.25444336E+2,
717.7500,7.26377502E+2,
717.900,7.42787415E+2,
718.0500,6.44665649E+2,
718.200,7.90185059E+2,
718.3500,5.18697144E+2,
718.500,5.77986938E+2,
718.6500,6.08633545E+2,
718.800,8.57448181E+2,
718.9500,6.99596924E+2,
719.100,9.64696716E+2,
719.2500,9.38128967E+2,
719.400,6.90904236E+2,
719.5500,7.51845215E+2,
719.700,7.24425903E+2,
719.8500,6.96845764E+2,
720.00,8.47531433E+2,
720.1500,8.49940491E+2,
720.300,8.67311707E+2,
720.4500,7.04822815E+2,
720.600,6.16597839E+2,
720.7500,8.14421753E+2,
720.900,7.71373962E+2,
721.0500,6.37052856E+2,
721.200,1.04951929E+3,
721.3500,8.08413513E+2,
721.500,9.78938354E+2,
721.6500,1.01236871E+3,
721.800,9.99834778E+2,
721.9500,1.07977759E+3,
722.100,8.81682922E+2,
722.2500,1.02370142E+3,
722.400,9.95411743E+2,
722.5500,9.82556152E+2,
722.700,1.00090320E+3,
722.8500,7.68430603E+2,
723.00,9.43533813E+2,
723.1500,6.30782593E+2,
723.300,6.32548462E+2,
723.4500,7.77043701E+2,
723.600,5.88393433E+2,
723.7500,6.37887573E+2,
723.900,8.47578186E+2,
724.0500,7.69799316E+2,
724.200,5.62939575E+2,
724.3500,7.09749756E+2,
724.500,6.30924561E+2,
724.6500,8.43681335E+2,
724.800,7.15963684E+2,
724.9500,8.81245056E+2,
725.100,1.01472736E+3,
725.2500,1.14896350E+3,
725.400,1.21812634E+3,
725.5500,1.53531287E+3,
725.700,1.22518127E+3,
725.8500,1.41137915E+3,
726.00,1.48208276E+3,
726.1500,9.85254700E+2,
726.300,9.54522705E+2,
726.4500,7.72476685E+2,
726.600,5.38883667E+2,
726.7500,6.24835327E+2,
726.900,7.79008484E+2,
727.0500,6.96272644E+2,
727.200,7.66301819E+2,
727.3500,4.95197418E+2,
727.500,5.82175110E+2,
727.6500,7.38310608E+2,
727.800,4.82087067E+2,
727.9500,7.07863037E+2,
728.100,4.32807190E+2,
728.2500,5.55507324E+2,
728.400,5.74434753E+2,
728.5500,7.15645874E+2,
728.700,6.65099792E+2,
728.8500,5.96722290E+2,
729.00,6.51157898E+2,
729.1500,3.88258240E+2,
729.300,5.48622681E+2,
729.4500,3.90436279E+2,
729.600,5.16109985E+2,
729.7500,4.99712646E+2,
729.900,6.44294983E+2,
730.0500,5.56378235E+2,
730.200,6.65960999E+2,
730.3500,4.15159363E+2,
730.500,5.24960327E+2,
730.6500,6.71697266E+2,
730.800,4.91563751E+2,
730.9500,5.47750793E+2,
731.100,5.12675659E+2,
731.2500,3.85581360E+2,
731.400,4.05072998E+2,
731.5500,5.72383484E+2,
731.700,5.73988281E+2,
731.8500,6.12735046E+2,
732.00,5.02737518E+2,
732.1500,4.66780457E+2,
732.300,7.86353699E+2,
732.4500,6.57103821E+2,
732.600,7.34224792E+2,
732.7500,4.34202271E+2,
732.900,6.81503784E+2,
733.0500,8.92223206E+2,
733.200,8.18597473E+2,
733.3500,9.73643005E+2,
733.500,1.07212817E+3,
733.6500,1.43996167E+3,
733.800,1.71360828E+3,
733.9500,1.77640796E+3,
734.100,1.52976892E+3,
734.2500,2.29155664E+3,
734.400,2.16183960E+3,
734.5500,2.20714990E+3,
734.700,2.19394556E+3,
734.8500,2.12171753E+3,
735.00,1.87173718E+3,
735.1500,1.48189771E+3,
735.300,1.38704858E+3,
735.4500,1.37113684E+3,
735.600,1.25548584E+3,
735.7500,1.35900574E+3,
735.900,1.48315710E+3,
736.0500,1.26626172E+3,
736.200,9.87585876E+2,
736.3500,1.31367908E+3,
736.500,1.03358118E+3,
736.6500,1.30063293E+3,
736.800,1.22272034E+3,
736.9500,1.41002710E+3,
737.100,1.35233215E+3,
737.2500,1.66404614E+3,
737.400,1.54484204E+3,
737.5500,1.61087024E+3,
737.700,2.31914697E+3,
737.8500,2.36679419E+3,
738.00,2.24815332E+3,
738.1500,2.37909399E+3,
738.300,3.09651807E+3,
738.4500,3.96442188E+3,
738.600,4.03762964E+3,
738.7500,4.32202490E+3,
738.900,4.71354736E+3,
739.0500,4.40782861E+3,
739.200,4.63184229E+3,
739.3500,4.85700977E+3,
739.500,4.33578955E+3,
739.6500,4.49708496E+3,
739.800,3.34947510E+3,
739.9500,3.05690479E+3,
740.100,2.71984131E+3,
740.2500,2.40267603E+3,
740.400,1.93180530E+3,
740.5500,1.56713989E+3,
740.700,1.33139978E+3,
740.8500,1.20377710E+3,
741.00,1.33881128E+3,
741.1500,7.92314270E+2,
741.300,8.60727844E+2,
741.4500,7.96730652E+2,
741.600,6.21406982E+2,
741.7500,6.23141602E+2,
741.900,5.80249207E+2,
742.0500,5.59477356E+2,
742.200,8.30276184E+2,
742.3500,4.95020569E+2,
742.500,3.83557495E+2,
742.6500,4.52474762E+2,
742.800,5.89822510E+2,
742.9500,5.91434082E+2,
743.100,6.15863770E+2,
743.2500,5.26064270E+2,
743.400,5.50445251E+2,
743.5500,5.28960815E+2,
743.700,2.76739471E+2,
743.8500,3.46877960E+2,
744.00,5.33347412E+2,
744.1500,4.65069733E+2,
744.300,5.82954468E+2,
744.4500,3.97513214E+2,
744.600,4.22070129E+2,
744.7500,6.34872986E+2,
744.900,7.78125854E+2,
745.0500,6.14770508E+2,
745.200,5.21611755E+2,
745.3500,5.23038391E+2,
745.500,7.86705994E+2,
745.6500,9.08388611E+2,
745.800,5.99264404E+2,
745.9500,6.24947632E+2,
746.100,8.67617371E+2,
746.2500,7.73238525E+2,
746.400,1.01754181E+3,
746.5500,1.19025293E+3,
746.700,1.31515906E+3,
746.8500,1.14769104E+3,
747.00,1.22416772E+3,
747.1500,9.81760315E+2,
747.300,8.85774292E+2,
747.4500,7.15310608E+2,
747.600,5.43996826E+2,
747.7500,6.44503235E+2,
747.900,3.72754211E+2,
748.0500,4.73328156E+2,
748.200,7.24236145E+2,
748.3500,6.25887878E+2,
748.500,4.26658966E+2,
748.6500,6.03837463E+2,
748.800,5.04447693E+2,
748.9500,4.04561462E+2,
749.100,8.36581604E+2,
749.2500,3.55859680E+2,
749.400,5.60701294E+2,
749.5500,4.34426941E+2,
749.700,3.58720459E+2,
749.8500,4.36755676E+2,
750.00,4.63687073E+2,
