Labels,32C_28_625K,
Type,Emission Scan,
Comment,,
Start,450.00,
Stop,750.1500,
Step,0.150,
Fixed/Offset,248.400,
Xaxis,Wavelength,
Yaxis,Counts,
Scan Corr. by File,True,
Corr. by Ref. Det.,False,
Fixed/Offset Corr. by File,False,
Repeats,1,
Dwell Time,0.20,
Lamp,Xe,
Temp,28.40,
Scan Polariser,None,
Scan Slit,0.2520,
Fixed/Offset Polariser,None,
Fixed/Offset Slit,2.9970,
Detector,Red PMT,

450.00,1.28327539E+3,
450.1500,1.46405273E+3,
450.300,1.40391821E+3,
450.4500,1.27447498E+3,
450.600,1.03554578E+3,
450.7500,1.04028271E+3,
450.900,1.03553613E+3,
451.0500,8.81478210E+2,
451.200,9.35554932E+2,
451.3500,8.54617126E+2,
451.500,9.57947388E+2,
451.6500,1.01521979E+3,
451.800,1.00576752E+3,
451.9500,1.01697046E+3,
452.100,1.00928528E+3,
452.2500,1.07906750E+3,
452.400,1.14670569E+3,
452.5500,1.27010596E+3,
452.700,1.10433862E+3,
452.8500,1.05631555E+3,
453.00,9.70094666E+2,
453.1500,9.63859314E+2,
453.300,9.45536682E+2,
453.4500,9.66878296E+2,
453.600,9.32265076E+2,
453.7500,9.96901123E+2,
453.900,9.32836060E+2,
454.0500,9.23945313E+2,
454.200,1.00406390E+3,
454.3500,9.60658630E+2,
454.500,9.36706787E+2,
454.6500,9.70633911E+2,
454.800,9.65576233E+2,
454.9500,9.64874878E+2,
455.100,9.31384033E+2,
455.2500,9.54155579E+2,
455.400,9.14128052E+2,
455.5500,9.61607605E+2,
455.700,1.02491211E+3,
455.8500,9.63553528E+2,
456.00,1.00849689E+3,
456.1500,9.93540955E+2,
456.300,1.03483350E+3,
456.4500,1.08885474E+3,
456.600,1.04745825E+3,
456.7500,1.07331384E+3,
456.900,1.04172107E+3,
457.0500,1.03643335E+3,
457.200,1.08137683E+3,
457.3500,9.70263306E+2,
457.500,1.05188635E+3,
457.6500,1.05950281E+3,
457.800,1.14095605E+3,
457.9500,1.05713464E+3,
458.100,1.09460352E+3,
458.2500,1.10593408E+3,
458.400,1.07062646E+3,
458.5500,1.08811938E+3,
458.700,1.05091150E+3,
458.8500,1.00326837E+3,
459.00,1.06771228E+3,
459.1500,1.01115240E+3,
459.300,9.95561096E+2,
459.4500,1.01088409E+3,
459.600,9.95494385E+2,
459.7500,1.01306787E+3,
459.900,8.97609680E+2,
460.0500,1.06296899E+3,
460.200,9.86727295E+2,
460.3500,9.70990051E+2,
460.500,1.01268787E+3,
460.6500,1.04607104E+3,
460.800,1.03148657E+3,
460.9500,9.98942932E+2,
461.100,9.97419250E+2,
461.2500,1.08704150E+3,
461.400,1.15254553E+3,
461.5500,1.12729053E+3,
461.700,1.18667749E+3,
461.8500,1.16373706E+3,
462.00,1.24249365E+3,
462.1500,1.31148755E+3,
462.300,1.38448962E+3,
462.4500,1.51069299E+3,
462.600,1.46712659E+3,
462.7500,1.45863586E+3,
462.900,1.36777869E+3,
463.0500,1.29921082E+3,
463.200,1.23127051E+3,
463.3500,1.17444434E+3,
463.500,1.14153430E+3,
463.6500,1.15057776E+3,
463.800,1.10401746E+3,
463.9500,1.03636621E+3,
464.100,1.05534668E+3,
464.2500,1.04566260E+3,
464.400,9.96835938E+2,
464.5500,1.01693835E+3,
464.700,1.06544897E+3,
464.8500,1.01902612E+3,
465.00,1.01272650E+3,
465.1500,1.02771191E+3,
465.300,1.00810828E+3,
465.4500,1.07009265E+3,
465.600,1.03798389E+3,
465.7500,1.03932007E+3,
465.900,1.03650244E+3,
466.0500,1.06078027E+3,
466.200,1.08725000E+3,
466.3500,1.19231238E+3,
466.500,1.24127576E+3,
466.6500,1.34481165E+3,
466.800,1.59442090E+3,
466.9500,1.66014661E+3,
467.100,1.92221362E+3,
467.2500,2.09647388E+3,
467.400,2.03755127E+3,
467.5500,2.02692065E+3,
467.700,1.90072839E+3,
467.8500,1.61646997E+3,
468.00,1.55844043E+3,
468.1500,1.53750793E+3,
468.300,1.43514063E+3,
468.4500,1.29024670E+3,
468.600,1.28796155E+3,
468.7500,1.27451587E+3,
468.900,1.22863721E+3,
469.0500,1.14339331E+3,
469.200,1.17998059E+3,
469.3500,1.19526282E+3,
469.500,1.17209656E+3,
469.6500,1.16412830E+3,
469.800,1.19454761E+3,
469.9500,1.15126819E+3,
470.100,1.17371692E+3,
470.2500,1.14279163E+3,
470.400,1.05248389E+3,
470.5500,1.02670557E+3,
470.700,1.05025342E+3,
470.8500,1.05869617E+3,
471.00,1.04301636E+3,
471.1500,9.61251343E+2,
471.300,1.01007874E+3,
471.4500,9.91624451E+2,
471.600,9.88235596E+2,
471.7500,9.66798889E+2,
471.900,9.06281982E+2,
472.0500,9.40063660E+2,
472.200,9.57895325E+2,
472.3500,9.88743347E+2,
472.500,9.27436340E+2,
472.6500,1.04840002E+3,
472.800,1.03115820E+3,
472.9500,1.12602673E+3,
473.100,1.25496033E+3,
473.2500,1.48296509E+3,
473.400,1.56584082E+3,
473.5500,1.53565076E+3,
473.700,1.34041687E+3,
473.8500,1.15322961E+3,
474.00,1.10309644E+3,
474.1500,1.08408032E+3,
474.300,9.74059387E+2,
474.4500,9.55045593E+2,
474.600,1.01303510E+3,
474.7500,9.67020935E+2,
474.900,9.49008240E+2,
475.0500,9.71025085E+2,
475.200,9.54098328E+2,
475.3500,9.50170898E+2,
475.500,9.19235718E+2,
475.6500,8.97298462E+2,
475.800,9.43385254E+2,
475.9500,9.94480957E+2,
476.100,9.58576355E+2,
476.2500,9.40695313E+2,
476.400,9.86865234E+2,
476.5500,8.98911011E+2,
476.700,9.53095703E+2,
476.8500,9.51222473E+2,
477.00,9.38332275E+2,
477.1500,9.19508423E+2,
477.300,9.99859619E+2,
477.4500,9.65005554E+2,
477.600,9.42162720E+2,
477.7500,9.34346863E+2,
477.900,9.15496582E+2,
478.0500,9.87944458E+2,
478.200,1.02037848E+3,
478.3500,9.58488708E+2,
478.500,1.00699493E+3,
478.6500,1.00431134E+3,
478.800,9.38332275E+2,
478.9500,9.66775452E+2,
479.100,1.00736993E+3,
479.2500,9.95729919E+2,
479.400,9.98165039E+2,
479.5500,1.10428406E+3,
479.700,1.09266406E+3,
479.8500,1.00345563E+3,
480.00,1.02504016E+3,
480.1500,1.06684424E+3,
480.300,1.12886011E+3,
480.4500,1.16872510E+3,
480.600,1.17732202E+3,
480.7500,1.28491943E+3,
480.900,1.30771863E+3,
481.0500,1.35984753E+3,
481.200,1.31388989E+3,
481.3500,1.22640381E+3,
481.500,1.17832239E+3,
481.6500,1.15956775E+3,
481.800,1.17017627E+3,
481.9500,1.09869360E+3,
482.100,1.15089026E+3,
482.2500,1.15546924E+3,
482.400,1.16309448E+3,
482.5500,1.14534009E+3,
482.700,1.21086499E+3,
482.8500,1.19006213E+3,
483.00,1.29226257E+3,
483.1500,1.26346863E+3,
483.300,1.18985510E+3,
483.4500,1.13652637E+3,
483.600,1.10249670E+3,
483.7500,1.12959705E+3,
483.900,1.13734277E+3,
484.0500,1.15124951E+3,
484.200,1.11314990E+3,
484.3500,1.16696765E+3,
484.500,1.18097107E+3,
484.6500,1.06505359E+3,
484.800,1.12916809E+3,
484.9500,1.09297168E+3,
485.100,1.10495752E+3,
485.2500,1.06364795E+3,
485.400,1.11978577E+3,
485.5500,1.11334424E+3,
485.700,1.00103204E+3,
485.8500,1.04283264E+3,
486.00,1.03940430E+3,
486.1500,1.06998279E+3,
486.300,1.02021887E+3,
486.4500,1.03328894E+3,
486.600,9.72074402E+2,
486.7500,1.00990594E+3,
486.900,1.11805078E+3,
487.0500,1.12291101E+3,
487.200,1.10185767E+3,
487.3500,1.12943115E+3,
487.500,1.08349011E+3,
487.6500,1.11315247E+3,
487.800,1.16669922E+3,
487.9500,1.13833008E+3,
488.100,1.15038806E+3,
488.2500,1.24866431E+3,
488.400,1.17554541E+3,
488.5500,1.21257874E+3,
488.700,1.30063428E+3,
488.8500,1.30029053E+3,
489.00,1.31035938E+3,
489.1500,1.28408838E+3,
489.300,1.27133887E+3,
489.4500,1.32014172E+3,
489.600,1.27188696E+3,
489.7500,1.28835181E+3,
489.900,1.24941992E+3,
490.0500,1.33500220E+3,
490.200,1.32765662E+3,
490.3500,1.35382568E+3,
490.500,1.36744629E+3,
490.6500,1.52905652E+3,
490.800,1.41994250E+3,
490.9500,1.47357056E+3,
491.100,1.53683362E+3,
491.2500,1.66972571E+3,
491.400,1.56575854E+3,
491.5500,1.74317749E+3,
491.700,1.69713452E+3,
491.8500,1.89184619E+3,
492.00,1.83103589E+3,
492.1500,1.76060303E+3,
492.300,1.76523108E+3,
492.4500,1.79953503E+3,
492.600,1.72994299E+3,
492.7500,1.70163037E+3,
492.900,1.68176477E+3,
493.0500,1.57572534E+3,
493.200,1.59504919E+3,
493.3500,1.46318054E+3,
493.500,1.44406897E+3,
493.6500,1.49744885E+3,
493.800,1.46231348E+3,
493.9500,1.44207397E+3,
494.100,1.40468738E+3,
494.2500,1.37793396E+3,
494.400,1.32758179E+3,
494.5500,1.29429236E+3,
494.700,1.35637793E+3,
494.8500,1.24901184E+3,
495.00,1.29933533E+3,
495.1500,1.37772620E+3,
495.300,1.34330676E+3,
495.4500,1.29698975E+3,
495.600,1.20320044E+3,
495.7500,1.25587061E+3,
495.900,1.19318274E+3,
496.0500,1.25459424E+3,
496.200,1.22541064E+3,
496.3500,1.22969946E+3,
496.500,1.22208411E+3,
496.6500,1.17003320E+3,
496.800,1.14499695E+3,
496.9500,1.17742993E+3,
497.100,1.18173218E+3,
497.2500,1.13388416E+3,
497.400,1.19040442E+3,
497.5500,1.17840857E+3,
497.700,1.12714429E+3,
497.8500,1.12160730E+3,
498.00,1.17611804E+3,
498.1500,1.12690979E+3,
498.300,1.16512891E+3,
498.4500,1.12895288E+3,
498.600,1.14750610E+3,
498.7500,1.08052417E+3,
498.900,1.10784216E+3,
499.0500,1.13960596E+3,
499.200,1.10433826E+3,
499.3500,1.14056213E+3,
499.500,1.18786609E+3,
499.6500,1.10179883E+3,
499.800,1.14362427E+3,
499.9500,1.06508997E+3,
500.100,1.08373840E+3,
500.2500,1.08249915E+3,
500.400,1.04691040E+3,
500.5500,9.54703186E+2,
500.700,1.06986450E+3,
500.8500,1.09191846E+3,
501.00,1.05730640E+3,
501.1500,9.74775208E+2,
501.300,1.03242566E+3,
501.4500,9.59753784E+2,
501.600,9.56122620E+2,
501.7500,9.49131897E+2,
501.900,9.65594788E+2,
502.0500,9.79847534E+2,
502.200,1.05122034E+3,
502.3500,9.52400085E+2,
502.500,9.83492798E+2,
502.6500,9.39435242E+2,
502.800,9.25629456E+2,
502.9500,9.91621765E+2,
503.100,9.49731201E+2,
503.2500,9.41567261E+2,
503.400,9.22112488E+2,
503.5500,9.95138306E+2,
503.700,9.53104187E+2,
503.8500,9.27946167E+2,
504.00,8.82377930E+2,
504.1500,9.16018616E+2,
504.300,8.97584778E+2,
504.4500,8.98397949E+2,
504.600,8.99209045E+2,
504.7500,9.10245544E+2,
504.900,9.31535034E+2,
505.0500,9.18709900E+2,
505.200,8.40915955E+2,
505.3500,9.36330933E+2,
505.500,9.16622437E+2,
505.6500,9.32293091E+2,
505.800,9.57136597E+2,
505.9500,9.38528076E+2,
506.100,1.02187067E+3,
506.2500,9.23061035E+2,
506.400,9.14734131E+2,
506.5500,9.95993469E+2,
506.700,9.92311157E+2,
506.8500,9.90919556E+2,
507.00,1.04020728E+3,
507.1500,1.07353064E+3,
507.300,9.79949524E+2,
507.4500,1.06179724E+3,
507.600,1.18081091E+3,
507.7500,1.14724316E+3,
507.900,1.10896936E+3,
508.0500,1.12167358E+3,
508.200,1.19482056E+3,
508.3500,1.06121582E+3,
508.500,1.16120190E+3,
508.6500,1.10764490E+3,
508.800,1.11693262E+3,
508.9500,1.02936719E+3,
509.100,1.02688745E+3,
509.2500,1.05245630E+3,
509.400,1.07924146E+3,
509.5500,1.03108704E+3,
509.700,1.00042694E+3,
509.8500,9.89660156E+2,
510.00,9.56541687E+2,
510.1500,9.96230103E+2,
510.300,9.48870361E+2,
510.4500,9.79190674E+2,
510.600,8.66855347E+2,
510.7500,8.47569763E+2,
510.900,9.03863586E+2,
511.0500,9.56712463E+2,
511.200,9.18520874E+2,
511.3500,9.09874573E+2,
511.500,8.59706299E+2,
511.6500,8.59292725E+2,
511.800,8.19673584E+2,
511.9500,8.59643616E+2,
512.100,8.54497864E+2,
512.2500,7.96944336E+2,
512.400,8.03666504E+2,
512.5500,8.10397766E+2,
512.700,8.25501709E+2,
512.8500,7.34206421E+2,
513.00,7.48064148E+2,
513.1500,7.69188049E+2,
513.300,7.83154785E+2,
513.4500,7.55128967E+2,
513.600,7.63094788E+2,
513.7500,7.56639282E+2,
513.900,7.75454102E+2,
514.0500,6.87040527E+2,
514.200,7.58941345E+2,
514.3500,7.04164917E+2,
514.500,7.38744690E+2,
514.6500,7.10456238E+2,
514.800,6.73625183E+2,
514.9500,6.70674927E+2,
515.100,6.94423645E+2,
515.2500,6.74469055E+2,
515.400,6.35007507E+2,
515.5500,6.90444824E+2,
515.700,6.86263550E+2,
515.8500,6.40585144E+2,
516.00,6.83973999E+2,
516.1500,6.73658447E+2,
516.300,6.31499146E+2,
516.4500,6.56631653E+2,
516.600,6.84263672E+2,
516.7500,6.44436462E+2,
516.900,6.42617493E+2,
517.0500,6.42030457E+2,
517.200,5.97133972E+2,
517.3500,6.13765625E+2,
517.500,6.60038574E+2,
517.6500,6.33539734E+2,
517.800,5.84732117E+2,
517.9500,6.28634216E+2,
518.100,6.09459229E+2,
518.2500,6.69610291E+2,
518.400,6.67817749E+2,
518.5500,6.25013550E+2,
518.700,6.71676270E+2,
518.8500,6.68626587E+2,
519.00,6.97974670E+2,
519.1500,5.91413208E+2,
519.300,6.03280457E+2,
519.4500,6.45179016E+2,
519.600,6.37096252E+2,
519.7500,6.28994446E+2,
519.900,5.70701477E+2,
520.0500,6.32830261E+2,
520.200,6.46086243E+2,
520.3500,6.20359253E+2,
520.500,6.58818970E+2,
520.6500,5.88908630E+2,
520.800,5.93326782E+2,
520.9500,6.00279907E+2,
521.100,6.05974731E+2,
521.2500,5.92680969E+2,
521.400,6.00908508E+2,
521.5500,5.66002014E+2,
521.700,5.74214111E+2,
521.8500,6.19319824E+2,
522.00,5.80497864E+2,
522.1500,6.12956787E+2,
522.300,5.99556396E+2,
522.4500,6.32097351E+2,
522.600,6.73649902E+2,
522.7500,6.25714844E+2,
522.900,6.23791321E+2,
523.0500,6.25719543E+2,
523.200,5.77614258E+2,
523.3500,6.61753723E+2,
523.500,6.05861023E+2,
523.6500,6.18094666E+2,
523.800,6.30351196E+2,
523.9500,6.59407288E+2,
524.100,6.53652588E+2,
524.2500,5.98746948E+2,
524.400,6.55054321E+2,
524.5500,6.38905457E+2,
524.700,6.17530762E+2,
524.8500,6.31172668E+2,
525.00,6.76043701E+2,
525.1500,6.07760498E+2,
525.300,6.12288391E+2,
525.4500,6.01174805E+2,
525.600,6.40945984E+2,
525.7500,6.62502075E+2,
525.900,6.77558899E+2,
526.0500,6.29803406E+2,
526.200,6.21287048E+2,
526.3500,6.59985474E+2,
526.500,6.96135681E+2,
526.6500,6.70561401E+2,
526.800,7.06791565E+2,
526.9500,6.60089233E+2,
527.100,6.66092896E+2,
527.2500,7.07785889E+2,
527.400,6.86114929E+2,
527.5500,7.01448853E+2,
527.700,7.16815247E+2,
527.8500,6.56603577E+2,
528.00,7.26394653E+2,
528.1500,7.27239624E+2,
528.300,7.50710388E+2,
528.4500,7.83561157E+2,
528.600,7.39104370E+2,
528.7500,7.02556824E+2,
528.900,8.04990173E+2,
529.0500,7.04162598E+2,
529.200,7.51857117E+2,
529.3500,7.28543945E+2,
529.500,7.30697266E+2,
529.6500,7.82605713E+2,
529.800,7.68662781E+2,
529.9500,7.66815552E+2,
530.100,7.94632507E+2,
530.2500,7.60376343E+2,
530.400,7.38211243E+2,
530.5500,7.94497070E+2,
530.700,8.35997192E+2,
530.8500,8.19257385E+2,
531.00,8.14700073E+2,
531.1500,8.10145996E+2,
531.300,8.00135071E+2,
531.4500,7.53319702E+2,
531.600,8.41406433E+2,
531.7500,7.38556396E+2,
531.900,7.66679321E+2,
532.0500,8.08553833E+2,
532.200,7.71107727E+2,
532.3500,7.48656860E+2,
532.500,8.48323364E+2,
532.6500,8.16283081E+2,
532.800,7.42895935E+2,
532.9500,7.28566040E+2,
533.100,8.14876282E+2,
533.2500,8.39275818E+2,
533.400,8.01539307E+2,
533.5500,8.45341431E+2,
533.700,7.46574036E+2,
533.8500,7.87633301E+2,
534.00,7.99629883E+2,
534.1500,7.96374146E+2,
534.300,7.75018677E+2,
534.4500,8.06545959E+2,
534.600,7.90725098E+2,
534.7500,7.94412109E+2,
534.900,7.79933655E+2,
535.0500,8.29784058E+2,
535.200,7.76074524E+2,
535.3500,8.20410583E+2,
535.500,8.47994873E+2,
535.6500,7.32274170E+2,
535.800,8.14690552E+2,
535.9500,7.39521301E+2,
536.100,8.63023193E+2,
536.2500,7.63746826E+2,
536.400,7.32085327E+2,
536.5500,8.03634338E+2,
536.700,7.47861938E+2,
536.8500,8.11071716E+2,
537.00,7.56598633E+2,
537.1500,8.00090759E+2,
537.300,8.00995911E+2,
537.4500,8.57449524E+2,
537.600,8.41303284E+2,
537.7500,7.36610840E+2,
537.900,8.43193115E+2,
538.0500,8.48429688E+2,
538.200,7.99250671E+2,
538.3500,7.81504333E+2,
538.500,8.77124817E+2,
538.6500,7.63130493E+2,
538.800,7.75488892E+2,
538.9500,7.74909180E+2,
539.100,7.65681152E+2,
539.2500,7.34780579E+2,
539.400,7.83293213E+2,
539.5500,7.40762085E+2,
539.700,7.70554382E+2,
539.8500,7.97509094E+2,
540.00,7.85327515E+2,
540.1500,7.71707153E+2,
540.300,7.47866272E+2,
540.4500,7.42904602E+2,
540.600,7.42302856E+2,
540.7500,7.15416809E+2,
540.900,7.20623718E+2,
541.0500,7.85844177E+2,
541.200,7.64785522E+2,
541.3500,7.52474854E+2,
541.500,7.38664612E+2,
541.6500,7.27759705E+2,
541.800,7.68343018E+2,
541.9500,7.78071960E+2,
542.100,7.76017822E+2,
542.2500,7.45893921E+2,
542.400,7.95548218E+2,
542.5500,7.83135376E+2,
542.700,8.29975769E+2,
542.8500,7.65634888E+2,
543.00,7.35311096E+2,
543.1500,7.12352966E+2,
543.300,8.17380493E+2,
543.4500,7.06515625E+2,
543.600,8.07291931E+2,
543.7500,7.52927368E+2,
543.900,7.89667847E+2,
544.0500,7.38147095E+2,
544.200,7.32971924E+2,
544.3500,7.20278992E+2,
544.500,7.27084961E+2,
544.6500,7.47438110E+2,
544.800,6.63949524E+2,
544.9500,7.74705261E+2,
545.100,7.46900940E+2,
545.2500,7.82484375E+2,
545.400,6.95649902E+2,
545.5500,7.85752563E+2,
545.700,7.39644470E+2,
545.8500,6.73704407E+2,
546.00,7.51924316E+2,
546.1500,7.36090637E+2,
546.300,7.38487305E+2,
546.4500,7.83572144E+2,
546.600,8.18076111E+2,
546.7500,7.38054504E+2,
546.900,7.06796692E+2,
547.0500,7.21426758E+2,
547.200,8.00532043E+2,
547.3500,7.61596680E+2,
547.500,7.73296204E+2,
547.6500,8.15806335E+2,
547.800,7.48995361E+2,
547.9500,6.80475464E+2,
548.100,7.63187988E+2,
548.2500,7.84229614E+2,
548.400,7.99124573E+2,
548.5500,7.93894165E+2,
548.700,7.29655334E+2,
548.8500,7.58517029E+2,
549.00,7.85890198E+2,
549.1500,7.49433350E+2,
549.300,6.98846924E+2,
549.4500,7.51215210E+2,
549.600,7.66176880E+2,
549.7500,7.06029053E+2,
549.900,7.91497131E+2,
550.0500,7.59474854E+2,
550.200,8.27918518E+2,
550.3500,7.50244385E+2,
550.500,7.05454529E+2,
550.6500,8.02443359E+2,
550.800,8.23893738E+2,
550.9500,7.55321594E+2,
551.100,8.14731873E+2,
551.2500,7.45988403E+2,
551.400,8.30892700E+2,
551.5500,7.98514221E+2,
551.700,7.62880005E+2,
551.8500,7.87624207E+2,
552.00,8.06051025E+2,
552.1500,7.87869507E+2,
552.300,8.41495789E+2,
552.4500,8.50483887E+2,
552.600,8.11473083E+2,
552.7500,7.62753296E+2,
552.900,7.50814819E+2,
553.0500,8.32020142E+2,
553.200,7.86405823E+2,
553.3500,8.74319214E+2,
553.500,7.73825623E+2,
553.6500,8.71617798E+2,
553.800,8.95305176E+2,
553.9500,9.20665466E+2,
554.100,8.21348999E+2,
554.2500,8.15866333E+2,
554.400,8.44470703E+2,
554.5500,7.64201111E+2,
554.700,8.41643860E+2,
554.8500,8.39404846E+2,
555.00,7.93096924E+2,
555.1500,9.90113098E+2,
555.300,8.01546814E+2,
555.4500,8.59829224E+2,
555.600,8.77253784E+2,
555.7500,8.50391724E+2,
555.900,8.59622314E+2,
556.0500,8.60648010E+2,
556.200,9.17701416E+2,
556.3500,8.82512146E+2,
556.500,8.52190674E+2,
556.6500,9.14389648E+2,
556.800,9.28723755E+2,
556.9500,8.66846680E+2,
557.100,9.70772522E+2,
557.2500,9.58650879E+2,
557.400,8.89939514E+2,
557.5500,1.06920837E+3,
557.700,9.93787415E+2,
557.8500,9.48230530E+2,
558.00,9.54375854E+2,
558.1500,1.02081000E+3,
558.300,1.02875891E+3,
558.4500,1.06020984E+3,
558.600,1.00607336E+3,
558.7500,1.14687109E+3,
558.900,1.00178284E+3,
559.0500,1.01817847E+3,
559.200,1.06670605E+3,
559.3500,9.73395630E+2,
559.500,9.39071228E+2,
559.6500,9.63951843E+2,
559.800,9.70230835E+2,
559.9500,9.44254944E+2,
560.100,9.38616699E+2,
560.2500,9.61904785E+2,
560.400,9.00017517E+2,
560.5500,9.33547058E+2,
560.700,9.07349731E+2,
560.8500,8.46867004E+2,
561.00,8.15353882E+2,
561.1500,8.38630493E+2,
561.300,7.81257813E+2,
561.4500,8.02824219E+2,
561.600,8.20995850E+2,
561.7500,7.46154785E+2,
561.900,7.64297058E+2,
562.0500,7.25480164E+2,
562.200,6.72738770E+2,
562.3500,8.08598450E+2,
562.500,6.58746277E+2,
562.6500,7.34162903E+2,
562.800,6.53365234E+2,
562.9500,6.88935974E+2,
563.100,6.46242432E+2,
563.2500,6.95894897E+2,
563.400,6.32160645E+2,
563.5500,6.53938904E+2,
563.700,6.35503967E+2,
563.8500,6.80123779E+2,
564.00,6.58160156E+2,
564.1500,5.88747131E+2,
564.300,5.73698608E+2,
564.4500,5.76229736E+2,
564.600,5.92880615E+2,
564.7500,5.70702942E+2,
564.900,5.80309875E+2,
565.0500,6.07649597E+2,
565.200,5.64092529E+2,
565.3500,6.30542542E+2,
565.500,5.94011230E+2,
565.6500,5.57382935E+2,
565.800,5.91980103E+2,
565.9500,5.85601196E+2,
566.100,5.57717285E+2,
566.2500,5.74489746E+2,
566.400,6.09218079E+2,
566.5500,6.35056763E+2,
566.700,6.14256897E+2,
566.8500,6.11386902E+2,
567.00,6.04907837E+2,
567.1500,5.91200562E+2,
567.300,6.04526794E+2,
567.4500,6.10655884E+2,
567.600,5.69768188E+2,
567.7500,6.13895630E+2,
567.900,6.67188843E+2,
568.0500,6.02637268E+2,
568.200,6.05205322E+2,
568.3500,6.04137390E+2,
568.500,5.83023621E+2,
568.6500,5.81921570E+2,
568.800,6.17343201E+2,
568.9500,6.41878357E+2,
569.100,6.22549133E+2,
569.2500,5.72012329E+2,
569.400,6.14965332E+2,
569.5500,6.54349121E+2,
569.700,5.99970886E+2,
569.8500,6.13632568E+2,
570.00,6.77144470E+2,
570.1500,6.02227051E+2,
570.300,6.78788879E+2,
570.4500,6.70351563E+2,
570.600,6.24810120E+2,
570.7500,7.38796143E+2,
570.900,6.93222839E+2,
571.0500,6.23335327E+2,
571.200,7.11600403E+2,
571.3500,6.45272949E+2,
571.500,6.75880432E+2,
571.6500,7.06555237E+2,
571.800,7.27940125E+2,
571.9500,6.44459473E+2,
572.100,6.62088440E+2,
572.2500,6.98546143E+2,
572.400,6.95606445E+2,
572.5500,7.81121460E+2,
572.700,7.53769104E+2,
572.8500,7.67855042E+2,
573.00,7.38529297E+2,
573.1500,7.45113159E+2,
573.300,7.51709900E+2,
573.4500,8.41735962E+2,
573.600,7.55453674E+2,
573.7500,7.37373840E+2,
573.900,7.63010864E+2,
574.0500,7.73468140E+2,
574.200,7.51527161E+2,
574.3500,7.88731445E+2,
574.500,8.43233459E+2,
574.6500,7.67684631E+2,
574.800,7.47533813E+2,
574.9500,8.34800720E+2,
575.100,8.45424744E+2,
575.2500,9.36872986E+2,
575.400,8.10890930E+2,
575.5500,9.12155273E+2,
575.700,9.55739563E+2,
575.8500,8.66039429E+2,
576.00,9.05796021E+2,
576.1500,8.41025452E+2,
576.300,9.72054565E+2,
576.4500,9.90731506E+2,
576.600,9.51100037E+2,
576.7500,1.02236914E+3,
576.900,9.24180725E+2,
577.0500,1.04047400E+3,
577.200,1.06712402E+3,
577.3500,9.60772766E+2,
577.500,9.50161316E+2,
577.6500,1.06897534E+3,
577.800,1.05060400E+3,
577.9500,1.05184729E+3,
578.100,1.14163269E+3,
578.2500,1.15869275E+3,
578.400,1.08898438E+3,
578.5500,1.07243933E+3,
578.700,1.13098999E+3,
578.8500,1.11444763E+3,
579.00,1.23658484E+3,
579.1500,1.13481311E+3,
579.300,1.12019910E+3,
579.4500,1.14929382E+3,
579.600,1.16849646E+3,
579.7500,1.23158191E+3,
579.900,1.21300562E+3,
580.0500,1.22435876E+3,
580.200,1.17977710E+3,
580.3500,1.29524158E+3,
580.500,1.29472302E+3,
580.6500,1.25206262E+3,
580.800,1.28965137E+3,
580.9500,1.27302332E+3,
581.100,1.40337256E+3,
581.2500,1.39293884E+3,
581.400,1.32798401E+3,
581.5500,1.42451733E+3,
581.700,1.35336792E+3,
581.8500,1.37926172E+3,
582.00,1.45590613E+3,
582.1500,1.45969641E+3,
582.300,1.38828223E+3,
582.4500,1.47135791E+3,
582.600,1.52610168E+3,
582.7500,1.52385400E+3,
582.900,1.49912939E+3,
583.0500,1.45594568E+3,
583.200,1.47614294E+3,
583.3500,1.51688098E+3,
583.500,1.62749304E+3,
583.6500,1.55754456E+3,
583.800,1.54296680E+3,
583.9500,1.55512683E+3,
584.100,1.56732520E+3,
584.2500,1.68899072E+3,
584.400,1.68277466E+3,
584.5500,1.75932788E+3,
584.700,1.58945801E+3,
584.8500,1.77188696E+3,
585.00,1.73248022E+3,
585.1500,1.77406384E+3,
585.300,1.84697278E+3,
585.4500,1.61984778E+3,
585.600,1.71569446E+3,
585.7500,1.68429321E+3,
585.900,1.79089478E+3,
586.0500,1.82022156E+3,
586.200,1.85796509E+3,
586.3500,1.83070532E+3,
586.500,1.94420166E+3,
586.6500,1.96536511E+3,
586.800,1.84963696E+3,
586.9500,1.83065613E+3,
587.100,2.00797925E+3,
587.2500,1.88341760E+3,
587.400,2.04214026E+3,
587.5500,1.93638867E+3,
587.700,1.93644336E+3,
587.8500,1.93011975E+3,
588.00,2.09383569E+3,
588.1500,1.99618823E+3,
588.300,2.17102002E+3,
588.4500,2.06469385E+3,
588.600,2.10972852E+3,
588.7500,2.22968188E+3,
588.900,2.17868506E+3,
589.0500,2.20259570E+3,
589.200,2.24809082E+3,
589.3500,2.20348242E+3,
589.500,2.40388208E+3,
589.6500,2.36149146E+3,
589.800,2.20907642E+3,
589.9500,2.35190674E+3,
590.100,2.48226514E+3,
590.2500,2.26260376E+3,
590.400,2.46688184E+3,
590.5500,2.56106812E+3,
590.700,2.37755981E+3,
590.8500,2.51098535E+3,
591.00,2.42053564E+3,
591.1500,2.66340869E+3,
591.300,2.57299609E+3,
591.4500,2.59378687E+3,
591.600,2.56429639E+3,
591.7500,2.82390527E+3,
591.900,2.83190869E+3,
592.0500,2.71906445E+3,
592.200,2.86311035E+3,
592.3500,2.87319189E+3,
592.500,2.89651733E+3,
592.6500,2.93313135E+3,
592.800,2.86596582E+3,
592.9500,3.06411475E+3,
593.100,3.00358447E+3,
593.2500,3.07153540E+3,
593.400,3.09523267E+3,
593.5500,3.05672754E+3,
593.700,3.04705688E+3,
593.8500,3.06631982E+3,
594.00,3.28865283E+3,
594.1500,3.13879126E+3,
594.300,3.11379248E+3,
594.4500,3.27014624E+3,
594.600,3.34166772E+3,
594.7500,3.04732715E+3,
594.900,3.06026416E+3,
595.0500,3.18134985E+3,
595.200,3.23523535E+3,
595.3500,3.47436938E+3,
595.500,3.40443799E+3,
595.6500,3.35467798E+3,
595.800,3.37050220E+3,
595.9500,3.51346191E+3,
596.100,3.40904419E+3,
596.2500,3.24516309E+3,
596.400,3.27680566E+3,
596.5500,3.50018286E+3,
596.700,3.54364697E+3,
596.8500,3.61923706E+3,
597.00,3.83704565E+3,
597.1500,3.58055176E+3,
597.300,3.67707153E+3,
597.4500,3.49556787E+3,
597.600,3.53463501E+3,
597.7500,3.69599609E+3,
597.900,3.66383447E+3,
598.0500,3.75639404E+3,
598.200,4.05516602E+3,
598.3500,3.76370972E+3,
598.500,3.75692188E+3,
598.6500,4.07074438E+3,
598.800,3.98287573E+3,
598.9500,3.73171387E+3,
599.100,4.01410791E+3,
599.2500,4.03103320E+3,
599.400,4.02928003E+3,
599.5500,4.09306812E+3,
599.700,4.03509253E+3,
599.8500,4.04502930E+3,
600.00,3.88103003E+3,
600.1500,4.20671436E+3,
600.300,4.21034131E+3,
600.4500,4.19980176E+3,
600.600,4.14429346E+3,
600.7500,4.42242920E+3,
600.900,4.24139844E+3,
601.0500,4.48263037E+3,
601.200,4.26126416E+3,
601.3500,4.49169629E+3,
601.500,4.38411768E+3,
601.6500,4.42908154E+3,
601.800,4.41434521E+3,
601.9500,4.32766309E+3,
602.100,4.47594629E+3,
602.2500,4.52375098E+3,
602.400,4.65112988E+3,
602.5500,4.58839893E+3,
602.700,4.65344824E+3,
602.8500,4.67030225E+3,
603.00,4.75502051E+3,
603.1500,4.70155225E+3,
603.300,4.67462256E+3,
603.4500,4.54540234E+3,
603.600,4.84710986E+3,
603.7500,4.90809082E+3,
603.900,4.92523828E+3,
604.0500,4.96929932E+3,
604.200,4.99623584E+3,
604.3500,5.08215479E+3,
604.500,5.02323877E+3,
604.6500,5.13403662E+3,
604.800,5.31171680E+3,
604.9500,5.22318701E+3,
605.100,5.48808154E+3,
605.2500,5.42928271E+3,
605.400,5.68531885E+3,
605.5500,5.54213184E+3,
605.700,5.67714160E+3,
605.8500,5.72033936E+3,
606.00,5.64387842E+3,
606.1500,5.75246387E+3,
606.300,5.88637793E+3,
606.4500,5.77003125E+3,
606.600,5.67087646E+3,
606.7500,6.16474121E+3,
606.900,6.21188525E+3,
607.0500,6.28442480E+3,
607.200,6.07189209E+3,
607.3500,6.44049316E+3,
607.500,6.36936816E+3,
607.6500,6.33098877E+3,
607.800,6.58471875E+3,
607.9500,6.62540771E+3,
608.100,6.36279736E+3,
608.2500,6.96228418E+3,
608.400,7.02149951E+3,
608.5500,6.77867383E+3,
608.700,6.88903027E+3,
608.8500,6.73511572E+3,
609.00,6.96402490E+3,
609.1500,6.96721533E+3,
609.300,6.72779736E+3,
609.4500,7.25785303E+3,
609.600,7.32097119E+3,
609.7500,7.26758105E+3,
609.900,7.07896484E+3,
610.0500,7.17855957E+3,
610.200,7.06511230E+3,
610.3500,6.93038867E+3,
610.500,7.22643506E+3,
610.6500,7.12551660E+3,
610.800,7.67185596E+3,
610.9500,7.34016455E+3,
611.100,7.08360498E+3,
611.2500,7.37152930E+3,
611.400,7.23286670E+3,
611.5500,7.15187012E+3,
611.700,7.33531250E+3,
611.8500,7.27537646E+3,
612.00,6.97356445E+3,
612.1500,7.11745215E+3,
612.300,6.91544775E+3,
612.4500,7.08898730E+3,
612.600,6.84884668E+3,
612.7500,7.23419727E+3,
612.900,7.18379980E+3,
613.0500,6.92389600E+3,
613.200,6.89459570E+3,
613.3500,6.95135303E+3,
613.500,6.64409375E+3,
613.6500,6.89511719E+3,
613.800,6.73015625E+3,
613.9500,6.74896289E+3,
614.100,6.87947363E+3,
614.2500,6.56187305E+3,
614.400,6.41752344E+3,
614.5500,6.59188330E+3,
614.700,6.61649219E+3,
614.8500,6.75338770E+3,
615.00,6.66860498E+3,
615.1500,6.72387207E+3,
615.300,6.50965820E+3,
615.4500,6.55652002E+3,
615.600,6.74154102E+3,
615.7500,6.52618652E+3,
615.900,6.36547998E+3,
616.0500,6.45671240E+3,
616.200,6.38984961E+3,
616.3500,6.58721973E+3,
616.500,6.69877930E+3,
616.6500,6.12627051E+3,
616.800,6.55637256E+3,
616.9500,6.17783936E+3,
617.100,6.10421240E+3,
617.2500,6.30041064E+3,
617.400,6.14507227E+3,
617.5500,6.12463672E+3,
617.700,5.83269385E+3,
617.8500,5.95887354E+3,
618.00,5.89538135E+3,
618.1500,6.01677881E+3,
618.300,5.91364502E+3,
618.4500,5.67036328E+3,
618.600,5.75192334E+3,
618.7500,5.53891504E+3,
618.900,5.73519141E+3,
619.0500,5.80295264E+3,
619.200,5.71283057E+3,
619.3500,5.30807471E+3,
619.500,5.65571777E+3,
619.6500,5.61684326E+3,
619.800,5.68795850E+3,
619.9500,5.27719482E+3,
620.100,5.47304297E+3,
620.2500,5.63461670E+3,
620.400,5.28863135E+3,
620.5500,5.40652148E+3,
620.700,5.56585986E+3,
620.8500,5.59655371E+3,
621.00,5.42730518E+3,
621.1500,5.39283545E+3,
621.300,5.19584033E+3,
621.4500,5.25246631E+3,
621.600,5.28556738E+3,
621.7500,5.03976563E+3,
621.900,4.88226709E+3,
622.0500,5.19477344E+3,
622.200,5.39491699E+3,
622.3500,5.03676416E+3,
622.500,4.83004199E+3,
622.6500,4.86855127E+3,
622.800,5.17761865E+3,
622.9500,4.65391016E+3,
623.100,4.74357666E+3,
623.2500,4.63720801E+3,
623.400,4.53649805E+3,
623.5500,4.76889355E+3,
623.700,4.50705371E+3,
623.8500,4.42072607E+3,
624.00,4.32797754E+3,
624.1500,4.43967969E+3,
624.300,4.49364453E+3,
624.4500,4.37924072E+3,
624.600,4.39641455E+3,
624.7500,4.30598193E+3,
624.900,4.00875830E+3,
625.0500,4.28467432E+3,
625.200,4.33909229E+3,
625.3500,4.40608594E+3,
625.500,3.93005518E+3,
625.6500,4.30129004E+3,
625.800,4.02889282E+3,
625.9500,4.34235303E+3,
626.100,3.88452173E+3,
626.2500,3.87620850E+3,
626.400,3.96517358E+3,
626.5500,4.09534302E+3,
626.700,3.78479980E+3,
626.8500,3.64040039E+3,
627.00,4.04585181E+3,
627.1500,4.10420313E+3,
627.300,4.09924512E+3,
627.4500,3.68705786E+3,
627.600,4.00954688E+3,
627.7500,3.68181274E+3,
627.900,3.69515039E+3,
628.0500,3.70213062E+3,
628.200,3.95966528E+3,
628.3500,3.90606079E+3,
628.500,3.67493604E+3,
628.6500,3.61732446E+3,
628.800,3.57241675E+3,
628.9500,3.73805933E+3,
629.100,3.56656470E+3,
629.2500,3.62549536E+3,
629.400,3.59986060E+3,
629.5500,3.72438745E+3,
629.700,3.74463745E+3,
629.8500,3.56817114E+3,
630.00,3.49615869E+3,
630.1500,3.42723364E+3,
630.300,3.47347290E+3,
630.4500,3.47691626E+3,
630.600,3.64923950E+3,
630.7500,3.30794116E+3,
630.900,3.52046875E+3,
631.0500,3.41408984E+3,
631.200,3.43085498E+3,
631.3500,3.53126758E+3,
631.500,3.51144019E+3,
631.6500,3.41766113E+3,
631.800,3.50850269E+3,
631.9500,3.41094556E+3,
632.100,3.39068091E+3,
632.2500,3.46169604E+3,
632.400,3.38040454E+3,
632.5500,3.23761792E+3,
632.700,3.27466919E+3,
632.8500,3.29479614E+3,
633.00,3.29789941E+3,
633.1500,3.35915063E+3,
633.300,3.07752954E+3,
633.4500,3.18668579E+3,
633.600,3.34103003E+3,
633.7500,3.18881592E+3,
633.900,3.25729663E+3,
634.0500,3.23595679E+3,
634.200,3.28744629E+3,
634.3500,3.27303394E+3,
634.500,3.19233398E+3,
634.6500,3.10432129E+3,
634.800,3.17688770E+3,
634.9500,3.35139307E+3,
635.100,3.20354053E+3,
635.2500,3.07978003E+3,
635.400,3.18828003E+3,
635.5500,3.05688867E+3,
635.700,3.30031494E+3,
635.8500,3.16859229E+3,
636.00,3.07543164E+3,
636.1500,2.87160132E+3,
636.300,3.03820410E+3,
636.4500,3.03734326E+3,
636.600,2.83211890E+3,
636.7500,2.96012256E+3,
636.900,2.91585449E+3,
637.0500,3.03728760E+3,
637.200,2.85190894E+3,
637.3500,2.98448999E+3,
637.500,2.77644092E+3,
637.6500,2.80391992E+3,
637.800,2.79869678E+3,
637.9500,2.85186865E+3,
638.100,2.79537549E+3,
638.2500,2.60661475E+3,
638.400,2.87259644E+3,
638.5500,2.65744800E+3,
638.700,2.72172412E+3,
638.8500,2.54604810E+3,
639.00,2.76584204E+3,
639.1500,2.58598267E+3,
639.300,2.65446045E+3,
639.4500,2.56674707E+3,
639.600,2.33307715E+3,
639.7500,2.46501489E+3,
639.900,2.33511060E+3,
640.0500,2.69299585E+3,
640.200,2.57075366E+3,
640.3500,2.59508130E+3,
640.500,2.69887891E+3,
640.6500,2.71219678E+3,
640.800,2.47121948E+3,
640.9500,2.38517773E+3,
641.100,2.48173804E+3,
641.2500,2.29981519E+3,
641.400,2.15539355E+3,
641.5500,2.49374731E+3,
641.700,2.54518140E+3,
641.8500,2.30015015E+3,
642.00,2.44789136E+3,
642.1500,2.27892993E+3,
642.300,2.22943896E+3,
642.4500,2.17196216E+3,
642.600,2.27776270E+3,
642.7500,2.22012305E+3,
642.900,2.22870215E+3,
643.0500,1.96693713E+3,
643.200,2.12810205E+3,
643.3500,2.05385449E+3,
643.500,2.15671240E+3,
643.6500,2.01502869E+3,
643.800,2.07466357E+3,
643.9500,1.88458582E+3,
644.100,1.87659143E+3,
644.2500,1.95620532E+3,
644.400,1.85249292E+3,
644.5500,1.96837781E+3,
644.700,2.00455872E+3,
644.8500,2.04489746E+3,
645.00,1.79955945E+3,
645.1500,2.02533154E+3,
645.300,2.06607617E+3,
645.4500,1.85577185E+3,
645.600,1.93691614E+3,
645.7500,1.93294434E+3,
645.900,1.82291724E+3,
646.0500,1.92495251E+3,
646.200,1.70800598E+3,
646.3500,1.76512549E+3,
646.500,1.98293286E+3,
646.6500,1.70692957E+3,
646.800,1.76439856E+3,
646.9500,1.73515039E+3,
647.100,1.77213086E+3,
647.2500,1.80092651E+3,
647.400,1.66728040E+3,
647.5500,1.74190527E+3,
647.700,1.69963281E+3,
647.8500,1.68653491E+3,
648.00,1.69019031E+3,
648.1500,1.74434875E+3,
648.300,1.70583472E+3,
648.4500,1.63753223E+3,
648.600,1.78518799E+3,
648.7500,1.65725537E+3,
648.900,1.68633289E+3,
649.0500,1.54056726E+3,
649.200,1.63796240E+3,
649.3500,1.68433740E+3,
649.500,1.45172583E+3,
649.6500,1.39027979E+3,
649.800,1.53992261E+3,
649.9500,1.40490137E+3,
650.100,1.54229663E+3,
650.2500,1.58481421E+3,
650.400,1.59705396E+3,
650.5500,1.47849744E+3,
650.700,1.39874695E+3,
650.8500,1.50700806E+3,
651.00,1.47524585E+3,
651.1500,1.46540210E+3,
651.300,1.54812659E+3,
651.4500,1.61796130E+3,
651.600,1.32035522E+3,
651.7500,1.58536877E+3,
651.900,1.53556909E+3,
652.0500,1.49890002E+3,
652.200,1.53803687E+3,
652.3500,1.54597400E+3,
652.500,1.48208081E+3,
652.6500,1.60694714E+3,
652.800,1.61506921E+3,
652.9500,1.53731433E+3,
653.100,1.42294263E+3,
653.2500,1.49426270E+3,
653.400,1.41112842E+3,
653.5500,1.41429431E+3,
653.700,1.38546265E+3,
653.8500,1.41606946E+3,
654.00,1.69942419E+3,
654.1500,1.29359131E+3,
654.300,1.54570190E+3,
654.4500,1.51686121E+3,
654.600,1.29320435E+3,
654.7500,1.28222168E+3,
654.900,1.38759241E+3,
655.0500,1.23675867E+3,
655.200,1.19750696E+3,
655.3500,1.34560901E+3,
655.500,1.27351892E+3,
655.6500,1.43659924E+3,
655.800,1.34548779E+3,
655.9500,1.26341589E+3,
656.100,1.25683740E+3,
656.2500,1.35480176E+3,
656.400,1.17209875E+3,
656.5500,1.24165222E+3,
656.700,1.18228491E+3,
656.8500,1.16101819E+3,
657.00,1.09156128E+3,
657.1500,1.18086121E+3,
657.300,1.31404907E+3,
657.4500,1.30258447E+3,
657.600,1.11147559E+3,
657.7500,1.13839099E+3,
657.900,1.06302588E+3,
658.0500,1.07040063E+3,
658.200,1.21990210E+3,
658.3500,1.24733350E+3,
658.500,1.12721802E+3,
658.6500,9.07850891E+2,
658.800,1.12760046E+3,
658.9500,1.08069153E+3,
659.100,1.04845471E+3,
659.2500,9.76212341E+2,
659.400,9.78511108E+2,
659.5500,9.85818420E+2,
659.700,9.98173279E+2,
659.8500,1.11113611E+3,
660.00,1.00288318E+3,
660.1500,8.68881714E+2,
660.300,9.92482300E+2,
660.4500,9.49170044E+2,
660.600,9.51435974E+2,
660.7500,9.63908203E+2,
660.900,9.81548401E+2,
661.0500,8.04552856E+2,
661.200,8.88716431E+2,
661.3500,9.88736450E+2,
661.500,8.20803223E+2,
661.6500,8.12465576E+2,
661.800,7.26267090E+2,
661.9500,1.02446899E+3,
662.100,9.07092163E+2,
662.2500,7.57779358E+2,
662.400,7.54415710E+2,
662.5500,7.77289978E+2,
662.700,7.63420288E+2,
662.8500,8.65593323E+2,
663.00,8.67738464E+2,
663.1500,8.53946899E+2,
663.300,7.55010376E+2,
663.4500,6.18277527E+2,
663.600,7.37335999E+2,
663.7500,6.69510864E+2,
663.900,6.01350525E+2,
664.0500,7.96570496E+2,
664.200,6.09645752E+2,
664.3500,6.16510254E+2,
664.500,7.48085754E+2,
664.6500,7.87912231E+2,
664.800,7.89795898E+2,
664.9500,6.87948181E+2,
665.100,7.22422729E+2,
665.2500,6.91221924E+2,
665.400,7.53351868E+2,
665.5500,6.66948792E+2,
665.700,7.40359985E+2,
665.8500,5.81511597E+2,
666.00,6.49510620E+2,
666.1500,6.06544495E+2,
666.300,6.30303833E+2,
666.4500,6.09445129E+2,
666.600,5.15623230E+2,
666.7500,5.89889526E+2,
666.900,5.96932068E+2,
667.0500,6.43523682E+2,
667.200,6.22445190E+2,
667.3500,6.35294678E+2,
667.500,5.91343140E+2,
667.6500,5.07278076E+2,
667.800,5.82781555E+2,
667.9500,6.41467163E+2,
668.100,5.91385620E+2,
668.2500,5.87116760E+2,
668.400,6.40529358E+2,
668.5500,6.65281128E+2,
668.700,5.27766296E+2,
668.8500,5.81424316E+2,
669.00,5.53745483E+2,
669.1500,5.96102966E+2,
669.300,4.74613953E+2,
669.4500,5.69853394E+2,
669.600,4.88883728E+2,
669.7500,5.84654785E+2,
669.900,5.50662109E+2,
670.0500,4.98671722E+2,
670.200,6.07101563E+2,
670.3500,5.13198730E+2,
670.500,4.06838989E+2,
670.6500,5.69855774E+2,
670.800,4.99168152E+2,
670.9500,6.21062012E+2,
671.100,5.37994568E+2,
671.2500,4.66605408E+2,
671.400,5.34581299E+2,
671.5500,4.44555115E+2,
671.700,5.31122925E+2,
671.8500,5.14076965E+2,
672.00,4.41727997E+2,
672.1500,4.61233185E+2,
672.300,5.17815369E+2,
672.4500,5.68487671E+2,
672.600,5.20295532E+2,
672.7500,4.15990631E+2,
672.900,5.47684265E+2,
673.0500,6.17630432E+2,
673.200,6.06634766E+2,
673.3500,5.01542603E+2,
673.500,4.46209534E+2,
673.6500,5.29204285E+2,
673.800,4.35769012E+2,
673.9500,5.38134277E+2,
674.100,4.44283051E+2,
674.2500,4.19960846E+2,
674.400,5.67752502E+2,
674.5500,5.43615662E+2,
674.700,4.48824341E+2,
674.8500,4.62824615E+2,
675.00,5.28450073E+2,
675.1500,5.23359131E+2,
675.300,5.70061829E+2,
675.4500,4.22161469E+2,
675.600,5.27444153E+2,
675.7500,5.41871765E+2,
675.900,4.71279907E+2,
676.0500,3.93759064E+2,
676.200,5.00077576E+2,
676.3500,4.15632111E+2,
676.500,4.89492188E+2,
676.6500,4.57625153E+2,
676.800,5.58581604E+2,
676.9500,5.33390747E+2,
677.100,5.08064301E+2,
677.2500,4.02167725E+2,
677.400,5.51089172E+2,
677.5500,5.45814331E+2,
677.700,5.81047913E+2,
677.8500,4.67429901E+2,
678.00,5.02636322E+2,
678.1500,4.35844727E+2,
678.300,4.71118774E+2,
678.4500,4.31273712E+2,
678.600,3.08856171E+2,
678.7500,5.16103760E+2,
678.900,5.93345154E+2,
679.0500,3.87366394E+2,
679.200,4.29967957E+2,
679.3500,5.00596161E+2,
679.500,3.55497406E+2,
679.6500,4.47258484E+2,
679.800,5.60506592E+2,
679.9500,3.51216217E+2,
680.100,5.22922424E+2,
680.2500,5.17281982E+2,
680.400,3.12649384E+2,
680.5500,5.20149353E+2,
680.700,4.71575592E+2,
680.8500,5.44532288E+2,
681.00,4.16717468E+2,
681.1500,3.53018951E+2,
681.300,4.62349091E+2,
681.4500,4.56373627E+2,
681.600,3.70459351E+2,
681.7500,2.98638367E+2,
681.900,5.47791992E+2,
682.0500,5.41965637E+2,
682.200,6.09524536E+2,
682.3500,7.06899658E+2,
682.500,4.28241669E+2,
682.6500,5.40454895E+2,
682.800,4.15719330E+2,
682.9500,5.50834717E+2,
683.100,4.47826385E+2,
683.2500,4.78964630E+2,
683.400,5.47788269E+2,
683.5500,5.64309509E+2,
683.700,5.73373657E+2,
683.8500,4.84141815E+2,
684.00,4.17181030E+2,
684.1500,5.47603821E+2,
684.300,5.26205139E+2,
684.4500,4.58808075E+2,
684.600,4.98387756E+2,
684.7500,6.76568481E+2,
684.900,4.16293182E+2,
685.0500,5.10181732E+2,
685.200,5.81323181E+2,
685.3500,5.05179474E+2,
685.500,5.68894653E+2,
685.6500,4.29783508E+2,
685.800,5.79824829E+2,
685.9500,6.04972595E+2,
686.100,6.06613586E+2,
686.2500,4.58167999E+2,
686.400,5.94066223E+2,
686.5500,6.59216797E+2,
686.700,5.89332520E+2,
686.8500,6.54819275E+2,
687.00,6.24571289E+2,
687.1500,5.21905457E+2,
687.300,5.71646851E+2,
687.4500,6.37807312E+2,
687.600,6.88136597E+2,
687.7500,6.81913635E+2,
687.900,7.48917053E+2,
688.0500,7.34655273E+2,
688.200,5.97530334E+2,
688.3500,6.40218628E+2,
688.500,6.66678101E+2,
688.6500,5.11707581E+2,
688.800,5.62779236E+2,
688.9500,6.22431152E+2,
689.100,7.15671448E+2,
689.2500,6.09138611E+2,
689.400,5.18757446E+2,
689.5500,6.12455872E+2,
689.700,6.89837830E+2,
689.8500,7.67637512E+2,
690.00,6.00559082E+2,
690.1500,5.59772583E+2,
690.300,6.97351563E+2,
690.4500,6.56599609E+2,
690.600,6.66925049E+2,
690.7500,6.34435486E+2,
690.900,5.75977173E+2,
691.0500,5.34440613E+2,
691.200,6.82840637E+2,
691.3500,6.76039124E+2,
691.500,5.04070221E+2,
691.6500,6.10026062E+2,
691.800,6.55388672E+2,
691.9500,5.25748535E+2,
692.100,6.76565063E+2,
692.2500,6.69617126E+2,
692.400,4.68257172E+2,
692.5500,5.75860779E+2,
692.700,6.21870056E+2,
692.8500,5.70137512E+2,
693.00,5.80646851E+2,
693.1500,5.91193665E+2,
693.300,6.64667786E+2,
693.4500,5.13377380E+2,
693.600,5.87036072E+2,
693.7500,5.97703430E+2,
693.900,5.99346130E+2,
694.0500,5.28146362E+2,
694.200,4.65684753E+2,
694.3500,6.59250488E+2,
694.500,5.78436401E+2,
694.6500,7.36552429E+2,
694.800,5.07779236E+2,
694.9500,5.64732422E+2,
695.100,5.57031372E+2,
695.2500,5.67913269E+2,
695.400,5.04163391E+2,
695.5500,7.67744934E+2,
695.700,5.82133179E+2,
695.8500,6.59108582E+2,
696.00,6.42091797E+2,
696.1500,6.43902527E+2,
696.300,6.07735046E+2,
696.4500,6.76110840E+2,
696.600,6.11174561E+2,
696.7500,6.22480286E+2,
696.900,6.24243652E+2,
697.0500,6.45258240E+2,
697.200,5.11838928E+2,
697.3500,6.97251038E+2,
697.500,5.53518066E+2,
697.6500,6.42691528E+2,
697.800,5.07766235E+2,
697.9500,5.97302185E+2,
698.100,6.87333191E+2,
698.2500,6.40013367E+2,
698.400,7.20786377E+2,
698.5500,6.53485107E+2,
698.700,5.85805908E+2,
698.8500,6.96964050E+2,
699.00,8.48678223E+2,
699.1500,6.50828064E+2,
699.300,7.93248108E+2,
699.4500,6.74664551E+2,
699.600,5.95794983E+2,
699.7500,5.36727295E+2,
699.900,7.10903137E+2,
700.0500,8.24941467E+2,
700.200,6.94475403E+2,
700.3500,5.73517029E+2,
700.500,5.64849182E+2,
700.6500,4.84039490E+2,
700.800,6.60961243E+2,
700.9500,5.79961670E+2,
701.100,7.06163330E+2,
701.2500,4.99813232E+2,
701.400,6.68218201E+2,
701.5500,7.53776245E+2,
701.700,5.35369751E+2,
701.8500,6.10500183E+2,
702.00,6.01599792E+2,
702.1500,7.09058533E+2,
702.300,8.06483154E+2,
702.4500,6.59704834E+2,
702.600,5.54802246E+2,
702.7500,8.34463257E+2,
702.900,8.36732178E+2,
703.0500,7.52984558E+2,
703.200,6.58036621E+2,
703.3500,6.81543579E+2,
703.500,8.89612427E+2,
703.6500,6.85430359E+2,
703.800,7.74670471E+2,
703.9500,7.76882019E+2,
704.100,6.14546082E+2,
704.2500,8.91533997E+2,
704.400,8.05868713E+2,
704.5500,6.64326233E+2,
704.700,7.88460266E+2,
704.8500,7.12842468E+2,
705.00,5.69740845E+2,
705.1500,8.96366028E+2,
705.300,8.99029541E+2,
705.4500,7.32636292E+2,
705.600,8.02648376E+2,
705.7500,9.29767151E+2,
705.900,7.16467041E+2,
706.0500,6.95779785E+2,
706.200,5.60541809E+2,
706.3500,8.03120361E+2,
706.500,9.66571350E+2,
706.6500,7.38598694E+2,
706.800,9.49110168E+2,
706.9500,6.96515259E+2,
707.100,8.84840820E+2,
707.2500,1.02755469E+3,
707.400,9.48593140E+2,
707.5500,8.22178101E+2,
707.700,8.59935913E+2,
707.8500,6.97062012E+2,
708.00,7.70212158E+2,
708.1500,9.03156982E+2,
708.300,8.93848206E+2,
708.4500,8.60578064E+2,
708.600,8.75057434E+2,
708.7500,7.57375916E+2,
708.900,6.14893982E+2,
709.0500,6.77107788E+2,
709.200,8.00232483E+2,
709.3500,7.29502197E+2,
709.500,9.26601563E+2,
709.6500,9.41403809E+2,
709.800,8.45941528E+2,
709.9500,5.65531738E+2,
710.100,6.28721191E+2,
710.2500,1.01363513E+3,
710.400,9.17235107E+2,
710.5500,7.08443542E+2,
710.700,9.47168884E+2,
710.8500,7.74799683E+2,
711.00,6.26545654E+2,
711.1500,9.80133728E+2,
711.300,9.95465027E+2,
711.4500,7.32887329E+2,
711.600,1.14041443E+3,
711.7500,8.25934509E+2,
711.900,1.04486426E+3,
712.0500,8.30575867E+2,
712.200,7.43238647E+2,
712.3500,7.32504211E+2,
712.500,6.95929565E+2,
712.6500,9.04706299E+2,
712.800,8.55444458E+2,
712.9500,8.18896362E+2,
713.100,7.56026794E+2,
713.2500,8.88852966E+2,
713.400,8.25800293E+2,
713.5500,7.62387939E+2,
713.700,8.43614014E+2,
713.8500,8.32761841E+2,
714.00,7.68822266E+2,
714.1500,7.57657532E+2,
714.300,7.86412659E+2,
714.4500,6.54933167E+2,
714.600,8.04183716E+2,
714.7500,6.98894470E+2,
714.900,7.14315430E+2,
715.0500,7.97415649E+2,
715.200,7.86152283E+2,
715.3500,7.47632385E+2,
715.500,7.22519104E+2,
715.6500,7.79288330E+2,
715.800,5.89578979E+2,
715.9500,7.42539978E+2,
716.100,6.48173523E+2,
716.2500,7.88395264E+2,
716.400,6.38123352E+2,
716.5500,9.04353455E+2,
716.700,5.72122925E+2,
716.8500,6.57786316E+2,
717.00,7.15879883E+2,
717.1500,6.19419312E+2,
717.300,6.07103638E+2,
717.4500,6.37194153E+2,
717.600,4.11834747E+2,
717.7500,7.97591003E+2,
717.900,6.14228027E+2,
718.0500,5.58709595E+2,
718.200,5.74680054E+2,
718.3500,7.78045715E+2,
718.500,4.76839233E+2,
718.6500,8.40493958E+2,
718.800,6.39452087E+2,
718.9500,5.10122742E+2,
719.100,5.40814819E+2,
719.2500,7.18255005E+2,
719.400,6.46803955E+2,
719.5500,7.07618225E+2,
719.700,5.91368103E+2,
719.8500,6.37539734E+2,
720.00,6.39365845E+2,
720.1500,4.62248352E+2,
720.300,6.13098999E+2,
720.4500,6.44837891E+2,
720.600,5.41403015E+2,
720.7500,7.08848572E+2,
720.900,5.14249329E+2,
721.0500,5.15708862E+2,
721.200,7.14889954E+2,
721.3500,6.10123413E+2,
721.500,6.42428284E+2,
721.6500,7.66945984E+2,
721.800,7.69102783E+2,
721.9500,7.09568115E+2,
722.100,5.56852356E+2,
722.2500,4.18786957E+2,
722.400,5.28812500E+2,
722.5500,6.23844482E+2,
722.700,6.25564514E+2,
722.8500,6.27290283E+2,
723.00,6.60473633E+2,
723.1500,4.25778229E+2,
723.300,4.90224548E+2,
723.4500,6.97753540E+2,
723.600,4.92978302E+2,
723.7500,5.26257202E+2,
723.900,5.43729370E+2,
724.0500,6.57536194E+2,
724.200,5.62939575E+2,
724.3500,6.45227051E+2,
724.500,4.20616394E+2,
724.6500,5.84087097E+2,
724.800,6.18331543E+2,
724.9500,6.03816040E+2,
725.100,5.40096802E+2,
725.2500,5.90895508E+2,
725.400,4.93834991E+2,
725.5500,5.28279053E+2,
725.700,4.13912598E+2,
725.8500,7.13991821E+2,
726.00,4.16315369E+2,
726.1500,7.18067017E+2,
726.300,6.02855774E+2,
726.4500,4.70203217E+2,
726.600,7.91485413E+2,
726.7500,3.03973938E+2,
726.900,5.41918945E+2,
727.0500,5.26449463E+2,
727.200,6.47099304E+2,
727.3500,4.78121643E+2,
727.500,3.76701538E+2,
727.6500,5.83780518E+2,
727.800,4.82086487E+2,
727.9500,5.00683594E+2,
728.100,5.19368652E+2,
728.2500,4.86068909E+2,
728.400,8.35541443E+2,
728.5500,4.36368958E+2,
728.700,5.95089294E+2,
728.8500,4.21215729E+2,
729.00,4.04773834E+2,
729.1500,5.47091125E+2,
729.300,5.66319519E+2,
729.4500,5.85654419E+2,
729.600,5.87297607E+2,
729.7500,6.06793945E+2,
729.900,7.15883301E+2,
730.0500,4.48691589E+2,
730.200,5.57967346E+2,
730.3500,5.77613037E+2,
730.500,6.33572815E+2,
730.6500,2.54155716E+2,
730.800,6.37211487E+2,
730.9500,5.29492432E+2,
731.100,5.85915039E+2,
731.2500,7.52801697E+2,
731.400,6.26021912E+2,
731.5500,4.80063019E+2,
731.700,5.73988281E+2,
731.8500,5.94167297E+2,
732.00,4.65497711E+2,
732.1500,4.48109253E+2,
732.300,6.17848694E+2,
732.4500,7.69750183E+2,
732.600,5.08309448E+2,
732.7500,6.22985901E+2,
732.900,3.40751892E+2,
733.0500,6.07470459E+2,
733.200,3.61705872E+2,
733.3500,5.15458069E+2,
733.500,4.40338379E+2,
733.6500,5.56785156E+2,
733.800,5.39112122E+2,
733.9500,5.02028320E+2,
734.100,5.42196533E+2,
734.2500,5.82599121E+2,
734.400,6.62185059E+2,
734.5500,6.64097473E+2,
734.700,5.68075134E+2,
734.8500,4.91138306E+2,
735.00,6.10777405E+2,
735.1500,4.14931366E+2,
735.300,6.53893555E+2,
735.4500,4.76917175E+2,
735.600,6.57635437E+2,
735.7500,4.19692963E+2,
735.900,6.81450562E+2,
736.0500,5.42682983E+2,
736.200,4.63560730E+2,
736.3500,4.24419373E+2,
736.500,3.64793335E+2,
736.6500,4.06447784E+2,
736.800,8.35524597E+2,
736.9500,4.90444183E+2,
737.100,4.09797638E+2,
737.2500,5.34138245E+2,
737.400,4.53153656E+2,
737.5500,3.92391052E+2,
737.700,4.34840057E+2,
737.8500,6.43601929E+2,
738.00,5.82854553E+2,
738.1500,6.05208130E+2,
738.300,3.34758362E+2,
738.4500,5.87321777E+2,
738.600,5.67791687E+2,
738.7500,5.05993134E+2,
738.900,4.86150635E+2,
739.0500,6.99318237E+2,
739.200,4.67433594E+2,
739.3500,4.26053497E+2,
739.500,5.33964233E+2,
739.6500,7.28099487E+2,
739.800,7.08542053E+2,
739.9500,7.74989929E+2,
740.100,6.04409180E+2,
740.2500,6.06080444E+2,
740.400,7.16287354E+2,
740.5500,6.52974182E+2,
740.700,7.63917908E+2,
740.8500,5.69058289E+2,
741.00,6.80379517E+2,
741.1500,4.40174591E+2,
741.300,6.84167480E+2,
741.4500,4.42628113E+2,
741.600,6.21406982E+2,
741.7500,4.89611267E+2,
741.900,6.69518311E+2,
742.0500,6.48992981E+2,
742.200,7.62956543E+2,
742.3500,5.85024292E+2,
742.500,5.18930725E+2,
742.6500,4.75098511E+2,
742.800,6.35192749E+2,
742.9500,2.95717041E+2,
743.100,2.73717224E+2,
743.2500,5.94681335E+2,
743.400,3.44028290E+2,
743.5500,2.52980988E+2,
743.700,4.61232483E+2,
743.8500,3.23752747E+2,
744.00,3.94213318E+2,
744.1500,4.65069733E+2,
744.300,6.29590149E+2,
744.4500,1.63681915E+2,
744.600,2.34483414E+2,
744.7500,3.99734863E+2,
744.900,2.82954865E+2,
745.0500,3.31029938E+2,
745.200,3.08225128E+2,
745.3500,3.09068146E+2,
745.500,3.09914490E+2,
745.6500,3.34669495E+2,
745.800,3.59558258E+2,
745.9500,2.40364471E+2,
746.100,3.61507233E+2,
746.2500,3.62455566E+2,
746.400,2.90726227E+2,
746.5500,3.88653595E+2,
746.700,5.35805542E+2,
746.8500,2.68608551E+2,
747.00,2.44833557E+2,
747.1500,2.45440079E+2,
747.300,4.42886719E+2,
747.4500,3.20656494E+2,
747.600,1.23635643E+2,
747.7500,3.22251617E+2,
747.900,2.73353088E+2,
748.0500,4.73327667E+2,
748.200,2.74710266E+2,
748.3500,4.00568237E+2,
748.500,3.76463806E+2,
748.6500,3.01918732E+2,
748.800,3.53113007E+2,
748.9500,2.52850922E+2,
749.100,5.07019135E+2,
749.2500,4.06696777E+2,
749.400,5.35214844E+2,
749.5500,4.34426453E+2,
749.700,5.89326477E+2,
749.8500,3.33989624E+2,
750.00,3.09124725E+2,
750.1500,2.84133179E+2,
