Labels,32C_13_250K,
Type,Emission Scan,
Comment,,
Start,252.00,
Stop,750.00,
Step,0.150,
Fixed/Offset,248.400,
Xaxis,Wavelength,
Yaxis,Counts,
Scan Corr. by File,True,
Corr. by Ref. Det.,False,
Fixed/Offset Corr. by File,False,
Repeats,1,
Dwell Time,0.20,
Lamp,Xe,
Temp,27.050,
Scan Polariser,None,
Scan Slit,0.2520,
Fixed/Offset Polariser,None,
Fixed/Offset Slit,2.9970,
Detector,Red PMT,

252.00,4.05549609E+4,
252.1500,2.11237480E+4,
252.300,1.44760918E+4,
252.4500,1.72332656E+4,
252.600,1.91072520E+4,
252.7500,1.39209297E+4,
252.900,1.63914844E+4,
253.0500,1.68226055E+4,
253.200,1.82190859E+4,
253.3500,1.46362793E+4,
253.500,1.35943711E+4,
253.6500,1.53723555E+4,
253.800,1.74084219E+4,
253.9500,1.66019219E+4,
254.100,1.53404463E+4,
254.2500,1.82152422E+4,
254.400,1.62219561E+4,
254.5500,1.53043633E+4,
254.700,1.42030020E+4,
254.8500,1.72589434E+4,
255.00,1.62290361E+4,
255.1500,1.87181855E+4,
255.300,1.66049160E+4,
255.4500,1.76965020E+4,
255.600,1.96500527E+4,
255.7500,1.92018184E+4,
255.900,1.88293672E+4,
256.0500,1.98048711E+4,
256.200,2.07905352E+4,
256.3500,2.26286426E+4,
256.500,2.27199824E+4,
256.6500,2.01207266E+4,
256.800,2.06410684E+4,
256.9500,2.45202363E+4,
257.100,2.23234316E+4,
257.2500,2.45808750E+4,
257.400,2.75543457E+4,
257.5500,2.73727988E+4,
257.700,2.83690508E+4,
257.8500,2.97349453E+4,
258.00,2.88320117E+4,
258.1500,3.29983945E+4,
258.300,3.17150801E+4,
258.4500,3.17903359E+4,
258.600,3.62278945E+4,
258.7500,3.69161172E+4,
258.900,4.02407852E+4,
259.0500,3.94655469E+4,
259.200,4.12827188E+4,
259.3500,4.45958906E+4,
259.500,4.41165703E+4,
259.6500,4.36489414E+4,
259.800,4.80192656E+4,
259.9500,5.00271992E+4,
260.100,5.30090977E+4,
260.2500,5.40415117E+4,
260.400,5.81612500E+4,
260.5500,5.90508555E+4,
260.700,5.81309414E+4,
260.8500,5.89542578E+4,
261.00,6.32960352E+4,
261.1500,6.03196250E+4,
261.300,6.71166250E+4,
261.4500,6.92642734E+4,
261.600,7.32750156E+4,
261.7500,7.19332188E+4,
261.900,7.80803047E+4,
262.0500,7.88798828E+4,
262.200,7.92047422E+4,
262.3500,8.20059609E+4,
262.500,8.46345469E+4,
262.6500,8.28535313E+4,
262.800,8.62798125E+4,
262.9500,8.76565000E+4,
263.100,8.99384063E+4,
263.2500,8.74532188E+4,
263.400,9.37136875E+4,
263.5500,9.11463672E+4,
263.700,9.81962578E+4,
263.8500,1.01693836E+5,
264.00,1.05845711E+5,
264.1500,1.01804258E+5,
264.300,1.07189555E+5,
264.4500,1.06825445E+5,
264.600,1.10522875E+5,
264.7500,1.10093664E+5,
264.900,1.11319539E+5,
265.0500,1.11045406E+5,
265.200,1.10783375E+5,
265.3500,1.11578438E+5,
265.500,1.11791711E+5,
265.6500,1.17461055E+5,
265.800,1.17000055E+5,
265.9500,1.16765633E+5,
266.100,1.17252039E+5,
266.2500,1.17706039E+5,
266.400,1.20487727E+5,
266.5500,1.23421102E+5,
266.700,1.26149578E+5,
266.8500,1.25041820E+5,
267.00,1.31476313E+5,
267.1500,1.25756938E+5,
267.300,1.25993047E+5,
267.4500,1.31588234E+5,
267.600,1.27452594E+5,
267.7500,1.28635711E+5,
267.900,1.30289570E+5,
268.0500,1.34463047E+5,
268.200,1.30130313E+5,
268.3500,1.30397828E+5,
268.500,1.31239734E+5,
268.6500,1.33032656E+5,
268.800,1.31145016E+5,
268.9500,1.32815922E+5,
269.100,1.32796422E+5,
269.2500,1.34711563E+5,
269.400,1.33369531E+5,
269.5500,1.36216531E+5,
269.700,1.31751141E+5,
269.8500,1.32726734E+5,
270.00,1.30782219E+5,
270.1500,1.34199422E+5,
270.300,1.34311063E+5,
270.4500,1.32872188E+5,
270.600,1.37505563E+5,
270.7500,1.33549109E+5,
270.900,1.35080594E+5,
271.0500,1.35602047E+5,
271.200,1.35789469E+5,
271.3500,1.37087422E+5,
271.500,1.35564531E+5,
271.6500,1.36627016E+5,
271.800,1.36387734E+5,
271.9500,1.32315344E+5,
272.100,1.35872500E+5,
272.2500,1.37686406E+5,
272.400,1.34247438E+5,
272.5500,1.30741320E+5,
272.700,1.32078484E+5,
272.8500,1.33227813E+5,
273.00,1.33411906E+5,
273.1500,1.32522906E+5,
273.300,1.31692516E+5,
273.4500,1.31967281E+5,
273.600,1.31525313E+5,
273.7500,1.33087469E+5,
273.900,1.33954297E+5,
274.0500,1.33262172E+5,
274.200,1.33700047E+5,
274.3500,1.31403906E+5,
274.500,1.29426719E+5,
274.6500,1.32225938E+5,
274.800,1.31610156E+5,
274.9500,1.30751219E+5,
275.100,1.32049438E+5,
275.2500,1.35863672E+5,
275.400,1.33782891E+5,
275.5500,1.32199797E+5,
275.700,1.31031797E+5,
275.8500,1.30994867E+5,
276.00,1.30747477E+5,
276.1500,1.31580688E+5,
276.300,1.32696344E+5,
276.4500,1.31535766E+5,
276.600,1.30631750E+5,
276.7500,1.34667266E+5,
276.900,1.34259828E+5,
277.0500,1.34491859E+5,
277.200,1.32334375E+5,
277.3500,1.32897625E+5,
277.500,1.29465117E+5,
277.6500,1.31859484E+5,
277.800,1.35168578E+5,
277.9500,1.27946430E+5,
278.100,1.32153875E+5,
278.2500,1.33548063E+5,
278.400,1.33528406E+5,
278.5500,1.31884750E+5,
278.700,1.31907250E+5,
278.8500,1.32498797E+5,
279.00,1.33125844E+5,
279.1500,1.36848328E+5,
279.300,1.31895906E+5,
279.4500,1.29395586E+5,
279.600,1.32321875E+5,
279.7500,1.34770703E+5,
279.900,1.31942734E+5,
280.0500,1.31474313E+5,
280.200,1.34406078E+5,
280.3500,1.29403523E+5,
280.500,1.29478313E+5,
280.6500,1.27640148E+5,
280.800,1.30086453E+5,
280.9500,1.28880242E+5,
281.100,1.26724523E+5,
281.2500,1.28265391E+5,
281.400,1.29285008E+5,
281.5500,1.27131609E+5,
281.700,1.27773383E+5,
281.8500,1.26871969E+5,
282.00,1.26383789E+5,
282.1500,1.25732922E+5,
282.300,1.24648516E+5,
282.4500,1.21695867E+5,
282.600,1.23736672E+5,
282.7500,1.24013625E+5,
282.900,1.21106156E+5,
283.0500,1.19862000E+5,
283.200,1.19633469E+5,
283.3500,1.17668203E+5,
283.500,1.17414898E+5,
283.6500,1.17124359E+5,
283.800,1.18634422E+5,
283.9500,1.16073164E+5,
284.100,1.18331328E+5,
284.2500,1.15273320E+5,
284.400,1.16021578E+5,
284.5500,1.14177859E+5,
284.700,1.14477031E+5,
284.8500,1.13292992E+5,
285.00,1.16476438E+5,
285.1500,1.17023805E+5,
285.300,1.14989281E+5,
285.4500,1.14839219E+5,
285.600,1.14608172E+5,
285.7500,1.10555156E+5,
285.900,1.08068180E+5,
286.0500,1.06569609E+5,
286.200,1.06585719E+5,
286.3500,1.02427750E+5,
286.500,1.03830391E+5,
286.6500,1.04436805E+5,
286.800,1.02454570E+5,
286.9500,1.04853547E+5,
287.100,9.98478984E+4,
287.2500,9.85859922E+4,
287.400,1.01484109E+5,
287.5500,9.70414922E+4,
287.700,1.00791172E+5,
287.8500,9.76048906E+4,
288.00,9.64645156E+4,
288.1500,9.80679922E+4,
288.300,9.50080078E+4,
288.4500,9.26090156E+4,
288.600,9.10596797E+4,
288.7500,9.11313906E+4,
288.900,9.24850000E+4,
289.0500,8.90181484E+4,
289.200,8.89533438E+4,
289.3500,8.73383672E+4,
289.500,8.90028906E+4,
289.6500,8.51225469E+4,
289.800,8.81657266E+4,
289.9500,8.79219219E+4,
290.100,8.62752500E+4,
290.2500,8.53066641E+4,
290.400,8.52775078E+4,
290.5500,8.20691172E+4,
290.700,8.12922266E+4,
290.8500,8.24605156E+4,
291.00,8.21387344E+4,
291.1500,8.02876172E+4,
291.300,8.05391563E+4,
291.4500,7.88621250E+4,
291.600,7.82446172E+4,
291.7500,7.66797500E+4,
291.900,7.46753281E+4,
292.0500,7.50088672E+4,
292.200,7.23887656E+4,
292.3500,7.40530078E+4,
292.500,7.08958516E+4,
292.6500,7.44822656E+4,
292.800,7.27906719E+4,
292.9500,7.07006719E+4,
293.100,7.16720078E+4,
293.2500,6.99150000E+4,
293.400,7.07533906E+4,
293.5500,7.08574766E+4,
293.700,7.01617891E+4,
293.8500,6.99539531E+4,
294.00,6.98764141E+4,
294.1500,6.91566953E+4,
294.300,6.99043281E+4,
294.4500,6.97887109E+4,
294.600,6.66034453E+4,
294.7500,6.75647031E+4,
294.900,6.63957422E+4,
295.0500,6.51862813E+4,
295.200,6.54715039E+4,
295.3500,6.52043867E+4,
295.500,6.47019297E+4,
295.6500,6.42776836E+4,
295.800,6.22346680E+4,
295.9500,6.19109141E+4,
296.100,6.18925781E+4,
296.2500,6.27533945E+4,
296.400,6.25299922E+4,
296.5500,6.19356680E+4,
296.700,6.19296602E+4,
296.8500,6.11596641E+4,
297.00,6.21867266E+4,
297.1500,6.06386523E+4,
297.300,6.00846445E+4,
297.4500,5.97769844E+4,
297.600,6.16962773E+4,
297.7500,6.03880938E+4,
297.900,5.83770977E+4,
298.0500,6.06762617E+4,
298.200,5.94383750E+4,
298.3500,5.82024727E+4,
298.500,5.83143320E+4,
298.6500,6.00158555E+4,
298.800,5.88849336E+4,
298.9500,6.06310586E+4,
299.100,6.06057461E+4,
299.2500,6.12121641E+4,
299.400,6.11299258E+4,
299.5500,6.24909922E+4,
299.700,6.15358711E+4,
299.8500,6.13606836E+4,
300.00,6.10583477E+4,
300.1500,6.11733945E+4,
300.300,6.26300664E+4,
300.4500,6.18513008E+4,
300.600,6.08945234E+4,
300.7500,6.36766250E+4,
300.900,6.21550547E+4,
301.0500,6.18158711E+4,
301.200,6.22022891E+4,
301.3500,6.17687852E+4,
301.500,6.13603750E+4,
301.6500,6.16700234E+4,
301.800,6.13500664E+4,
301.9500,6.09970273E+4,
302.100,6.29400898E+4,
302.2500,6.07302227E+4,
302.400,6.25999570E+4,
302.5500,6.15919453E+4,
302.700,6.17390820E+4,
302.8500,6.15476250E+4,
303.00,6.13027031E+4,
303.1500,6.13271133E+4,
303.300,6.09312539E+4,
303.4500,6.03906719E+4,
303.600,6.20100273E+4,
303.7500,6.13749492E+4,
303.900,6.15868438E+4,
304.0500,6.00474492E+4,
304.200,6.26081914E+4,
304.3500,6.16796523E+4,
304.500,6.17977305E+4,
304.6500,6.19009297E+4,
304.800,6.11744023E+4,
304.9500,6.12717656E+4,
305.100,6.29240313E+4,
305.2500,6.16015742E+4,
305.400,6.38311289E+4,
305.5500,6.24409883E+4,
305.700,6.24890195E+4,
305.8500,6.17249961E+4,
306.00,6.18610430E+4,
306.1500,6.31624141E+4,
306.300,6.30536992E+4,
306.4500,6.21627813E+4,
306.600,6.37483633E+4,
306.7500,6.28495391E+4,
306.900,6.11823984E+4,
307.0500,6.12544414E+4,
307.200,6.25716680E+4,
307.3500,6.28924141E+4,
307.500,6.14294492E+4,
307.6500,6.11861250E+4,
307.800,6.18950195E+4,
307.9500,6.27286094E+4,
308.100,6.08325156E+4,
308.2500,6.13351250E+4,
308.400,6.22978594E+4,
308.5500,6.20461328E+4,
308.700,6.06033828E+4,
308.8500,6.20794375E+4,
309.00,6.18914336E+4,
309.1500,6.14466992E+4,
309.300,6.06029492E+4,
309.4500,6.26918047E+4,
309.600,6.10731406E+4,
309.7500,6.18226836E+4,
309.900,6.05577695E+4,
310.0500,6.09527500E+4,
310.200,6.10783945E+4,
310.3500,6.07970820E+4,
310.500,6.09155352E+4,
310.6500,5.98758672E+4,
310.800,6.14462852E+4,
310.9500,6.02658516E+4,
311.100,5.99353711E+4,
311.2500,6.01286484E+4,
311.400,6.04432227E+4,
311.5500,5.98915781E+4,
311.700,5.99267813E+4,
311.8500,5.89840742E+4,
312.00,5.96852539E+4,
312.1500,5.97684414E+4,
312.300,6.00410156E+4,
312.4500,6.09553633E+4,
312.600,6.01387891E+4,
312.7500,5.89667422E+4,
312.900,6.01482266E+4,
313.0500,5.88508320E+4,
313.200,5.89214023E+4,
313.3500,5.86009258E+4,
313.500,5.95928984E+4,
313.6500,6.02618711E+4,
313.800,5.90568867E+4,
313.9500,5.95437461E+4,
314.100,5.88885391E+4,
314.2500,5.82752930E+4,
314.400,5.80499648E+4,
314.5500,5.69997500E+4,
314.700,5.70242383E+4,
314.8500,5.66873867E+4,
315.00,5.72436719E+4,
315.1500,5.71692773E+4,
315.300,5.76043359E+4,
315.4500,5.71587617E+4,
315.600,5.81183281E+4,
315.7500,5.78013203E+4,
315.900,5.67192109E+4,
316.0500,5.66527891E+4,
316.200,5.62619258E+4,
316.3500,5.68218555E+4,
316.500,5.59910039E+4,
316.6500,5.66366680E+4,
316.800,5.54892578E+4,
316.9500,5.53871172E+4,
317.100,5.49467188E+4,
317.2500,5.51277461E+4,
317.400,5.43277734E+4,
317.5500,5.40821484E+4,
317.700,5.35439023E+4,
317.8500,5.33888242E+4,
318.00,5.32908867E+4,
318.1500,5.34212344E+4,
318.300,5.28707656E+4,
318.4500,5.25734336E+4,
318.600,5.30993359E+4,
318.7500,5.38661641E+4,
318.900,5.20960703E+4,
319.0500,5.13148594E+4,
319.200,5.16348984E+4,
319.3500,5.13846406E+4,
319.500,5.02096211E+4,
319.6500,4.97955000E+4,
319.800,5.03753320E+4,
319.9500,4.98030313E+4,
320.100,5.08593359E+4,
320.2500,4.97608711E+4,
320.400,4.93330938E+4,
320.5500,4.96119727E+4,
320.700,4.92564531E+4,
320.8500,4.84037813E+4,
321.00,4.94711406E+4,
321.1500,4.83980547E+4,
321.300,4.85693359E+4,
321.4500,4.75238672E+4,
321.600,4.78504258E+4,
321.7500,4.76961523E+4,
321.900,4.61908164E+4,
322.0500,4.61765820E+4,
322.200,4.81918789E+4,
322.3500,4.74338555E+4,
322.500,4.68475156E+4,
322.6500,4.66593750E+4,
322.800,4.62884688E+4,
322.9500,4.66665977E+4,
323.100,4.60611992E+4,
323.2500,4.66783750E+4,
323.400,4.50855625E+4,
323.5500,4.48429883E+4,
323.700,4.42398164E+4,
323.8500,4.45406680E+4,
324.00,4.41595039E+4,
324.1500,4.29902813E+4,
324.300,4.33088359E+4,
324.4500,4.28219844E+4,
324.600,4.35416172E+4,
324.7500,4.36548359E+4,
324.900,4.31389492E+4,
325.0500,4.34686523E+4,
325.200,4.22184297E+4,
325.3500,4.26273203E+4,
325.500,4.20296406E+4,
325.6500,4.16973242E+4,
325.800,4.18224531E+4,
325.9500,4.11236211E+4,
326.100,4.14831602E+4,
326.2500,4.09739805E+4,
326.400,3.93928164E+4,
326.5500,3.98411563E+4,
326.700,3.92404961E+4,
326.8500,4.03980156E+4,
327.00,3.87187227E+4,
327.1500,3.93698516E+4,
327.300,3.89020078E+4,
327.4500,3.86363086E+4,
327.600,3.94051523E+4,
327.7500,3.77747852E+4,
327.900,3.76968594E+4,
328.0500,3.66263438E+4,
328.200,3.76611641E+4,
328.3500,3.71366133E+4,
328.500,3.71520195E+4,
328.6500,3.68054375E+4,
328.800,3.65183555E+4,
328.9500,3.55079414E+4,
329.100,3.64259805E+4,
329.2500,3.56923398E+4,
329.400,3.51710938E+4,
329.5500,3.40699297E+4,
329.700,3.44943164E+4,
329.8500,3.38011875E+4,
330.00,3.34121914E+4,
330.1500,3.41887969E+4,
330.300,3.29753047E+4,
330.4500,3.22768906E+4,
330.600,3.17234063E+4,
330.7500,3.13248125E+4,
330.900,3.19411211E+4,
331.0500,3.19315449E+4,
331.200,3.18358594E+4,
331.3500,3.13049082E+4,
331.500,3.04997578E+4,
331.6500,3.05404238E+4,
331.800,3.02143594E+4,
331.9500,3.01143281E+4,
332.100,2.98805508E+4,
332.2500,3.00784941E+4,
332.400,2.89451836E+4,
332.5500,2.85878770E+4,
332.700,2.85072969E+4,
332.8500,2.88380254E+4,
333.00,2.81864883E+4,
333.1500,2.83857090E+4,
333.300,2.76063320E+4,
333.4500,2.67706035E+4,
333.600,2.73336152E+4,
333.7500,2.75013164E+4,
333.900,2.65249414E+4,
334.0500,2.61844434E+4,
334.200,2.69710078E+4,
334.3500,2.60895117E+4,
334.500,2.56521230E+4,
334.6500,2.60903105E+4,
334.800,2.54836680E+4,
334.9500,2.48483145E+4,
335.100,2.52766914E+4,
335.2500,2.38792480E+4,
335.400,2.39324141E+4,
335.5500,2.43876836E+4,
335.700,2.40209824E+4,
335.8500,2.28295352E+4,
336.00,2.25874453E+4,
336.1500,2.20343535E+4,
336.300,2.23416777E+4,
336.4500,2.28555762E+4,
336.600,2.15553125E+4,
336.7500,2.15511309E+4,
336.900,2.13468613E+4,
337.0500,2.10056699E+4,
337.200,2.04210000E+4,
337.3500,2.02395430E+4,
337.500,2.03300742E+4,
337.6500,2.08795488E+4,
337.800,2.01106895E+4,
337.9500,2.08098984E+4,
338.100,1.98623477E+4,
338.2500,2.03467109E+4,
338.400,2.02430332E+4,
338.5500,1.99142402E+4,
338.700,1.92541367E+4,
338.8500,1.91854902E+4,
339.00,1.89514238E+4,
339.1500,1.89500234E+4,
339.300,1.83182813E+4,
339.4500,1.79827402E+4,
339.600,1.77097500E+4,
339.7500,1.80830313E+4,
339.900,1.78716602E+4,
340.0500,1.74306191E+4,
340.200,1.71977227E+4,
340.3500,1.70643906E+4,
340.500,1.68617930E+4,
340.6500,1.69828066E+4,
340.800,1.68347930E+4,
340.9500,1.64984219E+4,
341.100,1.65065352E+4,
341.2500,1.59756670E+4,
341.400,1.55878955E+4,
341.5500,1.53422148E+4,
341.700,1.57200361E+4,
341.8500,1.55619336E+4,
342.00,1.51411699E+4,
342.1500,1.44669697E+4,
342.300,1.51000664E+4,
342.4500,1.50164355E+4,
342.600,1.44174199E+4,
342.7500,1.42712227E+4,
342.900,1.41255986E+4,
343.0500,1.44682930E+4,
343.200,1.43074453E+4,
343.3500,1.42018691E+4,
343.500,1.37666709E+4,
343.6500,1.38740781E+4,
343.800,1.34565020E+4,
343.9500,1.32843066E+4,
344.100,1.31294355E+4,
344.2500,1.32677793E+4,
344.400,1.27576221E+4,
344.5500,1.29912939E+4,
344.700,1.26474961E+4,
344.8500,1.27230840E+4,
345.00,1.26740732E+4,
345.1500,1.24543721E+4,
345.300,1.20005586E+4,
345.4500,1.20182031E+4,
345.600,1.20707578E+4,
345.7500,1.17175801E+4,
345.900,1.16745039E+4,
346.0500,1.15788350E+4,
346.200,1.13668857E+4,
346.3500,1.10551006E+4,
346.500,1.09952012E+4,
346.6500,1.12137451E+4,
346.800,1.11564170E+4,
346.9500,1.09567324E+4,
347.100,1.11021807E+4,
347.2500,1.10538857E+4,
347.400,1.09350840E+4,
347.5500,1.04869385E+4,
347.700,1.06289180E+4,
347.8500,1.02905449E+4,
348.00,1.02559697E+4,
348.1500,1.02358574E+4,
348.300,1.01017705E+4,
348.4500,9.95448730E+3,
348.600,9.65863281E+3,
348.7500,1.00040781E+4,
348.900,9.70132813E+3,
349.0500,9.72067090E+3,
349.200,9.60244434E+3,
349.3500,9.60751270E+3,
349.500,9.46024316E+3,
349.6500,9.41675195E+3,
349.800,9.53019629E+3,
349.9500,9.24404785E+3,
350.100,8.96330664E+3,
350.2500,9.15218164E+3,
350.400,9.09415430E+3,
350.5500,8.74628711E+3,
350.700,8.51726758E+3,
350.8500,8.58585938E+3,
351.00,8.76206055E+3,
351.1500,8.48901367E+3,
351.300,8.58965137E+3,
351.4500,8.56161816E+3,
351.600,8.32029297E+3,
351.7500,8.28020996E+3,
351.900,8.32563770E+3,
352.0500,8.07180371E+3,
352.200,8.10994775E+3,
352.3500,7.80978613E+3,
352.500,7.64931836E+3,
352.6500,7.88161133E+3,
352.800,7.61529980E+3,
352.9500,7.88146338E+3,
353.100,7.50821729E+3,
353.2500,7.65708838E+3,
353.400,7.49203027E+3,
353.5500,7.45771875E+3,
353.700,7.67972510E+3,
353.8500,7.61763867E+3,
354.00,7.24703418E+3,
354.1500,7.32882568E+3,
354.300,7.19401367E+3,
354.4500,6.93527490E+3,
354.600,7.28043018E+3,
354.7500,7.11534668E+3,
354.900,6.84714648E+3,
355.0500,6.76174756E+3,
355.200,6.90791992E+3,
355.3500,6.71972900E+3,
355.500,6.80521436E+3,
355.6500,6.70901563E+3,
355.800,6.79148584E+3,
355.9500,6.52306445E+3,
356.100,6.59863428E+3,
356.2500,6.59852051E+3,
356.400,6.51397021E+3,
356.5500,6.23131055E+3,
356.700,6.33003223E+3,
356.8500,6.35146680E+3,
357.00,6.33568848E+3,
357.1500,6.26211621E+3,
357.300,6.29931934E+3,
357.4500,6.46914453E+3,
357.600,6.12616846E+3,
357.7500,6.06312793E+3,
357.900,5.77123047E+3,
358.0500,6.08281689E+3,
358.200,5.81948584E+3,
358.3500,5.53310400E+3,
358.500,5.89592529E+3,
358.6500,5.80308301E+3,
358.800,5.65960791E+3,
358.9500,5.84089453E+3,
359.100,5.43933789E+3,
359.2500,5.67723047E+3,
359.400,5.64772852E+3,
359.5500,5.69719531E+3,
359.700,5.42766357E+3,
359.8500,5.48614160E+3,
360.00,5.77186426E+3,
360.1500,5.41551172E+3,
360.300,5.22732861E+3,
360.4500,5.45680713E+3,
360.600,5.19691260E+3,
360.7500,5.33106543E+3,
360.900,5.28575977E+3,
361.0500,5.30625732E+3,
361.200,5.28833789E+3,
361.3500,5.18423828E+3,
361.500,5.27371582E+3,
361.6500,5.22253027E+3,
361.800,5.15289844E+3,
361.9500,5.02557178E+3,
362.100,5.06963281E+3,
362.2500,5.07476660E+3,
362.400,5.00569629E+3,
362.5500,5.06054248E+3,
362.700,4.84595166E+3,
362.8500,5.08578027E+3,
363.00,4.92534180E+3,
363.1500,4.92126660E+3,
363.300,5.01938867E+3,
363.4500,4.70136914E+3,
363.600,4.73862549E+3,
363.7500,4.79616162E+3,
363.900,4.79271973E+3,
364.0500,4.74020850E+3,
364.200,4.71319238E+3,
364.3500,4.55719873E+3,
364.500,4.53482031E+3,
364.6500,4.70968066E+3,
364.800,4.79567334E+3,
364.9500,4.66502783E+3,
365.100,4.59187695E+3,
365.2500,4.44873145E+3,
365.400,4.65880859E+3,
365.5500,4.63555859E+3,
365.700,4.55892920E+3,
365.8500,4.56981152E+3,
366.00,4.42857471E+3,
366.1500,4.30780615E+3,
366.300,4.34703857E+3,
366.4500,4.52180078E+3,
366.600,4.49985156E+3,
366.7500,4.54659424E+3,
366.900,4.37238281E+3,
367.0500,4.38623340E+3,
367.200,4.53464209E+3,
367.3500,4.20036523E+3,
367.500,4.49045654E+3,
367.6500,4.29898926E+3,
367.800,4.27849805E+3,
367.9500,4.59237744E+3,
368.100,4.27350049E+3,
368.2500,4.60786084E+3,
368.400,4.30130713E+3,
368.5500,4.39098926E+3,
368.700,4.39429199E+3,
368.8500,4.30405615E+3,
369.00,4.34961426E+3,
369.1500,4.38926025E+3,
369.300,4.44400977E+3,
369.4500,4.28646875E+3,
369.600,4.32060303E+3,
369.7500,4.53950439E+3,
369.900,4.32283398E+3,
370.0500,4.45623145E+3,
370.200,4.35444775E+3,
370.3500,4.33921143E+3,
370.500,4.51814209E+3,
370.6500,4.22358740E+3,
370.800,4.25543701E+3,
370.9500,4.18714697E+3,
371.100,4.39823438E+3,
371.2500,4.38873535E+3,
371.400,4.34253613E+3,
371.5500,4.24700000E+3,
371.700,4.33900781E+3,
371.8500,4.40692969E+3,
372.00,4.28654102E+3,
372.1500,4.31931201E+3,
372.300,4.17380225E+3,
372.4500,4.26673242E+3,
372.600,4.47527490E+3,
372.7500,4.15528027E+3,
372.900,4.19741797E+3,
373.0500,4.18362061E+3,
373.200,4.23994971E+3,
373.3500,4.29972363E+3,
373.500,4.28597070E+3,
373.6500,4.21519287E+3,
373.800,4.31589990E+3,
373.9500,4.17609082E+3,
374.100,4.12155713E+3,
374.2500,4.30804639E+3,
374.400,4.01458545E+3,
374.5500,4.06478760E+3,
374.700,4.20117969E+3,
374.8500,4.10504883E+3,
375.00,4.16377441E+3,
375.1500,4.11432568E+3,
375.300,4.22414795E+3,
375.4500,4.23596143E+3,
375.600,4.13474219E+3,
375.7500,4.04271021E+3,
375.900,4.17459424E+3,
376.0500,4.11585205E+3,
376.200,4.06431323E+3,
376.3500,4.06298682E+3,
376.500,4.21465625E+3,
376.6500,4.07428784E+3,
376.800,4.05263013E+3,
376.9500,4.16435938E+3,
377.100,4.24541846E+3,
377.2500,3.96221729E+3,
377.400,4.19487451E+3,
377.5500,3.95188306E+3,
377.700,4.07382202E+3,
377.8500,4.12610742E+3,
378.00,3.96396289E+3,
378.1500,4.14297852E+3,
378.300,4.08934521E+3,
378.4500,4.17365918E+3,
378.600,3.98778149E+3,
378.7500,3.89964233E+3,
378.900,4.00743018E+3,
379.0500,3.94120874E+3,
379.200,3.80333203E+3,
379.3500,3.82236328E+3,
379.500,3.86963208E+3,
379.6500,3.90353735E+3,
379.800,3.85290942E+3,
379.9500,3.95299512E+3,
380.100,3.92495801E+3,
380.2500,3.97089575E+3,
380.400,3.92623022E+3,
380.5500,3.90805688E+3,
380.700,3.74240527E+3,
380.8500,3.85078101E+3,
381.00,3.85914453E+3,
381.1500,3.88900122E+3,
381.300,3.95787817E+3,
381.4500,3.77956421E+3,
381.600,3.68795825E+3,
381.7500,3.75377661E+3,
381.900,3.76608911E+3,
382.0500,3.84103076E+3,
382.200,3.75748438E+3,
382.3500,3.83815137E+3,
382.500,3.70219434E+3,
382.6500,3.79237183E+3,
382.800,3.81201465E+3,
382.9500,3.75038940E+3,
383.100,3.53323145E+3,
383.2500,3.73118872E+3,
383.400,3.55461450E+3,
383.5500,3.73134058E+3,
383.700,3.69125952E+3,
383.8500,3.54426855E+3,
384.00,3.69347217E+3,
384.1500,3.44787549E+3,
384.300,3.63088916E+3,
384.4500,3.61314673E+3,
384.600,3.55495313E+3,
384.7500,3.52039258E+3,
384.900,3.48445581E+3,
385.0500,3.40810107E+3,
385.200,3.35639136E+3,
385.3500,3.50898853E+3,
385.500,3.37408325E+3,
385.6500,3.49844336E+3,
385.800,3.54553491E+3,
385.9500,3.52040601E+3,
386.100,3.47239453E+3,
386.2500,3.54225244E+3,
386.400,3.42886597E+3,
386.5500,3.44079370E+3,
386.700,3.27036621E+3,
386.8500,3.38882422E+3,
387.00,3.28885742E+3,
387.1500,3.32392114E+3,
387.300,3.32269312E+3,
387.4500,3.38327490E+3,
387.600,3.37001147E+3,
387.7500,3.38536206E+3,
387.900,3.34525073E+3,
388.0500,3.29315210E+3,
388.200,3.27524902E+3,
388.3500,3.38715991E+3,
388.500,3.37519971E+3,
388.6500,3.30093530E+3,
388.800,3.35006226E+3,
388.9500,3.28507129E+3,
389.100,3.43406519E+3,
389.2500,3.35366333E+3,
389.400,3.28981421E+3,
389.5500,3.34085010E+3,
389.700,3.15565479E+3,
389.8500,3.14976465E+3,
390.00,3.21552808E+3,
390.1500,3.41089600E+3,
390.300,3.35086499E+3,
390.4500,3.39571509E+3,
390.600,3.29395850E+3,
390.7500,3.26210425E+3,
390.900,3.29544702E+3,
391.0500,3.38524365E+3,
391.200,3.22460059E+3,
391.3500,3.12058008E+3,
391.500,3.17061792E+3,
391.6500,3.14164624E+3,
391.800,3.22738989E+3,
391.9500,3.19562793E+3,
392.100,3.26434058E+3,
392.2500,3.35734814E+3,
392.400,3.16229126E+3,
392.5500,3.23390869E+3,
392.700,3.36793799E+3,
392.8500,3.28868311E+3,
393.00,3.35147705E+3,
393.1500,3.33644531E+3,
393.300,3.27483643E+3,
393.4500,3.22192407E+3,
393.600,3.11704492E+3,
393.7500,3.26449316E+3,
393.900,3.32720801E+3,
394.0500,3.32208447E+3,
394.200,3.39624731E+3,
394.3500,3.18206909E+3,
394.500,3.15716455E+3,
394.6500,3.22020996E+3,
394.800,3.24968457E+3,
394.9500,3.29160913E+3,
395.100,3.38337256E+3,
395.2500,3.27959741E+3,
395.400,3.23012354E+3,
395.5500,3.32166455E+3,
395.700,3.37574146E+3,
395.8500,3.53016016E+3,
396.00,3.33785449E+3,
396.1500,3.37823462E+3,
396.300,3.41305444E+3,
396.4500,3.34382959E+3,
396.600,3.23385498E+3,
396.7500,3.34115039E+3,
396.900,3.20022729E+3,
397.0500,3.30064380E+3,
397.200,3.28826538E+3,
397.3500,3.24473901E+3,
397.500,3.26370020E+3,
397.6500,3.26369458E+3,
397.800,3.20017480E+3,
397.9500,3.15439551E+3,
398.100,3.26289502E+3,
398.2500,3.10458154E+3,
398.400,3.28179663E+3,
398.5500,3.17359131E+3,
398.700,3.04950781E+3,
398.8500,3.01695532E+3,
399.00,2.95633350E+3,
399.1500,3.04357495E+3,
399.300,3.02896387E+3,
399.4500,3.01573413E+3,
399.600,3.06935791E+3,
399.7500,2.97471118E+3,
399.900,2.95894800E+3,
400.0500,2.81682227E+3,
400.200,2.70361353E+3,
400.3500,2.80288892E+3,
400.500,2.68710791E+3,
400.6500,2.71312573E+3,
400.800,2.73908374E+3,
400.9500,2.83925244E+3,
401.100,2.88852222E+3,
401.2500,2.80831909E+3,
401.400,2.70377002E+3,
401.5500,2.68413477E+3,
401.700,2.73366333E+3,
401.8500,2.73556201E+3,
402.00,2.74054663E+3,
402.1500,2.77177783E+3,
402.300,2.74344116E+3,
402.4500,2.78225586E+3,
402.600,2.82707837E+3,
402.7500,2.74265039E+3,
402.900,2.87698755E+3,
403.0500,2.78214209E+3,
403.200,2.80404907E+3,
403.3500,2.80930225E+3,
403.500,2.67874585E+3,
403.6500,2.65858765E+3,
403.800,2.61593066E+3,
403.9500,2.74026245E+3,
404.100,2.63016284E+3,
404.2500,2.61785205E+3,
404.400,2.56965747E+3,
404.5500,2.45430249E+3,
404.700,2.64398486E+3,
404.8500,2.38713257E+3,
405.00,2.55710840E+3,
405.1500,2.50212524E+3,
405.300,2.52757397E+3,
405.4500,2.53664966E+3,
405.600,2.61396826E+3,
405.7500,2.50590039E+3,
405.900,2.53131445E+3,
406.0500,2.37182568E+3,
406.200,2.47852051E+3,
406.3500,2.48024414E+3,
406.500,2.42302979E+3,
406.6500,2.34829004E+3,
406.800,2.37226538E+3,
406.9500,2.32862598E+3,
407.100,2.26146484E+3,
407.2500,2.39228931E+3,
407.400,2.35006104E+3,
407.5500,2.39131226E+3,
407.700,2.35213867E+3,
407.8500,2.24885913E+3,
408.00,2.32221191E+3,
408.1500,2.30665186E+3,
408.300,2.30132446E+3,
408.4500,2.29021265E+3,
408.600,2.30962671E+3,
408.7500,2.25505737E+3,
408.900,2.20785962E+3,
409.0500,2.11888794E+3,
409.200,2.24428394E+3,
409.3500,2.13252734E+3,
409.500,2.18265625E+3,
409.6500,2.06396094E+3,
409.800,2.24666870E+3,
409.9500,2.18286157E+3,
410.100,2.27456201E+3,
410.2500,2.17925342E+3,
410.400,2.17891211E+3,
410.5500,2.13122241E+3,
410.700,2.14671875E+3,
410.8500,2.16936743E+3,
411.00,2.10751929E+3,
411.1500,2.06141602E+3,
411.300,2.09687402E+3,
411.4500,2.12657349E+3,
411.600,2.16051807E+3,
411.7500,2.20582690E+3,
411.900,2.04591382E+3,
412.0500,1.97452405E+3,
412.200,2.11945972E+3,
412.3500,2.09219653E+3,
412.500,2.10191333E+3,
412.6500,2.09601636E+3,
412.800,2.08872144E+3,
412.9500,2.03894141E+3,
413.100,2.14916870E+3,
413.2500,2.09792627E+3,
413.400,2.03264319E+3,
413.5500,1.93075183E+3,
413.700,1.98004016E+3,
413.8500,1.99259753E+3,
414.00,1.97414551E+3,
414.1500,2.04583008E+3,
414.300,1.88386548E+3,
414.4500,2.06096802E+3,
414.600,1.92314185E+3,
414.7500,1.87256494E+3,
414.900,1.99039392E+3,
415.0500,2.00718115E+3,
415.200,1.86015381E+3,
415.3500,1.96809314E+3,
415.500,1.95559631E+3,
415.6500,1.86623853E+3,
415.800,1.79237354E+3,
415.9500,1.79958728E+3,
416.100,1.85423730E+3,
416.2500,1.92137549E+3,
416.400,1.96614148E+3,
416.5500,1.82982581E+3,
416.700,1.94280237E+3,
416.8500,1.99723132E+3,
417.00,1.96959351E+3,
417.1500,1.86833569E+3,
417.300,1.90048328E+3,
417.4500,1.95618396E+3,
417.600,1.90783606E+3,
417.7500,1.85955530E+3,
417.900,2.00798535E+3,
418.0500,2.00955701E+3,
418.200,1.94892200E+3,
418.3500,1.97407312E+3,
418.500,2.02959924E+3,
418.6500,1.89451404E+3,
418.800,2.03836169E+3,
418.9500,2.04964355E+3,
419.100,2.18221606E+3,
419.2500,2.21819702E+3,
419.400,2.28581763E+3,
419.5500,2.31758936E+3,
419.700,2.28606274E+3,
419.8500,2.22158496E+3,
420.00,2.34404907E+3,
420.1500,2.16416113E+3,
420.300,2.22877832E+3,
420.4500,2.29607300E+3,
420.600,2.25089160E+3,
420.7500,2.20988037E+3,
420.900,2.11415381E+3,
421.0500,2.23203271E+3,
421.200,2.32928101E+3,
421.3500,2.21317920E+3,
421.500,2.20104761E+3,
421.6500,2.29135132E+3,
421.800,2.26828857E+3,
421.9500,2.31482568E+3,
422.100,2.31784204E+3,
422.2500,2.28822778E+3,
422.400,2.36762720E+3,
422.5500,2.22909424E+3,
422.700,2.28804736E+3,
422.8500,2.27892993E+3,
423.00,2.27798584E+3,
423.1500,2.25957373E+3,
423.300,2.25748755E+3,
423.4500,2.41573096E+3,
423.600,2.30494653E+3,
423.7500,2.30421997E+3,
423.900,2.22069775E+3,
424.0500,2.31499683E+3,
424.200,2.23696338E+3,
424.3500,2.21865308E+3,
424.500,2.25594263E+3,
424.6500,2.28508276E+3,
424.800,2.34130811E+3,
424.9500,2.44762207E+3,
425.100,2.27485156E+3,
425.2500,2.27948755E+3,
425.400,2.33419238E+3,
425.5500,2.24818457E+3,
425.700,2.12031958E+3,
425.8500,2.31021680E+3,
426.00,2.34053345E+3,
426.1500,2.24779712E+3,
426.300,2.31987671E+3,
426.4500,2.36491113E+3,
426.600,2.22101074E+3,
426.7500,2.28224561E+3,
426.900,2.23152808E+3,
427.0500,2.30761646E+3,
427.200,2.22612988E+3,
427.3500,2.15546948E+3,
427.500,2.25858936E+3,
427.6500,2.34684595E+3,
427.800,2.25603076E+3,
427.9500,2.15046484E+3,
428.100,2.24975903E+3,
428.2500,2.26846021E+3,
428.400,2.16876587E+3,
428.5500,2.10809839E+3,
428.700,2.13622339E+3,
428.8500,2.25043579E+3,
429.00,2.14135352E+3,
429.1500,2.20992163E+3,
429.300,2.20182080E+3,
429.4500,2.16278564E+3,
429.600,2.20983105E+3,
429.7500,2.18962695E+3,
429.900,2.10755493E+3,
430.0500,2.26342310E+3,
430.200,2.11647656E+3,
430.3500,2.13763452E+3,
430.500,2.12114966E+3,
430.6500,2.18531201E+3,
430.800,2.09357861E+3,
430.9500,2.11607886E+3,
431.100,1.99741858E+3,
431.2500,2.18360840E+3,
431.400,2.14415308E+3,
431.5500,2.17451953E+3,
431.700,2.10019971E+3,
431.8500,2.13861865E+3,
432.00,2.20787354E+3,
432.1500,2.18885034E+3,
432.300,2.13630640E+3,
432.4500,1.98186646E+3,
432.600,2.08891089E+3,
432.7500,2.08063965E+3,
432.900,2.05628638E+3,
433.0500,2.10712842E+3,
433.200,2.06975757E+3,
433.3500,1.98009644E+3,
433.500,2.05398828E+3,
433.6500,2.06487207E+3,
433.800,2.06905176E+3,
433.9500,2.12150781E+3,
434.100,2.00914026E+3,
434.2500,2.07923633E+3,
434.400,2.08361255E+3,
434.5500,1.89878076E+3,
434.700,1.92057117E+3,
434.8500,1.94639453E+3,
435.00,2.00310278E+3,
435.1500,1.97393005E+3,
435.300,2.06696265E+3,
435.4500,1.97196448E+3,
435.600,2.00053613E+3,
435.7500,1.89876819E+3,
435.900,1.99722168E+3,
436.0500,1.87931335E+3,
436.200,2.00075366E+3,
436.3500,1.92051135E+3,
436.500,2.03259399E+3,
436.6500,1.86620557E+3,
436.800,2.10482520E+3,
436.9500,2.07163745E+3,
437.100,1.95778003E+3,
437.2500,1.97725964E+3,
437.400,2.09510352E+3,
437.5500,1.99333325E+3,
437.700,1.94272595E+3,
437.8500,2.03233801E+3,
438.00,2.06264478E+3,
438.1500,1.97720996E+3,
438.300,2.11583203E+3,
438.4500,2.05464771E+3,
438.600,1.98799719E+3,
438.7500,1.96454700E+3,
438.900,2.00194092E+3,
439.0500,1.98531958E+3,
439.200,1.98239063E+3,
439.3500,1.89003076E+3,
439.500,1.84907361E+3,
439.6500,1.88130859E+3,
439.800,1.86743103E+3,
439.9500,1.85488953E+3,
440.100,1.97003882E+3,
440.2500,1.90450793E+3,
440.400,1.73416895E+3,
440.5500,1.84806140E+3,
440.700,1.86675867E+3,
440.8500,1.91952820E+3,
441.00,1.86602942E+3,
441.1500,1.85197791E+3,
441.300,1.94296863E+3,
441.4500,1.88524597E+3,
441.600,1.92716406E+3,
441.7500,1.80377295E+3,
441.900,1.92634460E+3,
442.0500,1.94105884E+3,
442.200,1.81771313E+3,
442.3500,1.81473303E+3,
442.500,1.81585352E+3,
442.6500,1.89787524E+3,
442.800,1.84689392E+3,
442.9500,1.75190906E+3,
443.100,1.84942358E+3,
443.2500,1.77945996E+3,
443.400,1.71212317E+3,
443.5500,1.75899500E+3,
443.700,1.73287122E+3,
443.8500,1.73290967E+3,
444.00,1.78265027E+3,
444.1500,1.81906714E+3,
444.300,1.80988684E+3,
444.4500,1.83530493E+3,
444.600,1.74567957E+3,
444.7500,1.80992529E+3,
444.900,1.70756433E+3,
445.0500,1.69972034E+3,
445.200,1.76876550E+3,
445.3500,1.73199121E+3,
445.500,1.72024341E+3,
445.6500,1.78674536E+3,
445.800,1.64342578E+3,
445.9500,1.73520361E+3,
446.100,1.79969006E+3,
446.2500,1.58340637E+3,
446.400,1.66499414E+3,
446.5500,1.76800977E+3,
446.700,1.71870972E+3,
446.8500,1.68621521E+3,
447.00,1.77981274E+3,
447.1500,1.70047388E+3,
447.300,1.71478345E+3,
447.4500,1.73771521E+3,
447.600,1.65328748E+3,
447.7500,1.72639868E+3,
447.900,1.74225879E+3,
448.0500,1.73026746E+3,
448.200,1.68818079E+3,
448.3500,1.74182117E+3,
448.500,1.68764771E+3,
448.6500,1.79451868E+3,
448.800,1.75330359E+3,
448.9500,1.81387329E+3,
449.100,1.82779443E+3,
449.2500,1.83082092E+3,
449.400,1.92867493E+3,
449.5500,1.98822607E+3,
449.700,2.09561230E+3,
449.8500,2.18578516E+3,
450.00,1.10919365E+2,
450.1500,1.22262329E+2,
450.300,1.22823524E+2,
450.4500,1.21824806E+2,
450.600,1.33365738E+2,
450.7500,1.29247238E+2,
450.900,1.37754807E+2,
451.0500,1.74707397E+2,
451.200,1.42954071E+2,
451.3500,1.73147339E+2,
451.500,2.51004456E+2,
451.6500,2.16071823E+2,
451.800,2.33566864E+2,
451.9500,2.44708511E+2,
452.100,3.15302612E+2,
452.2500,3.34447845E+2,
452.400,3.50295013E+2,
452.5500,3.62887115E+2,
452.700,3.75381683E+2,
452.8500,3.42798431E+2,
453.00,3.29028931E+2,
453.1500,3.54540619E+2,
453.300,3.70588928E+2,
453.4500,3.95541107E+2,
453.600,3.53929413E+2,
453.7500,4.08639648E+2,
453.900,4.86503021E+2,
454.0500,5.24800171E+2,
454.200,4.87352631E+2,
454.3500,5.17501953E+2,
454.500,5.70421143E+2,
454.6500,5.99636047E+2,
454.800,6.07055237E+2,
454.9500,6.01627869E+2,
455.100,5.87575073E+2,
455.2500,7.09320984E+2,
455.400,6.73787415E+2,
455.5500,7.20169983E+2,
455.700,7.12505737E+2,
455.8500,7.43079407E+2,
456.00,7.11084900E+2,
456.1500,7.62609802E+2,
456.300,7.93460144E+2,
456.4500,8.47770081E+2,
456.600,8.55336548E+2,
456.7500,9.33430054E+2,
456.900,9.50797852E+2,
457.0500,9.37048157E+2,
457.200,9.86451660E+2,
457.3500,1.01233783E+3,
457.500,1.04681702E+3,
457.6500,1.12753271E+3,
457.800,1.03700391E+3,
457.9500,1.12437292E+3,
458.100,1.08222107E+3,
458.2500,1.13918604E+3,
458.400,1.09757593E+3,
458.5500,1.17950549E+3,
458.700,1.10909351E+3,
458.8500,1.09250134E+3,
459.00,1.07850940E+3,
459.1500,1.13411426E+3,
459.300,1.06446521E+3,
459.4500,1.16695032E+3,
459.600,1.21789209E+3,
459.7500,1.11144678E+3,
459.900,1.12958936E+3,
460.0500,1.16392676E+3,
460.200,1.24785193E+3,
460.3500,1.21718896E+3,
460.500,1.18910632E+3,
460.6500,1.22174707E+3,
460.800,1.30753296E+3,
460.9500,1.34851636E+3,
461.100,1.39413293E+3,
461.2500,1.36778577E+3,
461.400,1.39200647E+3,
461.5500,1.45510693E+3,
461.700,1.48890259E+3,
461.8500,1.53356409E+3,
462.00,1.54704810E+3,
462.1500,1.68446924E+3,
462.300,1.80356555E+3,
462.4500,1.77870154E+3,
462.600,1.81618274E+3,
462.7500,1.78930347E+3,
462.900,1.73114575E+3,
463.0500,1.76653638E+3,
463.200,1.67910339E+3,
463.3500,1.64379150E+3,
463.500,1.53242651E+3,
463.6500,1.55124451E+3,
463.800,1.57319739E+3,
463.9500,1.54282080E+3,
464.100,1.50642224E+3,
464.2500,1.50851416E+3,
464.400,1.53815710E+3,
464.5500,1.46409460E+3,
464.700,1.44310315E+3,
464.8500,1.51485400E+3,
465.00,1.46446130E+3,
465.1500,1.42096912E+3,
465.300,1.45615576E+3,
465.4500,1.50168274E+3,
465.600,1.49594873E+3,
465.7500,1.53815198E+3,
465.900,1.55423389E+3,
466.0500,1.60362537E+3,
466.200,1.61791919E+3,
466.3500,1.61044971E+3,
466.500,1.78181458E+3,
466.6500,1.90213965E+3,
466.800,2.05821436E+3,
466.9500,2.36413940E+3,
467.100,2.68595947E+3,
467.2500,2.66011938E+3,
467.400,2.67332471E+3,
467.5500,2.48167139E+3,
467.700,2.48179077E+3,
467.8500,2.32456958E+3,
468.00,2.24529712E+3,
468.1500,2.10948535E+3,
468.300,2.00960388E+3,
468.4500,1.85294897E+3,
468.600,1.81859766E+3,
468.7500,1.87978394E+3,
468.900,1.77548730E+3,
469.0500,1.72117163E+3,
469.200,1.75933594E+3,
469.3500,1.74988098E+3,
469.500,1.75561658E+3,
469.6500,1.77246619E+3,
469.800,1.71659412E+3,
469.9500,1.80711768E+3,
470.100,1.82510962E+3,
470.2500,1.73031152E+3,
470.400,1.69102429E+3,
470.5500,1.70614282E+3,
470.700,1.61662573E+3,
470.8500,1.66596338E+3,
471.00,1.53839893E+3,
471.1500,1.59304565E+3,
471.300,1.53519897E+3,
471.4500,1.61590625E+3,
471.600,1.55408826E+3,
471.7500,1.55349731E+3,
471.900,1.58298584E+3,
472.0500,1.50129565E+3,
472.200,1.44085095E+3,
472.3500,1.53570776E+3,
472.500,1.51835144E+3,
472.6500,1.58912219E+3,
472.800,1.63984180E+3,
472.9500,1.83867651E+3,
473.100,1.99752869E+3,
473.2500,2.15740405E+3,
473.400,2.30323682E+3,
473.5500,2.12490039E+3,
473.700,2.06564233E+3,
473.8500,1.81936218E+3,
474.00,1.72015027E+3,
474.1500,1.60811914E+3,
474.300,1.57909631E+3,
474.4500,1.65407898E+3,
474.600,1.52305273E+3,
474.7500,1.59603455E+3,
474.900,1.46301270E+3,
475.0500,1.46603784E+3,
475.200,1.50115466E+3,
475.3500,1.59328662E+3,
475.500,1.55939990E+3,
475.6500,1.53751135E+3,
475.800,1.48060461E+3,
475.9500,1.62878772E+3,
476.100,1.52491687E+3,
476.2500,1.44206592E+3,
476.400,1.51733032E+3,
476.5500,1.50652686E+3,
476.700,1.54777930E+3,
476.8500,1.59705237E+3,
477.00,1.52316260E+3,
477.1500,1.52650415E+3,
477.300,1.61400183E+3,
477.4500,1.67748633E+3,
477.600,1.63074341E+3,
477.7500,1.67921777E+3,
477.900,1.68459399E+3,
478.0500,1.75222253E+3,
478.200,1.87721545E+3,
478.3500,1.77144775E+3,
478.500,1.79612549E+3,
478.6500,1.88609668E+3,
478.800,1.73902930E+3,
478.9500,1.71848853E+3,
479.100,1.70408386E+3,
479.2500,1.76214014E+3,
479.400,1.87256567E+3,
479.5500,1.74249390E+3,
479.700,1.76840381E+3,
479.8500,1.80642163E+3,
480.00,1.73561365E+3,
480.1500,1.77269580E+3,
480.300,1.84915173E+3,
480.4500,1.90245837E+3,
480.600,2.11130396E+3,
480.7500,2.19810132E+3,
480.900,2.25566309E+3,
481.0500,2.23439648E+3,
481.200,2.31220337E+3,
481.3500,2.23424048E+3,
481.500,2.26351294E+3,
481.6500,2.19153223E+3,
481.800,2.24309155E+3,
481.9500,2.14569604E+3,
482.100,2.13041431E+3,
482.2500,2.04413562E+3,
482.400,2.27544336E+3,
482.5500,2.17289722E+3,
482.700,2.22669141E+3,
482.8500,2.21853613E+3,
483.00,2.38219604E+3,
483.1500,2.36417188E+3,
483.300,2.25655200E+3,
483.4500,2.27407104E+3,
483.600,2.25084595E+3,
483.7500,2.15928369E+3,
483.900,2.21246362E+3,
484.0500,2.15246948E+3,
484.200,2.17830151E+3,
484.3500,2.10708179E+3,
484.500,2.13290527E+3,
484.6500,2.16591602E+3,
484.800,2.15084521E+3,
484.9500,2.07941187E+3,
485.100,1.95161328E+3,
485.2500,2.05139429E+3,
485.400,1.91831323E+3,
485.5500,1.98840833E+3,
485.700,1.92498254E+3,
485.8500,1.99721997E+3,
486.00,2.08292505E+3,
486.1500,2.01329797E+3,
486.300,2.01776648E+3,
486.4500,2.19444995E+3,
486.600,2.09377808E+3,
486.7500,2.04149695E+3,
486.900,2.26400146E+3,
487.0500,2.27890991E+3,
487.200,2.36097583E+3,
487.3500,2.62326172E+3,
487.500,2.90035571E+3,
487.6500,3.19539063E+3,
487.800,3.57787817E+3,
487.9500,4.25031885E+3,
488.100,4.92029688E+3,
488.2500,5.69378418E+3,
488.400,6.43691699E+3,
488.5500,7.06332422E+3,
488.700,7.31788867E+3,
488.8500,6.90018018E+3,
489.00,6.04244385E+3,
489.1500,5.49385596E+3,
489.300,4.84443799E+3,
489.4500,4.58866650E+3,
489.600,4.42967529E+3,
489.7500,4.48885596E+3,
489.900,4.88162549E+3,
490.0500,5.41010791E+3,
490.200,5.90430225E+3,
490.3500,6.77646338E+3,
490.500,7.49683594E+3,
490.6500,8.19939648E+3,
490.800,8.61102832E+3,
490.9500,8.86244434E+3,
491.100,9.20417090E+3,
491.2500,9.66040625E+3,
491.400,1.00246504E+4,
491.5500,1.04717207E+4,
491.700,1.13585576E+4,
491.8500,1.18760615E+4,
492.00,1.21744854E+4,
492.1500,1.19168721E+4,
492.300,1.16947900E+4,
492.4500,1.09190869E+4,
492.600,1.04146602E+4,
492.7500,9.47308203E+3,
492.900,9.01438867E+3,
493.0500,8.51763672E+3,
493.200,8.28489160E+3,
493.3500,7.73760547E+3,
493.500,7.45587207E+3,
493.6500,7.14488037E+3,
493.800,6.82590918E+3,
493.9500,6.75958838E+3,
494.100,6.43761572E+3,
494.2500,6.24349609E+3,
494.400,6.39487695E+3,
494.5500,6.29039014E+3,
494.700,6.39481250E+3,
494.8500,6.36094727E+3,
495.00,6.52674365E+3,
495.1500,6.37386572E+3,
495.300,6.44228027E+3,
495.4500,6.67223145E+3,
495.600,6.65476514E+3,
495.7500,6.67066699E+3,
495.900,6.61536865E+3,
496.0500,6.40145459E+3,
496.200,6.20053467E+3,
496.3500,6.26313965E+3,
496.500,5.99568066E+3,
496.6500,5.83283350E+3,
496.800,5.62089502E+3,
496.9500,5.68096338E+3,
497.100,5.49049268E+3,
497.2500,5.26283154E+3,
497.400,5.25997803E+3,
497.5500,5.19175146E+3,
497.700,5.16807666E+3,
497.8500,5.30472266E+3,
498.00,5.33020605E+3,
498.1500,5.24433984E+3,
498.300,5.40773096E+3,
498.4500,5.42904785E+3,
498.600,5.52490771E+3,
498.7500,5.29731055E+3,
498.900,5.16810156E+3,
499.0500,5.00459668E+3,
499.200,5.05531689E+3,
499.3500,4.70426807E+3,
499.500,4.57295361E+3,
499.6500,4.40609326E+3,
499.800,4.27865674E+3,
499.9500,4.14103418E+3,
500.100,3.95896265E+3,
500.2500,3.67695508E+3,
500.400,3.65809375E+3,
500.5500,3.43183130E+3,
500.700,3.31391650E+3,
500.8500,3.23798804E+3,
501.00,3.12411255E+3,
501.1500,3.05229346E+3,
501.300,2.96697144E+3,
501.4500,3.01748364E+3,
501.600,2.82820386E+3,
501.7500,2.83846265E+3,
501.900,2.72691162E+3,
502.0500,2.75050854E+3,
502.200,2.61181787E+3,
502.3500,2.48520410E+3,
502.500,2.55461401E+3,
502.6500,2.49618213E+3,
502.800,2.59153809E+3,
502.9500,2.50266455E+3,
503.100,2.43396753E+3,
503.2500,2.42487354E+3,
503.400,2.48000977E+3,
503.5500,2.35696631E+3,
503.700,2.34775293E+3,
503.8500,2.42554517E+3,
504.00,2.48762695E+3,
504.1500,2.39818018E+3,
504.300,2.60888940E+3,
504.4500,2.52844556E+3,
504.600,2.54321753E+3,
504.7500,2.76141895E+3,
504.900,2.80711719E+3,
505.0500,2.95877002E+3,
505.200,2.87597827E+3,
505.3500,3.10665698E+3,
505.500,3.17336304E+3,
505.6500,3.51780762E+3,
505.800,3.51864941E+3,
505.9500,3.88001245E+3,
506.100,4.03478540E+3,
506.2500,4.52471924E+3,
506.400,4.72746631E+3,
506.5500,5.45441504E+3,
506.700,5.81358643E+3,
506.8500,6.72352148E+3,
507.00,7.07755615E+3,
507.1500,7.59197314E+3,
507.300,8.00580859E+3,
507.4500,8.60876074E+3,
507.600,8.40445898E+3,
507.7500,8.37915820E+3,
507.900,8.32132715E+3,
508.0500,7.68816406E+3,
508.200,7.28619922E+3,
508.3500,6.73459375E+3,
508.500,6.24000586E+3,
508.6500,5.51609570E+3,
508.800,5.18709180E+3,
508.9500,4.66132959E+3,
509.100,4.37975098E+3,
509.2500,4.19696191E+3,
509.400,4.02316016E+3,
509.5500,3.77167017E+3,
509.700,3.78473364E+3,
509.8500,3.63697192E+3,
510.00,3.74038354E+3,
510.1500,3.73086499E+3,
510.300,3.88613086E+3,
510.4500,3.85784619E+3,
510.600,4.02763403E+3,
510.7500,4.14341211E+3,
510.900,4.13414307E+3,
511.0500,4.01961206E+3,
511.200,3.79600073E+3,
511.3500,3.60395630E+3,
511.500,3.17439136E+3,
511.6500,2.79626270E+3,
511.800,2.75244067E+3,
511.9500,2.51829199E+3,
512.100,2.33856421E+3,
512.2500,2.19665967E+3,
512.400,2.15821436E+3,
512.5500,2.00152734E+3,
512.700,1.98908875E+3,
512.8500,1.88334790E+3,
513.00,1.72832739E+3,
513.1500,1.86426270E+3,
513.300,1.75220398E+3,
513.4500,1.67472949E+3,
513.600,1.61391614E+3,
513.7500,1.59387439E+3,
513.900,1.55572473E+3,
514.0500,1.54523853E+3,
514.200,1.47927197E+3,
514.3500,1.45422803E+3,
514.500,1.42429004E+3,
514.6500,1.32166650E+3,
514.800,1.31938452E+3,
514.9500,1.35954175E+3,
515.100,1.37185156E+3,
515.2500,1.28209888E+3,
515.400,1.38801453E+3,
515.5500,1.28712549E+3,
515.700,1.31036121E+3,
515.8500,1.29825305E+3,
516.00,1.36061975E+3,
516.1500,1.33020032E+3,
516.300,1.27523657E+3,
516.4500,1.27406140E+3,
516.600,1.29863000E+3,
516.7500,1.17226062E+3,
516.900,1.26926172E+3,
517.0500,1.13646765E+3,
517.200,1.21642957E+3,
517.3500,1.19179041E+3,
517.500,1.13995447E+3,
517.6500,1.09047864E+3,
517.800,1.12866895E+3,
517.9500,1.21271948E+3,
518.100,1.08885144E+3,
518.2500,1.07633655E+3,
518.400,1.08489343E+3,
518.5500,1.12452734E+3,
518.700,1.07965747E+3,
518.8500,1.06208337E+3,
519.00,1.02826624E+3,
519.1500,1.09548694E+3,
519.300,1.03169702E+3,
519.4500,1.02903552E+3,
519.600,1.01760211E+3,
519.7500,1.03746497E+3,
519.900,1.04858557E+3,
520.0500,1.04090540E+3,
520.200,1.05083289E+3,
520.3500,1.04819373E+3,
520.500,1.05688171E+3,
520.6500,9.23085876E+2,
520.800,1.00991791E+3,
520.9500,1.03500891E+3,
521.100,1.01080170E+3,
521.2500,1.01059711E+3,
521.400,1.02433350E+3,
521.5500,9.59411499E+2,
521.700,1.01630823E+3,
521.8500,9.81755859E+2,
522.00,1.03623962E+3,
522.1500,1.03858582E+3,
522.300,1.04858594E+3,
522.4500,1.05732654E+3,
522.600,9.20356995E+2,
522.7500,9.75040344E+2,
522.900,9.18395020E+2,
523.0500,9.23192749E+2,
523.200,1.01146667E+3,
523.3500,9.67574341E+2,
523.500,9.41592957E+2,
523.6500,9.46457520E+2,
523.800,9.50038513E+2,
523.9500,9.22654053E+2,
524.100,9.39141602E+2,
524.2500,8.93594299E+2,
524.400,9.26914795E+2,
524.5500,8.99392212E+2,
524.700,9.95054810E+2,
524.8500,9.36369751E+2,
525.00,9.21759644E+2,
525.1500,9.77362183E+2,
525.300,1.00571631E+3,
525.4500,9.46752502E+2,
525.600,9.68599121E+2,
525.7500,9.91793091E+2,
525.900,9.92793823E+2,
526.0500,9.80712585E+2,
526.200,1.04465356E+3,
526.3500,8.80418396E+2,
526.500,1.01530731E+3,
526.6500,9.95323486E+2,
526.800,9.73977234E+2,
526.9500,9.35455811E+2,
527.100,9.76057434E+2,
527.2500,9.42834229E+2,
527.400,1.04569727E+3,
527.5500,9.59529114E+2,
527.700,9.44712158E+2,
527.8500,9.56386658E+2,
528.00,9.97298706E+2,
528.1500,1.00377679E+3,
528.300,9.80981445E+2,
528.4500,1.01409875E+3,
528.600,1.02060492E+3,
528.7500,1.02445068E+3,
528.900,1.07777759E+3,
529.0500,9.89308289E+2,
529.200,1.09897119E+3,
529.3500,1.04116089E+3,
529.500,1.11485059E+3,
529.6500,1.15642761E+3,
529.800,1.11462830E+3,
529.9500,1.05521375E+3,
530.100,1.15484839E+3,
530.2500,1.10477417E+3,
530.400,1.12624536E+3,
530.5500,1.17347351E+3,
530.700,1.11375964E+3,
530.8500,1.16513647E+3,
531.00,1.17724158E+3,
531.1500,1.21385974E+3,
531.300,1.18387329E+3,
531.4500,1.23010437E+3,
531.600,1.34188708E+3,
531.7500,1.30919702E+3,
531.900,1.27779883E+3,
532.0500,1.31885938E+3,
532.200,1.42716565E+3,
532.3500,1.37665173E+3,
532.500,1.39465466E+3,
532.6500,1.38520764E+3,
532.800,1.40875073E+3,
532.9500,1.39102393E+3,
533.100,1.36502185E+3,
533.2500,1.36934473E+3,
533.400,1.35017920E+3,
533.5500,1.34064783E+3,
533.700,1.36017761E+3,
533.8500,1.24385107E+3,
534.00,1.23553918E+3,
534.1500,1.27447668E+3,
534.300,1.23418591E+3,
534.4500,1.22165942E+3,
534.600,1.28022217E+3,
534.7500,1.25235095E+3,
534.900,1.24258252E+3,
535.0500,1.26356665E+3,
535.200,1.25656836E+3,
535.3500,1.16259949E+3,
535.500,1.31972705E+3,
535.6500,1.32259106E+3,
535.800,1.23540295E+3,
535.9500,1.26493359E+3,
536.100,1.33966089E+3,
536.2500,1.42020203E+3,
536.400,1.29598889E+3,
536.5500,1.48700647E+3,
536.700,1.38807703E+3,
536.8500,1.39243506E+3,
537.00,1.38828040E+3,
537.1500,1.43533167E+3,
537.300,1.55361902E+3,
537.4500,1.50267310E+3,
537.600,1.48297607E+3,
537.7500,1.58456982E+3,
537.900,1.46629846E+3,
538.0500,1.55664673E+3,
538.200,1.50969580E+3,
538.3500,1.46119873E+3,
538.500,1.44847620E+3,
538.6500,1.38110815E+3,
538.800,1.36681714E+3,
538.9500,1.31792175E+3,
539.100,1.24008691E+3,
539.2500,1.28767053E+3,
539.400,1.23419263E+3,
539.5500,1.29778040E+3,
539.700,1.22970056E+3,
539.8500,1.16581384E+3,
540.00,1.25420142E+3,
540.1500,1.17863367E+3,
540.300,1.24110889E+3,
540.4500,1.13620703E+3,
540.600,1.16230981E+3,
540.7500,1.22058862E+3,
540.900,1.15475195E+3,
541.0500,1.18974182E+3,
541.200,1.16036426E+3,
541.3500,1.17198389E+3,
541.500,1.24236633E+3,
541.6500,1.22616479E+3,
541.800,1.28351550E+3,
541.9500,1.26878772E+3,
542.100,1.25697253E+3,
542.2500,1.33079285E+3,
542.400,1.22881152E+3,
542.5500,1.25390491E+3,
542.700,1.21680371E+3,
542.8500,1.35915100E+3,
543.00,1.38000806E+3,
543.1500,1.32209131E+3,
543.300,1.23425952E+3,
543.4500,1.29080701E+3,
543.600,1.31017126E+3,
543.7500,1.34301929E+3,
543.900,1.28919263E+3,
544.0500,1.22924695E+3,
544.200,1.24860046E+3,
544.3500,1.27399402E+3,
544.500,1.22582910E+3,
544.6500,1.28282642E+3,
544.800,1.23756580E+3,
544.9500,1.25701208E+3,
545.100,1.26445105E+3,
545.2500,1.24925598E+3,
545.400,1.36407874E+3,
545.5500,1.29747583E+3,
545.700,1.34287915E+3,
545.8500,1.30795825E+3,
546.00,1.31700684E+3,
546.1500,1.36420105E+3,
546.300,1.30643726E+3,
546.4500,1.28816821E+3,
546.600,1.31716431E+3,
546.7500,1.30496594E+3,
546.900,1.24683826E+3,
547.0500,1.24067029E+3,
547.200,1.32041772E+3,
547.3500,1.33433032E+3,
547.500,1.24065613E+3,
547.6500,1.27142651E+3,
547.800,1.32384167E+3,
547.9500,1.21590625E+3,
548.100,1.31935815E+3,
548.2500,1.22661560E+3,
548.400,1.36284814E+3,
548.5500,1.42962964E+3,
548.700,1.37392542E+3,
548.8500,1.46263306E+3,
549.00,1.45039526E+3,
549.1500,1.36331433E+3,
549.300,1.49284924E+3,
549.4500,1.43527405E+3,
549.600,1.35097388E+3,
549.7500,1.32282605E+3,
549.900,1.43566614E+3,
550.0500,1.44049158E+3,
550.200,1.50502075E+3,
550.3500,1.58070422E+3,
550.500,1.54633118E+3,
550.6500,1.60488672E+3,
550.800,1.70934265E+3,
550.9500,1.72712659E+3,
551.100,1.76709888E+3,
551.2500,1.75489417E+3,
551.400,1.83620947E+3,
551.5500,1.76689136E+3,
551.700,1.67197876E+3,
551.8500,1.76618835E+3,
552.00,1.71246021E+3,
552.1500,1.68259583E+3,
552.300,1.73249133E+3,
552.4500,1.64341626E+3,
552.600,1.50930872E+3,
552.7500,1.51108484E+3,
552.900,1.48558667E+3,
553.0500,1.54357410E+3,
553.200,1.47632019E+3,
553.3500,1.47008081E+3,
553.500,1.51702063E+3,
553.6500,1.53824402E+3,
553.800,1.41568115E+3,
553.9500,1.42387634E+3,
554.100,1.33975537E+3,
554.2500,1.39978662E+3,
554.400,1.31704944E+3,
554.5500,1.36580627E+3,
554.700,1.52049390E+3,
554.8500,1.44410303E+3,
555.00,1.49480811E+3,
555.1500,1.49497266E+3,
555.300,1.46895728E+3,
555.4500,1.45597754E+3,
555.600,1.44296021E+3,
555.7500,1.48572302E+3,
555.900,1.55816821E+3,
556.0500,1.52546985E+3,
556.200,1.42021289E+3,
556.3500,1.45160950E+3,
556.500,1.42692383E+3,
556.6500,1.57744617E+3,
556.800,1.42536743E+3,
556.9500,1.44861182E+3,
557.100,1.49515637E+3,
557.2500,1.47203589E+3,
557.400,1.49543103E+3,
557.5500,1.44393091E+3,
557.700,1.42565137E+3,
557.8500,1.54588354E+3,
558.00,1.56778381E+3,
558.1500,1.63998975E+3,
558.300,1.46606519E+3,
558.4500,1.48295178E+3,
558.600,1.48811597E+3,
558.7500,1.55887024E+3,
558.900,1.62979126E+3,
559.0500,1.55255359E+3,
559.200,1.51566785E+3,
559.3500,1.50572217E+3,
559.500,1.50589795E+3,
559.6500,1.43322192E+3,
559.800,1.48248560E+3,
559.9500,1.36203674E+3,
560.100,1.46743958E+3,
560.2500,1.42327856E+3,
560.400,1.37389038E+3,
560.5500,1.42165393E+3,
560.700,1.37042273E+3,
560.8500,1.29510828E+3,
561.00,1.28812207E+3,
561.1500,1.30510791E+3,
561.300,1.21567151E+3,
561.4500,1.15867993E+3,
561.600,1.16522937E+3,
561.7500,1.29758557E+3,
561.900,1.22494568E+3,
562.0500,1.30586426E+3,
562.200,1.11892542E+3,
562.3500,1.23973596E+3,
562.500,1.10079968E+3,
562.6500,1.03095215E+3,
562.800,1.10342261E+3,
562.9500,1.09081531E+3,
563.100,9.98105408E+2,
563.2500,1.00285602E+3,
563.400,9.98883728E+2,
563.5500,1.04210583E+3,
563.700,1.01715649E+3,
563.8500,1.02544482E+3,
564.00,9.91627930E+2,
564.1500,1.02283832E+3,
564.300,1.04356836E+3,
564.4500,1.01148584E+3,
564.600,8.87556946E+2,
564.7500,9.54116394E+2,
564.900,9.71311279E+2,
565.0500,9.74365234E+2,
565.200,8.97581238E+2,
565.3500,9.57359436E+2,
565.500,1.01373175E+3,
565.6500,1.00435779E+3,
565.800,9.71774597E+2,
565.9500,9.99806946E+2,
566.100,8.72327454E+2,
566.2500,1.00759418E+3,
566.400,9.17410767E+2,
566.5500,9.86670105E+2,
566.700,9.57306763E+2,
566.8500,9.56641113E+2,
567.00,1.02438257E+3,
567.1500,9.64305786E+2,
567.300,9.25738098E+2,
567.4500,9.61150696E+2,
567.600,9.56849182E+2,
567.7500,1.00867224E+3,
567.900,9.22823730E+2,
568.0500,1.00379034E+3,
568.200,9.77779114E+2,
568.3500,1.04268335E+3,
568.500,9.67454834E+2,
568.6500,1.01425824E+3,
568.800,1.02464355E+3,
568.9500,1.02407947E+3,
569.100,1.01438934E+3,
569.2500,1.00652173E+3,
569.400,1.09408752E+3,
569.5500,1.09548340E+3,
569.700,1.12632568E+3,
569.8500,1.05404797E+3,
570.00,1.16978088E+3,
570.1500,1.01602722E+3,
570.300,1.12083398E+3,
570.4500,1.09071008E+3,
570.600,1.09388171E+3,
570.7500,1.02651831E+3,
570.900,9.62706299E+2,
571.0500,9.60122498E+2,
571.200,1.07112622E+3,
571.3500,1.03691309E+3,
571.500,9.85814575E+2,
571.6500,1.02618738E+3,
571.800,1.08723193E+3,
571.9500,9.53575256E+2,
572.100,9.92195313E+2,
572.2500,9.63317688E+2,
572.400,1.00204932E+3,
572.5500,8.97819092E+2,
572.700,9.89321960E+2,
572.8500,9.13125366E+2,
573.00,9.91631470E+2,
573.1500,9.60704285E+2,
573.300,9.24016174E+2,
573.4500,8.98610046E+2,
573.600,9.11100342E+2,
573.7500,9.25518188E+2,
573.900,9.78023926E+2,
574.0500,9.96364136E+2,
574.200,9.34640381E+2,
574.3500,9.12866394E+2,
574.500,9.56046997E+2,
574.6500,9.64870483E+2,
574.800,9.77544250E+2,
574.9500,9.63379211E+2,
575.100,1.00490308E+3,
575.2500,1.02921362E+3,
575.400,9.59201172E+2,
575.5500,8.89013916E+2,
575.700,9.48016418E+2,
575.8500,9.54963562E+2,
576.00,9.36763428E+2,
576.1500,1.03481018E+3,
576.300,9.93397095E+2,
576.4500,1.00044452E+3,
576.600,1.01139520E+3,
576.7500,1.04573755E+3,
576.900,1.12305505E+3,
577.0500,1.04828247E+3,
577.200,9.12723267E+2,
577.3500,9.52946167E+2,
577.500,9.48202209E+2,
577.6500,1.02974683E+3,
577.800,1.09380652E+3,
577.9500,9.69272339E+2,
578.100,1.06289990E+3,
578.2500,1.05819385E+3,
578.400,1.05939233E+3,
578.5500,1.08231445E+3,
578.700,1.04992249E+3,
578.8500,1.10850977E+3,
579.00,1.13155444E+3,
579.1500,1.13679700E+3,
579.300,1.07054492E+3,
579.4500,1.06180432E+3,
579.600,1.03910632E+3,
579.7500,1.15186780E+3,
579.900,1.14118286E+3,
580.0500,1.10052478E+3,
580.200,1.13778503E+3,
580.3500,1.11506934E+3,
580.500,1.06824670E+3,
580.6500,1.02733350E+3,
580.800,1.19523767E+3,
580.9500,1.10811353E+3,
581.100,1.11545020E+3,
581.2500,1.09258008E+3,
581.400,1.15845410E+3,
581.5500,1.23458167E+3,
581.700,1.19153015E+3,
581.8500,1.11191638E+3,
582.00,1.19635742E+3,
582.1500,1.13080786E+3,
582.300,1.10371484E+3,
582.4500,1.16813196E+3,
582.600,1.21843689E+3,
582.7500,1.19337964E+3,
582.900,1.19481030E+3,
583.0500,1.25145898E+3,
583.200,1.24069714E+3,
583.3500,1.17865808E+3,
583.500,1.19650500E+3,
583.6500,1.21028198E+3,
583.800,1.22202966E+3,
583.9500,1.28735669E+3,
584.100,1.16724536E+3,
584.2500,1.26984021E+3,
584.400,1.32513342E+3,
584.5500,1.27913489E+3,
584.700,1.24338306E+3,
584.8500,1.25318530E+3,
585.00,1.32324927E+3,
585.1500,1.25411548E+3,
585.300,1.39095581E+3,
585.4500,1.23625452E+3,
585.600,1.22937292E+3,
585.7500,1.22247083E+3,
585.900,1.34944751E+3,
586.0500,1.30913525E+3,
586.200,1.36306689E+3,
586.3500,1.31844446E+3,
586.500,1.31364978E+3,
586.6500,1.43719958E+3,
586.800,1.29769519E+3,
586.9500,1.24855811E+3,
587.100,1.41044250E+3,
587.2500,1.42471777E+3,
587.400,1.32262976E+3,
587.5500,1.51902698E+3,
587.700,1.52285474E+3,
587.8500,1.46510815E+3,
588.00,1.63255420E+3,
588.1500,1.54076782E+3,
588.300,1.57446887E+3,
588.4500,1.50799426E+3,
588.600,1.51183057E+3,
588.7500,1.59049207E+3,
588.900,1.63722412E+3,
589.0500,1.57052783E+3,
589.200,1.52947400E+3,
589.3500,1.57422363E+3,
589.500,1.58036975E+3,
589.6500,1.64034314E+3,
589.800,1.66596692E+3,
589.9500,1.72401233E+3,
590.100,1.57491052E+3,
590.2500,1.73480701E+3,
590.400,1.63087085E+3,
590.5500,1.71533008E+3,
590.700,1.78696960E+3,
590.8500,1.80225793E+3,
591.00,1.73921582E+3,
591.1500,1.89184839E+3,
591.300,1.84408960E+3,
591.4500,1.91420166E+3,
591.600,1.97792249E+3,
591.7500,1.92349780E+3,
591.900,1.97421985E+3,
592.0500,2.22488867E+3,
592.200,2.04507886E+3,
592.3500,2.06517651E+3,
592.500,2.22639453E+3,
592.6500,2.22909155E+3,
592.800,2.54998047E+3,
592.9500,2.34952344E+3,
593.100,2.51849365E+3,
593.2500,2.50158252E+3,
593.400,2.58898242E+3,
593.5500,2.57432031E+3,
593.700,2.72654834E+3,
593.8500,2.83902148E+3,
594.00,2.83796899E+3,
594.1500,2.74560474E+3,
594.300,2.76259619E+3,
594.4500,2.72810815E+3,
594.600,2.71146191E+3,
594.7500,2.65883228E+3,
594.900,2.76345679E+3,
595.0500,2.71078906E+3,
595.200,2.73698657E+3,
595.3500,2.68197070E+3,
595.500,2.63583984E+3,
595.6500,2.66201172E+3,
595.800,2.73584131E+3,
595.9500,2.69183838E+3,
596.100,2.64087451E+3,
596.2500,2.61934277E+3,
596.400,2.74358423E+3,
596.5500,2.95712964E+3,
596.700,2.86507617E+3,
596.8500,2.84826343E+3,
597.00,2.94593457E+3,
597.1500,2.93830054E+3,
597.300,3.15800952E+3,
597.4500,3.07242017E+3,
597.600,3.23989185E+3,
597.7500,3.29250317E+3,
597.900,3.31753613E+3,
598.0500,3.34261279E+3,
598.200,3.38856348E+3,
598.3500,3.57367212E+3,
598.500,3.48310059E+3,
598.6500,3.88021851E+3,
598.800,3.76418970E+3,
598.9500,3.90641968E+3,
599.100,3.82984839E+3,
599.2500,4.04504590E+3,
599.400,3.98952515E+3,
599.5500,4.01813794E+3,
599.700,4.16873584E+3,
599.8500,4.05442236E+3,
600.00,4.06438599E+3,
600.1500,4.04663794E+3,
600.300,4.04060742E+3,
600.4500,4.28242822E+3,
600.600,4.14429590E+3,
600.7500,4.19041748E+3,
600.900,4.29829834E+3,
601.0500,4.32355371E+3,
601.200,4.22797314E+3,
601.3500,4.49646191E+3,
601.500,4.45090479E+3,
601.6500,4.16868799E+3,
601.800,4.42152295E+3,
601.9500,4.62959326E+3,
602.100,4.92714355E+3,
602.2500,4.70883545E+3,
602.400,5.04113135E+3,
602.5500,5.01034814E+3,
602.700,5.40205664E+3,
602.8500,5.57244043E+3,
603.00,5.79904199E+3,
603.1500,5.82235547E+3,
603.300,5.89916016E+3,
603.4500,6.45310840E+3,
603.600,6.69432764E+3,
603.7500,7.15590332E+3,
603.900,7.63106396E+3,
604.0500,7.23853076E+3,
604.200,7.99201660E+3,
604.3500,7.87120166E+3,
604.500,7.95653516E+3,
604.6500,8.13320068E+3,
604.800,8.35226855E+3,
604.9500,8.36450781E+3,
605.100,8.12701025E+3,
605.2500,8.34207324E+3,
605.400,8.87524902E+3,
605.5500,8.99012793E+3,
605.700,9.35658594E+3,
605.8500,9.76643262E+3,
606.00,9.87554004E+3,
606.1500,1.09951523E+4,
606.300,1.12121484E+4,
606.4500,1.18258076E+4,
606.600,1.21827188E+4,
606.7500,1.23068545E+4,
606.900,1.22852813E+4,
607.0500,1.22611846E+4,
607.200,1.19947646E+4,
607.3500,1.19020107E+4,
607.500,1.15074268E+4,
607.6500,1.16520645E+4,
607.800,1.14667119E+4,
607.9500,1.14131113E+4,
608.100,1.21596729E+4,
608.2500,1.25152617E+4,
608.400,1.29639482E+4,
608.5500,1.26866445E+4,
608.700,1.34010361E+4,
608.8500,1.34830752E+4,
609.00,1.35833213E+4,
609.1500,1.33521123E+4,
609.300,1.36801133E+4,
609.4500,1.34792393E+4,
609.600,1.39145049E+4,
609.7500,1.40269756E+4,
609.900,1.44254043E+4,
610.0500,1.48642998E+4,
610.200,1.51071484E+4,
610.3500,1.52463330E+4,
610.500,1.56681660E+4,
610.6500,1.67666914E+4,
610.800,1.65943867E+4,
610.9500,1.78790137E+4,
611.100,1.80601680E+4,
611.2500,1.85710898E+4,
611.400,1.91838535E+4,
611.5500,1.96002480E+4,
611.700,2.00417363E+4,
611.8500,1.95273867E+4,
612.00,1.89847734E+4,
612.1500,1.90756230E+4,
612.300,1.88070352E+4,
612.4500,1.84388379E+4,
612.600,1.79064082E+4,
612.7500,1.69895254E+4,
612.900,1.62386035E+4,
613.0500,1.59096582E+4,
613.200,1.51928496E+4,
613.3500,1.48965264E+4,
613.500,1.40758750E+4,
613.6500,1.41441768E+4,
613.800,1.36551543E+4,
613.9500,1.32268838E+4,
614.100,1.29852100E+4,
614.2500,1.29986543E+4,
614.400,1.28949727E+4,
614.5500,1.34020410E+4,
614.700,1.27164551E+4,
614.8500,1.26581533E+4,
615.00,1.27970313E+4,
615.1500,1.26649404E+4,
615.300,1.30385762E+4,
615.4500,1.27547607E+4,
615.600,1.23015176E+4,
615.7500,1.23914580E+4,
615.900,1.24733496E+4,
616.0500,1.21809053E+4,
616.200,1.23099805E+4,
616.3500,1.19020986E+4,
616.500,1.20087197E+4,
616.6500,1.21994629E+4,
616.800,1.20186172E+4,
616.9500,1.20641650E+4,
617.100,1.20876885E+4,
617.2500,1.19820313E+4,
617.400,1.21943477E+4,
617.5500,1.20263027E+4,
617.700,1.18830889E+4,
617.8500,1.21386563E+4,
618.00,1.16489111E+4,
618.1500,1.15447119E+4,
618.300,1.18415264E+4,
618.4500,1.19653789E+4,
618.600,1.18210166E+4,
618.7500,1.18134893E+4,
618.900,1.15277354E+4,
619.0500,1.17782695E+4,
619.200,1.23235967E+4,
619.3500,1.24297168E+4,
619.500,1.28799004E+4,
619.6500,1.33316836E+4,
619.800,1.36371846E+4,
619.9500,1.43300381E+4,
620.100,1.43649189E+4,
620.2500,1.41725332E+4,
620.400,1.49810479E+4,
620.5500,1.48650088E+4,
620.700,1.47191934E+4,
620.8500,1.49691660E+4,
621.00,1.42198330E+4,
621.1500,1.41687178E+4,
621.300,1.35180410E+4,
621.4500,1.37729365E+4,
621.600,1.33561309E+4,
621.7500,1.28012422E+4,
621.900,1.29014346E+4,
622.0500,1.22452480E+4,
622.200,1.20311426E+4,
622.3500,1.16488242E+4,
622.500,1.13279902E+4,
622.6500,1.15429355E+4,
622.800,1.11155029E+4,
622.9500,1.11019541E+4,
623.100,1.04521523E+4,
623.2500,1.04284316E+4,
623.400,9.92945313E+3,
623.5500,1.01653525E+4,
623.700,9.68530664E+3,
623.8500,9.65683789E+3,
624.00,9.27162500E+3,
624.1500,9.70378418E+3,
624.300,9.62967480E+3,
624.4500,9.17525977E+3,
624.600,9.38229297E+3,
624.7500,9.11945508E+3,
624.900,8.92033496E+3,
625.0500,9.19599707E+3,
625.200,8.57921680E+3,
625.3500,8.97329395E+3,
625.500,9.13908594E+3,
625.6500,8.92292188E+3,
625.800,8.62488379E+3,
625.9500,8.92820215E+3,
626.100,9.00758594E+3,
626.2500,8.35405957E+3,
626.400,8.94754102E+3,
626.5500,8.55241016E+3,
626.700,8.49295215E+3,
626.8500,8.30693262E+3,
627.00,8.32895020E+3,
627.1500,7.86295557E+3,
627.300,7.89049121E+3,
627.4500,7.77813330E+3,
627.600,7.93622559E+3,
627.7500,7.66379053E+3,
627.900,7.60785059E+3,
628.0500,7.48118848E+3,
628.200,7.34127734E+3,
628.3500,6.98200293E+3,
628.500,6.75672461E+3,
628.6500,6.61453613E+3,
628.800,6.39087207E+3,
628.9500,6.56186670E+3,
629.100,6.58742529E+3,
629.2500,6.63914795E+3,
629.400,6.01933252E+3,
629.5500,6.51441113E+3,
629.700,6.29452588E+3,
629.8500,6.20822412E+3,
630.00,6.26614160E+3,
630.1500,6.10712646E+3,
630.300,5.80891357E+3,
630.4500,5.98875684E+3,
630.600,6.22887402E+3,
630.7500,5.82954150E+3,
630.900,6.19655713E+3,
631.0500,6.30191064E+3,
631.200,6.23427734E+3,
631.3500,6.17303027E+3,
631.500,6.22878564E+3,
631.6500,6.26123584E+3,
631.800,6.58306787E+3,
631.9500,6.64999561E+3,
632.100,6.54158252E+3,
632.2500,6.87601758E+3,
632.400,7.01171191E+3,
632.5500,7.20905078E+3,
632.700,7.10759814E+3,
632.8500,7.14554639E+3,
633.00,6.90679248E+3,
633.1500,7.07099512E+3,
633.300,7.27696777E+3,
633.4500,6.88214111E+3,
633.600,7.37093213E+3,
633.7500,7.11961816E+3,
633.900,7.33064600E+3,
634.0500,7.17176709E+3,
634.200,7.17197852E+3,
634.3500,7.24867480E+3,
634.500,6.83772852E+3,
634.6500,6.76036719E+3,
634.800,6.97655762E+3,
634.9500,6.70629199E+3,
635.100,6.38951807E+3,
635.2500,6.39538330E+3,
635.400,7.00786768E+3,
635.5500,6.43890332E+3,
635.700,6.50856104E+3,
635.8500,6.66362451E+3,
636.00,6.50284912E+3,
636.1500,6.39162842E+3,
636.300,6.30489795E+3,
636.4500,6.16412549E+3,
636.600,5.90084521E+3,
636.7500,5.72625635E+3,
636.900,5.89290576E+3,
637.0500,5.75353174E+3,
637.200,5.41103613E+3,
637.3500,5.56332080E+3,
637.500,5.53110596E+3,
637.6500,5.28780713E+3,
637.800,5.25484473E+3,
637.9500,5.42621875E+3,
638.100,5.18827539E+3,
638.2500,5.22789404E+3,
638.400,4.55501221E+3,
638.5500,5.04620654E+3,
638.700,4.90500391E+3,
638.8500,5.08840088E+3,
639.00,4.86151318E+3,
639.1500,5.00500830E+3,
639.300,4.96688965E+3,
639.4500,5.05898779E+3,
639.600,4.59522900E+3,
639.7500,4.88140234E+3,
639.900,4.68146533E+3,
640.0500,4.96157275E+3,
640.200,5.13021533E+3,
640.3500,4.79411084E+3,
640.500,4.92148486E+3,
640.6500,5.13271875E+3,
640.800,5.33722705E+3,
640.9500,5.34858008E+3,
641.100,4.92535400E+3,
641.2500,4.76772314E+3,
641.400,5.05732666E+3,
641.5500,4.99516748E+3,
641.700,5.01731348E+3,
641.8500,4.89311670E+3,
642.00,4.49423584E+3,
642.1500,4.22124414E+3,
642.300,4.07114941E+3,
642.4500,4.07582861E+3,
642.600,3.81573926E+3,
642.7500,3.83546729E+3,
642.900,3.69104346E+3,
643.0500,3.65960034E+3,
643.200,3.49448486E+3,
643.3500,3.29324951E+3,
643.500,3.08327075E+3,
643.6500,3.11736792E+3,
643.800,3.09219897E+3,
643.9500,2.95979175E+3,
644.100,2.81091113E+3,
644.2500,2.76896680E+3,
644.400,2.87455811E+3,
644.5500,2.80053760E+3,
644.700,2.82241870E+3,
644.8500,2.64751953E+3,
645.00,2.70135205E+3,
645.1500,2.78382227E+3,
645.300,2.66446997E+3,
645.4500,2.57295874E+3,
645.600,2.36734180E+3,
645.7500,2.48637671E+3,
645.900,2.66300879E+3,
646.0500,2.57477734E+3,
646.200,2.42479492E+3,
646.3500,2.27413843E+3,
646.500,2.47249512E+3,
646.6500,2.49854907E+3,
646.800,2.74783374E+3,
646.9500,2.46399634E+3,
647.100,2.46936255E+3,
647.2500,2.59117139E+3,
647.400,2.36753809E+3,
647.5500,2.52304736E+3,
647.700,2.47828247E+3,
647.8500,2.51721631E+3,
648.00,2.42596973E+3,
648.1500,2.35529224E+3,
648.300,2.56297437E+3,
648.4500,2.48803345E+3,
648.600,2.40003906E+3,
648.7500,2.23092065E+3,
648.900,2.21437646E+3,
649.0500,2.36846216E+3,
649.200,2.21531201E+3,
649.3500,2.24149731E+3,
649.500,2.30644019E+3,
649.6500,2.33291528E+3,
649.800,2.12655981E+3,
649.9500,2.22622827E+3,
650.100,2.33943872E+3,
650.2500,2.22742383E+3,
650.400,2.52395459E+3,
650.5500,2.36821265E+3,
650.700,2.68384570E+3,
650.8500,3.08849023E+3,
651.00,2.92853857E+3,
651.1500,3.13763281E+3,
651.300,3.76225635E+3,
651.4500,4.02722046E+3,
651.600,4.43515283E+3,
651.7500,4.83604102E+3,
651.900,5.29214941E+3,
652.0500,5.88407471E+3,
652.200,5.58432568E+3,
652.3500,5.70890137E+3,
652.500,4.83248145E+3,
652.6500,4.91536768E+3,
652.800,4.40309375E+3,
652.9500,4.25022168E+3,
653.100,3.73409131E+3,
653.2500,3.34733008E+3,
653.400,3.22738745E+3,
653.5500,2.94720703E+3,
653.700,2.63375073E+3,
653.8500,2.58925317E+3,
654.00,2.72826465E+3,
654.1500,2.78053076E+3,
654.300,2.71766699E+3,
654.4500,2.77474609E+3,
654.600,2.56323291E+3,
654.7500,2.78279248E+3,
654.900,2.92884448E+3,
655.0500,2.81420947E+3,
655.200,2.66632422E+3,
655.3500,3.00066113E+3,
655.500,2.71151440E+3,
655.6500,2.65653101E+3,
655.800,2.81844287E+3,
655.9500,2.63566528E+3,
656.100,2.60378784E+3,
656.2500,2.68583496E+3,
656.400,2.64436914E+3,
656.5500,2.54061157E+3,
656.700,2.57517920E+3,
656.8500,2.31723877E+3,
657.00,2.32257300E+3,
657.1500,2.38100171E+3,
657.300,2.55080127E+3,
657.4500,2.34368359E+3,
657.600,2.27634082E+3,
657.7500,2.14056421E+3,
657.900,2.44300903E+3,
658.0500,2.16523975E+3,
658.200,2.20464233E+3,
658.3500,2.23930737E+3,
658.500,2.09692090E+3,
658.6500,2.45711816E+3,
658.800,2.20079907E+3,
658.9500,2.23078516E+3,
659.100,2.31554468E+3,
659.2500,2.08690283E+3,
659.400,2.16171069E+3,
659.5500,2.06171167E+3,
659.700,2.03647412E+3,
659.8500,1.96082837E+3,
660.00,2.01584558E+3,
660.1500,1.79333154E+3,
660.300,2.00015564E+3,
660.4500,1.61917236E+3,
660.600,1.90287195E+3,
660.7500,1.79521521E+3,
660.900,1.68192407E+3,
661.0500,1.90120447E+3,
661.200,1.90072302E+3,
661.3500,2.21435767E+3,
661.500,1.99780396E+3,
661.6500,2.08550073E+3,
661.800,2.10617456E+3,
661.9500,2.10094141E+3,
662.100,2.38763354E+3,
662.2500,2.43012012E+3,
662.400,2.67188892E+3,
662.5500,2.54194824E+3,
662.700,2.16916650E+3,
662.8500,2.33815747E+3,
663.00,2.46035596E+3,
663.1500,2.27011963E+3,
663.300,1.96196362E+3,
663.4500,2.34519043E+3,
663.600,2.05171753E+3,
663.7500,2.04066907E+3,
663.900,1.77183630E+3,
664.0500,1.59314099E+3,
664.200,1.55378735E+3,
664.3500,1.58453943E+3,
664.500,1.32812329E+3,
664.6500,1.31499829E+3,
664.800,1.40529199E+3,
664.9500,1.39773596E+3,
665.100,1.22045654E+3,
665.2500,1.47021802E+3,
665.400,1.25375342E+3,
665.5500,1.15751453E+3,
665.700,1.45861963E+3,
665.8500,1.10764111E+3,
666.00,9.54836121E+2,
666.1500,1.07397327E+3,
666.300,1.00402386E+3,
666.4500,9.95240662E+2,
666.600,1.05366479E+3,
666.7500,1.07865515E+3,
666.900,1.14318115E+3,
667.0500,1.02737988E+3,
667.200,9.44984924E+2,
667.3500,1.07205969E+3,
667.500,1.14288428E+3,
667.6500,1.02025586E+3,
667.800,9.77016174E+2,
667.9500,1.15693188E+3,
668.100,7.98083496E+2,
668.2500,8.23114624E+2,
668.400,9.00203369E+2,
668.5500,8.33047668E+2,
668.700,8.98942566E+2,
668.8500,8.08179810E+2,
669.00,7.92730347E+2,
669.1500,8.29868835E+2,
669.300,7.14850647E+2,
669.4500,8.40093079E+2,
669.600,9.12975647E+2,
669.7500,8.56312622E+2,
669.900,8.52638062E+2,
670.0500,9.97343445E+2,
670.200,7.32093079E+2,
670.3500,8.29472412E+2,
670.500,7.83763367E+2,
670.6500,6.95823853E+2,
670.800,7.21688904E+2,
670.9500,8.20043091E+2,
671.100,7.85834778E+2,
671.2500,7.51416504E+2,
671.400,8.68694641E+2,
671.5500,7.24685730E+2,
671.700,8.18051392E+2,
671.8500,8.13955139E+2,
672.00,7.17807983E+2,
672.1500,5.71929138E+2,
672.300,7.82887512E+2,
672.4500,7.97118591E+2,
672.600,7.68055298E+2,
672.7500,9.00278259E+2,
672.900,7.28171082E+2,
673.0500,6.73778625E+2,
673.200,6.69174438E+2,
673.3500,8.71430298E+2,
673.500,7.85580139E+2,
673.6500,7.30805969E+2,
673.800,8.46276062E+2,
673.9500,7.34395020E+2,
674.100,8.18750183E+2,
674.2500,7.31749939E+2,
674.400,8.48439148E+2,
674.5500,8.18621216E+2,
674.700,5.96295227E+2,
674.8500,7.13521301E+2,
675.00,6.70229370E+2,
675.1500,8.01191772E+2,
675.300,8.87482605E+2,
675.4500,6.88447937E+2,
675.600,7.81398743E+2,
675.7500,8.03014771E+2,
675.900,6.34918762E+2,
676.0500,6.69390442E+2,
676.200,7.83016174E+2,
676.3500,8.04874878E+2,
676.500,7.14394043E+2,
676.6500,6.36695862E+2,
676.800,5.58581604E+2,
676.9500,7.00075378E+2,
677.100,7.21986145E+2,
677.2500,7.03793518E+2,
677.400,6.78780579E+2,
677.5500,5.72768127E+2,
677.700,7.29688049E+2,
677.8500,6.70660278E+2,
678.00,7.81124023E+2,
678.1500,6.46957031E+2,
678.300,6.82780823E+2,
678.4500,8.21473694E+2,
678.600,6.86347046E+2,
678.7500,6.95019775E+2,
678.900,6.55439453E+2,
679.0500,5.53380554E+2,
679.200,6.86561707E+2,
679.3500,5.42312500E+2,
679.500,5.78554626E+2,
679.6500,6.91852966E+2,
679.800,6.30569885E+2,
679.9500,5.83018921E+2,
680.100,6.57186340E+2,
680.2500,6.30658875E+2,
680.400,5.89770447E+2,
680.5500,6.62656006E+2,
680.700,7.14508484E+2,
680.8500,6.37675964E+2,
681.00,6.89739258E+2,
681.1500,6.48402161E+2,
681.300,6.64626831E+2,
681.4500,5.36057922E+2,
681.600,5.73848816E+2,
681.7500,5.02586517E+2,
681.900,5.55095886E+2,
682.0500,5.85908752E+2,
682.200,6.46242859E+2,
682.3500,6.40627808E+2,
682.500,6.86663330E+2,
682.6500,7.62559692E+2,
682.800,7.86897278E+2,
682.9500,5.73165833E+2,
683.100,7.23985962E+2,
683.2500,6.36124878E+2,
683.400,7.87914612E+2,
683.5500,6.39550781E+2,
683.700,4.90385345E+2,
683.8500,5.74918396E+2,
684.00,5.76468323E+2,
684.1500,7.30138428E+2,
684.300,6.78728394E+2,
684.4500,6.04097290E+2,
684.600,5.90397827E+2,
684.7500,6.68880188E+2,
684.900,6.62985413E+2,
685.0500,6.18402100E+2,
685.200,7.90599548E+2,
685.3500,6.21759338E+2,
685.500,8.96203918E+2,
685.6500,7.97053040E+2,
685.800,7.99218018E+2,
685.9500,6.44256531E+2,
686.100,6.53882141E+2,
686.2500,7.03050903E+2,
686.400,5.70303589E+2,
686.5500,7.70409973E+2,
686.700,7.08791809E+2,
686.8500,8.38488098E+2,
687.00,7.92725098E+2,
687.1500,7.62784851E+2,
687.300,8.85650085E+2,
687.4500,9.04233093E+2,
687.600,8.66242554E+2,
687.7500,9.41690308E+2,
687.900,8.14040283E+2,
688.0500,7.10166748E+2,
688.200,8.26720093E+2,
688.3500,9.43912109E+2,
688.500,6.99600464E+2,
688.6500,7.09787903E+2,
688.800,7.77959473E+2,
688.9500,7.63515503E+2,
689.100,7.32315002E+2,
689.2500,8.26092102E+2,
689.400,7.78136169E+2,
689.5500,7.38302979E+2,
689.700,7.40313782E+2,
689.8500,8.09815430E+2,
690.00,8.88150757E+2,
690.1500,9.66879883E+2,
690.300,6.88847229E+2,
690.4500,8.01563171E+2,
690.600,8.89233337E+2,
690.7500,7.63037292E+2,
690.900,6.27557251E+2,
691.0500,7.84420898E+2,
691.200,7.86563232E+2,
691.3500,8.06046631E+2,
691.500,8.34323120E+2,
691.6500,7.23316650E+2,
691.800,8.73851563E+2,
691.9500,1.04273462E+3,
692.100,7.55644104E+2,
692.2500,8.28210693E+2,
692.400,7.86318665E+2,
692.5500,1.02768994E+3,
692.700,1.00387598E+3,
692.8500,8.55206238E+2,
693.00,7.14642273E+2,
693.1500,9.13662903E+2,
693.300,7.90415771E+2,
693.4500,8.82648865E+2,
693.600,1.14697815E+3,
693.7500,1.03239685E+3,
693.900,8.62695190E+2,
694.0500,1.03808069E+3,
694.200,8.67452026E+2,
694.3500,7.69125549E+2,
694.500,8.63063843E+2,
694.6500,8.56242249E+2,
694.800,8.58608521E+2,
694.9500,1.00911200E+3,
695.100,9.46953308E+2,
695.2500,8.93765137E+2,
695.400,9.98990479E+2,
695.5500,1.03926440E+3,
695.700,1.15487708E+3,
695.8500,1.13931628E+3,
696.00,9.63137756E+2,
696.1500,9.46915527E+2,
696.300,1.07303223E+3,
696.4500,9.90359497E+2,
696.600,1.18415076E+3,
696.7500,9.67238525E+2,
696.900,1.12363855E+3,
697.0500,1.06900989E+3,
697.200,1.15888062E+3,
697.3500,1.06524463E+3,
697.500,9.90505981E+2,
697.6500,1.14905457E+3,
697.800,1.19129773E+3,
697.9500,1.08689417E+3,
698.100,1.05063794E+3,
698.2500,1.07325317E+3,
698.400,1.10586401E+3,
698.5500,1.10894434E+3,
698.700,8.73744385E+2,
698.8500,1.07531604E+3,
699.00,9.68491577E+2,
699.1500,1.05133765E+3,
699.300,9.63947021E+2,
699.4500,1.05731018E+3,
699.600,1.19158997E+3,
699.7500,9.31677551E+2,
699.900,1.14760071E+3,
700.0500,1.12029089E+3,
700.200,9.39584351E+2,
700.3500,8.39792847E+2,
700.500,9.24298645E+2,
700.6500,9.16585449E+2,
700.800,9.81114319E+2,
700.9500,9.21724854E+2,
701.100,1.00732117E+3,
701.2500,9.57975342E+2,
701.400,1.02320911E+3,
701.5500,1.01550415E+3,
701.700,9.97257446E+2,
701.8500,1.15784521E+3,
702.00,9.18231262E+2,
702.1500,1.00538147E+3,
702.300,1.08238525E+3,
702.4500,1.12788245E+3,
702.600,9.81573181E+2,
702.7500,1.04842822E+3,
702.900,1.14782483E+3,
703.0500,1.15099060E+3,
703.200,9.38511230E+2,
703.3500,1.16836035E+3,
703.500,1.31272083E+3,
703.6500,1.05534509E+3,
703.800,1.20019373E+3,
703.9500,1.01760602E+3,
704.100,1.10837769E+3,
704.2500,1.00159998E+3,
704.400,1.26951917E+3,
704.5500,1.11828247E+3,
704.700,1.13271753E+3,
704.8500,1.11381628E+3,
705.00,1.13948169E+3,
705.1500,1.15407129E+3,
705.300,1.43844727E+3,
705.4500,1.09331873E+3,
705.600,1.33397900E+3,
705.7500,1.39465076E+3,
705.900,1.22822925E+3,
706.0500,1.35734094E+3,
706.200,1.40707446E+3,
706.3500,1.07847595E+3,
706.500,1.26574817E+3,
706.6500,1.18868225E+3,
706.800,1.35421814E+3,
706.9500,1.32337903E+3,
707.100,1.17590686E+3,
707.2500,1.44791809E+3,
707.400,1.18281360E+3,
707.5500,1.38595728E+3,
707.700,1.46071313E+3,
707.8500,1.35868018E+3,
708.00,1.46932776E+3,
708.1500,1.31908447E+3,
708.300,1.40632117E+3,
708.4500,1.33867700E+3,
708.600,1.41447644E+3,
708.7500,1.28633691E+3,
708.900,1.14539075E+3,
709.0500,1.45094519E+3,
709.200,1.50346704E+3,
709.3500,1.48332117E+3,
709.500,1.06071497E+3,
709.6500,1.19815027E+3,
709.800,1.49572266E+3,
709.9500,1.02041602E+3,
710.100,1.25744238E+3,
710.2500,1.33503162E+3,
710.400,1.48740833E+3,
710.5500,1.26774109E+3,
710.700,1.08425903E+3,
710.8500,1.24967700E+3,
711.00,1.17790576E+3,
711.1500,1.19375256E+3,
711.300,1.09627161E+3,
711.4500,1.49104663E+3,
711.600,1.24178455E+3,
711.7500,1.25796179E+3,
711.900,1.12131775E+3,
712.0500,1.34169946E+3,
712.200,1.19174475E+3,
712.3500,1.22084045E+3,
712.500,1.31453369E+3,
712.6500,1.29243762E+3,
712.800,1.29612939E+3,
712.9500,1.16985193E+3,
713.100,1.31652942E+3,
713.2500,1.21563721E+3,
713.400,1.28457825E+3,
713.5500,1.19616187E+3,
713.700,1.44996167E+3,
713.8500,1.22931506E+3,
714.00,1.39183337E+3,
714.1500,1.15642468E+3,
714.300,1.25293018E+3,
714.4500,1.25640247E+3,
714.600,1.27329089E+3,
714.7500,1.00802087E+3,
714.900,1.06473438E+3,
715.0500,1.22991370E+3,
715.200,1.15211963E+3,
715.3500,1.20980518E+3,
715.500,1.32234631E+3,
715.6500,1.20311182E+3,
715.800,1.13802600E+3,
715.9500,9.21299561E+2,
716.100,1.00673755E+3,
716.2500,1.45230713E+3,
716.400,1.26237439E+3,
716.5500,1.22435693E+3,
716.700,1.10238330E+3,
716.8500,1.24559534E+3,
717.00,1.31946497E+3,
717.1500,1.04175061E+3,
717.300,1.05890308E+3,
717.4500,1.13278967E+3,
717.600,1.26390662E+3,
717.7500,8.40319092E+2,
717.900,1.08561243E+3,
718.0500,9.31183716E+2,
718.200,1.02005707E+3,
718.3500,8.93311768E+2,
718.500,1.06927588E+3,
718.6500,1.23175842E+3,
718.800,1.04637744E+3,
718.9500,1.20971973E+3,
719.100,1.15471277E+3,
719.2500,1.11402808E+3,
719.400,1.27890784E+3,
719.5500,1.20884912E+3,
719.700,1.21230457E+3,
719.8500,1.39369153E+3,
720.00,1.27873169E+3,
720.1500,1.26745508E+3,
720.300,1.06170911E+3,
720.4500,1.10972107E+3,
720.600,1.09784497E+3,
720.7500,1.10097754E+3,
720.900,1.08899854E+3,
721.0500,9.25243469E+2,
721.200,1.04951929E+3,
721.3500,9.45691345E+2,
721.500,1.16248926E+3,
721.6500,1.13508008E+3,
721.800,1.07674512E+3,
721.9500,1.09520300E+3,
722.100,1.25291785E+3,
722.2500,1.33391394E+3,
722.400,1.33758459E+3,
722.5500,1.41924768E+3,
722.700,9.53985901E+2,
722.8500,1.05071118E+3,
723.00,1.14796606E+3,
723.1500,1.45079993E+3,
723.300,1.59718494E+3,
723.4500,1.26864282E+3,
723.600,1.20859192E+3,
723.7500,1.10035608E+3,
723.900,1.15142688E+3,
724.0500,8.66024231E+2,
724.200,8.84619263E+2,
724.3500,9.67840576E+2,
724.500,9.22120544E+2,
724.6500,9.89703125E+2,
724.800,9.43770264E+2,
724.9500,1.02811926E+3,
725.100,1.03109399E+3,
725.2500,1.26385986E+3,
725.400,1.62965552E+3,
725.5500,1.25466431E+3,
725.700,1.42385925E+3,
725.8500,1.31175244E+3,
726.00,1.29890393E+3,
726.1500,1.26914172E+3,
726.300,1.05499878E+3,
726.4500,1.47778149E+3,
726.600,1.19564819E+3,
726.7500,1.19900830E+3,
726.900,1.10077283E+3,
727.0500,1.00195331E+3,
727.200,1.00470685E+3,
727.3500,1.19530408E+3,
727.500,9.24631042E+2,
727.6500,1.30492114E+3,
727.800,1.11913062E+3,
727.9500,1.05316211E+3,
728.100,1.00411273E+3,
728.2500,1.02421655E+3,
728.400,7.48505859E+2,
728.5500,9.94922302E+2,
728.700,7.87618225E+2,
728.8500,8.07330139E+2,
729.00,7.74349976E+2,
729.1500,1.16477466E+3,
729.300,8.14085205E+2,
729.4500,6.03401550E+2,
729.600,9.78829346E+2,
729.7500,8.38803345E+2,
729.900,9.48545349E+2,
730.0500,8.79436584E+2,
730.200,7.55955750E+2,
730.3500,8.12268311E+2,
730.500,1.01371649E+3,
730.6500,8.35083069E+2,
730.800,9.64921387E+2,
730.9500,7.85109497E+2,
731.100,8.42252869E+2,
731.2500,8.44606750E+2,
731.400,1.01268250E+3,
731.5500,1.29247876E+3,
731.700,1.05539783E+3,
731.8500,9.28386414E+2,
732.00,1.06133484E+3,
732.1500,1.08293066E+3,
732.300,1.25442139E+3,
732.4500,1.23911011E+3,
732.600,9.60140076E+2,
732.7500,8.30647827E+2,
732.900,9.84394348E+2,
733.0500,1.08205798E+3,
733.200,8.56671753E+2,
733.3500,1.18364441E+3,
733.500,1.16785388E+3,
733.6500,1.36316370E+3,
733.800,1.54032214E+3,
733.9500,1.31299719E+3,
734.100,1.52976892E+3,
734.2500,1.72837732E+3,
734.400,1.73336682E+3,
734.5500,1.77743933E+3,
734.700,1.70422546E+3,
734.8500,1.61093372E+3,
735.00,1.75352209E+3,
735.1500,2.29200171E+3,
735.300,2.23909277E+3,
735.4500,1.88779712E+3,
735.600,1.59426770E+3,
735.7500,1.59883032E+3,
735.900,1.48315710E+3,
736.0500,1.66824951E+3,
736.200,1.49145618E+3,
736.3500,1.29346863E+3,
736.500,1.58077124E+3,
736.6500,1.34127771E+3,
736.800,1.20234167E+3,
736.9500,1.79829541E+3,
737.100,1.88506909E+3,
737.2500,1.54078345E+3,
737.400,1.64783142E+3,
737.5500,1.46630493E+3,
737.700,1.63582678E+3,
737.8500,2.15918066E+3,
738.00,1.83182861E+3,
738.1500,2.35822485E+3,
738.300,2.61530249E+3,
738.4500,2.43319019E+3,
738.600,2.88101709E+3,
738.7500,2.46671655E+3,
738.900,3.44532861E+3,
739.0500,3.34825464E+3,
739.200,3.50575195E+3,
739.3500,3.74927075E+3,
739.500,3.03291675E+3,
739.6500,3.59766797E+3,
739.800,3.71448193E+3,
739.9500,3.37981714E+3,
740.100,2.80618555E+3,
740.2500,2.98711084E+3,
740.400,2.73491528E+3,
740.5500,2.43777319E+3,
740.700,1.81157678E+3,
740.8500,2.05736450E+3,
741.00,1.27296814E+3,
741.1500,1.43056738E+3,
741.300,1.32419666E+3,
741.4500,1.17296448E+3,
741.600,1.48693811E+3,
741.7500,1.13500793E+3,
741.900,9.37325623E+2,
742.0500,1.16371289E+3,
742.200,1.09955493E+3,
742.3500,8.32534607E+2,
742.500,8.57363770E+2,
742.6500,1.13118689E+3,
742.800,9.07419250E+2,
742.9500,5.68686584E+2,
743.100,4.10575836E+2,
743.2500,6.40426086E+2,
743.400,4.81639587E+2,
743.5500,8.96933594E+2,
743.700,6.91848694E+2,
743.8500,6.01255127E+2,
744.00,5.56536438E+2,
744.1500,7.44111572E+2,
744.300,5.59636292E+2,
744.4500,7.48260132E+2,
744.600,5.62760193E+2,
744.7500,7.05414490E+2,
744.900,4.71591431E+2,
745.0500,4.72900391E+2,
745.200,6.87579102E+2,
745.3500,7.60783142E+2,
745.500,6.19828979E+2,
745.6500,7.88863770E+2,
745.800,8.14999573E+2,
745.9500,7.93202759E+2,
746.100,8.91717834E+2,
746.2500,8.69893311E+2,
746.400,1.16290491E+3,
746.5500,1.02021680E+3,
746.700,8.76772705E+2,
746.8500,8.54663513E+2,
747.00,7.10017273E+2,
747.1500,1.20265637E+3,
747.300,9.84193665E+2,
747.4500,8.63305908E+2,
747.600,7.91268127E+2,
747.7500,8.67600525E+2,
747.900,7.20658142E+2,
748.0500,8.22096252E+2,
748.200,5.24446838E+2,
748.3500,6.25887878E+2,
748.500,9.53708313E+2,
748.6500,7.04476990E+2,
748.800,5.04447693E+2,
748.9500,5.30986938E+2,
749.100,3.54913391E+2,
749.2500,5.33789551E+2,
749.400,4.58755585E+2,
749.5500,5.36645081E+2,
749.700,4.61212006E+2,
749.8500,5.13830200E+2,
750.00,4.12166290E+2,
