Labels,32C_92_500K,
Type,Emission Scan,
Comment,,
Start,470.00,
Stop,750.0500,
Step,0.150,
Fixed/Offset,450.00,
Xaxis,Wavelength,
Yaxis,Counts,
Scan Corr. by File,True,
Corr. by Ref. Det.,False,
Fixed/Offset Corr. by File,False,
Repeats,1,
Dwell Time,0.20,
Lamp,Xe,
Temp,27.750,
Scan Polariser,None,
Scan Slit,0.2520,
Fixed/Offset Polariser,None,
Fixed/Offset Slit,2.9970,
Detector,Red PMT,

470.00,2.47647290E+3,
470.1500,2.46996582E+3,
470.300,2.45642017E+3,
470.4500,2.34622876E+3,
470.600,2.25630127E+3,
470.7500,2.28013965E+3,
470.900,2.20645117E+3,
471.0500,2.13097388E+3,
471.200,2.15826782E+3,
471.3500,2.12731787E+3,
471.500,2.12048071E+3,
471.6500,2.13672534E+3,
471.800,2.06070679E+3,
471.9500,2.09100293E+3,
472.100,2.00625867E+3,
472.2500,2.06994678E+3,
472.400,1.94228552E+3,
472.5500,2.04502161E+3,
472.700,2.10165796E+3,
472.8500,2.04114856E+3,
473.00,2.27291309E+3,
473.1500,2.39374023E+3,
473.300,2.54956274E+3,
473.4500,2.78739160E+3,
473.600,2.47495581E+3,
473.7500,2.38165161E+3,
473.900,2.23836182E+3,
474.0500,2.01616724E+3,
474.200,2.01414038E+3,
474.3500,1.92710889E+3,
474.500,1.91108264E+3,
474.6500,1.95605896E+3,
474.800,1.82603137E+3,
474.9500,1.82500781E+3,
475.100,1.90209814E+3,
475.2500,1.85723914E+3,
475.400,1.79336841E+3,
475.5500,1.89253345E+3,
475.700,1.87367053E+3,
475.8500,1.85380359E+3,
476.00,1.89596448E+3,
476.1500,1.83518787E+3,
476.300,1.82443250E+3,
476.4500,1.89474768E+3,
476.600,1.77487952E+3,
476.7500,1.87123584E+3,
476.900,1.79038135E+3,
477.0500,1.86178064E+3,
477.200,1.80809851E+3,
477.3500,1.90067358E+3,
477.500,1.80588428E+3,
477.6500,1.86441431E+3,
477.800,1.85980518E+3,
477.9500,1.86020593E+3,
478.100,1.86476367E+3,
478.2500,1.86638464E+3,
478.400,1.80978516E+3,
478.5500,1.89974292E+3,
478.700,1.75673169E+3,
478.8500,1.90500037E+3,
479.00,1.82119116E+3,
479.1500,1.79984888E+3,
479.300,1.84990576E+3,
479.4500,1.77621973E+3,
479.600,1.83838281E+3,
479.7500,1.88045056E+3,
479.900,1.92758813E+3,
480.0500,2.00704175E+3,
480.200,1.94239099E+3,
480.3500,1.92610815E+3,
480.500,1.92999463E+3,
480.6500,2.08333936E+3,
480.800,2.09436304E+3,
480.9500,2.04676843E+3,
481.100,2.05977466E+3,
481.2500,1.95441772E+3,
481.400,1.99773657E+3,
481.5500,2.03197510E+3,
481.700,1.98926111E+3,
481.8500,2.03364978E+3,
482.00,1.95440002E+3,
482.1500,2.04250476E+3,
482.300,1.97443481E+3,
482.4500,2.01592688E+3,
482.600,1.97925623E+3,
482.7500,1.91308508E+3,
482.900,1.94544470E+3,
483.0500,1.91383325E+3,
483.200,1.99729504E+3,
483.3500,1.92813879E+3,
483.500,1.98927991E+3,
483.6500,1.86398206E+3,
483.800,1.88843665E+3,
483.9500,1.89148840E+3,
484.100,1.83849805E+3,
484.2500,1.76710315E+3,
484.400,1.83359521E+3,
484.5500,1.78766675E+3,
484.700,1.86140576E+3,
484.8500,1.74580103E+3,
485.00,1.79807751E+3,
485.1500,1.81979626E+3,
485.300,1.84051208E+3,
485.4500,1.80684021E+3,
485.600,1.81626343E+3,
485.7500,1.80102234E+3,
485.900,1.83513123E+3,
486.0500,1.85488647E+3,
486.200,1.86851978E+3,
486.3500,1.81825806E+3,
486.500,1.86797375E+3,
486.6500,1.85995020E+3,
486.800,1.89219141E+3,
486.9500,1.94410791E+3,
487.100,2.00530396E+3,
487.2500,2.16793555E+3,
487.400,2.03876392E+3,
487.5500,2.20263354E+3,
487.700,2.25058667E+3,
487.8500,2.39090625E+3,
488.00,2.48156689E+3,
488.1500,2.46942261E+3,
488.300,2.52063867E+3,
488.4500,2.77981909E+3,
488.600,2.58889478E+3,
488.7500,2.62879175E+3,
488.900,2.62603442E+3,
489.0500,2.60876904E+3,
489.200,2.65941431E+3,
489.3500,2.60371338E+3,
489.500,2.48321875E+3,
489.6500,2.59965820E+3,
489.800,2.58455249E+3,
489.9500,2.79739575E+3,
490.100,2.70836670E+3,
490.2500,2.93876953E+3,
490.400,2.96618042E+3,
490.5500,3.08488013E+3,
490.700,3.26883374E+3,
490.8500,3.43729736E+3,
491.00,3.38733154E+3,
491.1500,3.54486304E+3,
491.300,3.78689355E+3,
491.4500,3.64356470E+3,
491.600,3.92930420E+3,
491.7500,3.70981348E+3,
491.900,3.80375366E+3,
492.0500,3.79526611E+3,
492.200,3.61954297E+3,
492.3500,3.50071265E+3,
492.500,3.39863550E+3,
492.6500,3.40565698E+3,
492.800,3.35746289E+3,
492.9500,3.31449243E+3,
493.100,3.37348657E+3,
493.2500,3.27820508E+3,
493.400,3.33082397E+3,
493.5500,3.27158203E+3,
493.700,3.17383081E+3,
493.8500,3.22752393E+3,
494.00,3.24389282E+3,
494.1500,3.19181860E+3,
494.300,3.12574268E+3,
494.4500,3.12488232E+3,
494.600,3.18402515E+3,
494.7500,3.11240088E+3,
494.900,2.99987354E+3,
495.0500,3.17399658E+3,
495.200,3.12272607E+3,
495.3500,3.21121606E+3,
495.500,3.22769849E+3,
495.6500,3.26251221E+3,
495.800,3.26717725E+3,
495.9500,3.35816675E+3,
496.100,3.28750049E+3,
496.2500,3.14222290E+3,
496.400,3.12434277E+3,
496.5500,3.08043408E+3,
496.700,3.20115869E+3,
496.8500,3.06611230E+3,
497.00,3.15335400E+3,
497.1500,3.16926196E+3,
497.300,3.01880396E+3,
497.4500,3.05418726E+3,
497.600,2.99266187E+3,
497.7500,3.04986865E+3,
497.900,2.96746899E+3,
498.0500,2.94938037E+3,
498.200,2.82632813E+3,
498.3500,2.96021191E+3,
498.500,2.90921387E+3,
498.6500,2.82083789E+3,
498.800,2.88920703E+3,
498.9500,2.84456421E+3,
499.100,2.73829785E+3,
499.2500,2.70776147E+3,
499.400,2.87648608E+3,
499.5500,2.75010156E+3,
499.700,2.78455225E+3,
499.8500,2.73181982E+3,
500.00,2.74861035E+3,
500.1500,2.66037988E+3,
500.300,2.62733911E+3,
500.4500,2.53328101E+3,
500.600,2.62760059E+3,
500.7500,2.52780273E+3,
500.900,2.43337354E+3,
501.0500,2.48667432E+3,
501.200,2.50999854E+3,
501.3500,2.57568652E+3,
501.500,2.48649194E+3,
501.6500,2.37816089E+3,
501.800,2.39584961E+3,
501.9500,2.39902759E+3,
502.100,2.36640723E+3,
502.2500,2.27885571E+3,
502.400,2.33012256E+3,
502.5500,2.33884253E+3,
502.700,2.32287036E+3,
502.8500,2.36079736E+3,
503.00,2.31106104E+3,
503.1500,2.35027002E+3,
503.300,2.28814551E+3,
503.4500,2.33076978E+3,
503.600,2.29332935E+3,
503.7500,2.22983325E+3,
503.900,2.15151904E+3,
504.0500,2.21906274E+3,
504.200,2.38871362E+3,
504.3500,2.35687207E+3,
504.500,2.44750977E+3,
504.6500,2.36567505E+3,
504.800,2.51102832E+3,
504.9500,2.48597266E+3,
505.100,2.52920532E+3,
505.2500,2.56567603E+3,
505.400,2.52462744E+3,
505.5500,2.68788452E+3,
505.700,2.70513867E+3,
505.8500,2.73613867E+3,
506.00,2.65498535E+3,
506.1500,2.75600952E+3,
506.300,2.70924658E+3,
506.4500,2.91955615E+3,
506.600,2.98889844E+3,
506.7500,3.08136108E+3,
506.900,3.22118262E+3,
507.0500,3.20577881E+3,
507.200,3.33008667E+3,
507.3500,3.45462695E+3,
507.500,3.28583643E+3,
507.6500,3.36427490E+3,
507.800,3.25641064E+3,
507.9500,3.15179980E+3,
508.100,3.16079614E+3,
508.2500,3.01653174E+3,
508.400,2.90218848E+3,
508.5500,2.76082935E+3,
508.700,2.64596826E+3,
508.8500,2.59733911E+3,
509.00,2.48205493E+3,
509.1500,2.45295190E+3,
509.300,2.29744507E+3,
509.4500,2.22476050E+3,
509.600,2.33476636E+3,
509.7500,2.16575269E+3,
509.900,2.16081104E+3,
510.0500,2.25337744E+3,
510.200,2.16366528E+3,
510.3500,2.21391699E+3,
510.500,2.17702881E+3,
510.6500,2.06220239E+3,
510.800,2.14553809E+3,
510.9500,2.20301514E+3,
511.100,2.04886084E+3,
511.2500,1.90271741E+3,
511.400,1.96606262E+3,
511.5500,1.74602380E+3,
511.700,1.74640637E+3,
511.8500,1.63033020E+3,
512.00,1.73525952E+3,
512.1500,1.57739795E+3,
512.300,1.59558728E+3,
512.4500,1.54343335E+3,
512.600,1.44938684E+3,
512.7500,1.59057751E+3,
512.900,1.37796765E+3,
513.0500,1.45951538E+3,
513.200,1.44301147E+3,
513.3500,1.49964978E+3,
513.500,1.46512671E+3,
513.6500,1.37042261E+3,
513.800,1.43797095E+3,
513.9500,1.43578748E+3,
514.100,1.41555151E+3,
514.2500,1.34339063E+3,
514.400,1.37015112E+3,
514.5500,1.43324426E+3,
514.700,1.38507556E+3,
514.8500,1.41073120E+3,
515.00,1.22048450E+3,
515.1500,1.33102515E+3,
515.300,1.33480493E+3,
515.4500,1.28869543E+3,
515.600,1.31070129E+3,
515.7500,1.34494080E+3,
515.900,1.33652380E+3,
516.0500,1.32320020E+3,
516.200,1.38323486E+3,
516.3500,1.31973425E+3,
516.500,1.36149280E+3,
516.6500,1.23649988E+3,
516.800,1.31876794E+3,
516.9500,1.34711426E+3,
517.100,1.39031079E+3,
517.2500,1.37818665E+3,
517.400,1.36233337E+3,
517.5500,1.33163123E+3,
517.700,1.29592126E+3,
517.8500,1.32814734E+3,
518.00,1.37652710E+3,
518.1500,1.34201697E+3,
518.300,1.37441272E+3,
518.4500,1.35596045E+3,
518.600,1.31757568E+3,
518.7500,1.28532910E+3,
518.900,1.30532434E+3,
519.0500,1.36153223E+3,
519.200,1.36672168E+3,
519.3500,1.44438428E+3,
519.500,1.35960400E+3,
519.6500,1.41988330E+3,
519.800,1.43390601E+3,
519.9500,1.32749963E+3,
520.100,1.39549316E+3,
520.2500,1.45987646E+3,
520.400,1.40103174E+3,
520.5500,1.41010034E+3,
520.700,1.42675317E+3,
520.8500,1.44343433E+3,
521.00,1.33246265E+3,
521.1500,1.39081433E+3,
521.300,1.41127600E+3,
521.4500,1.39626721E+3,
521.600,1.40153210E+3,
521.7500,1.39028259E+3,
521.900,1.35992224E+3,
522.0500,1.33840698E+3,
522.200,1.33979053E+3,
522.3500,1.38200476E+3,
522.500,1.35659961E+3,
522.6500,1.30172656E+3,
522.800,1.28001526E+3,
522.9500,1.40176392E+3,
523.100,1.40324146E+3,
523.2500,1.45097058E+3,
523.400,1.36896863E+3,
523.5500,1.33053552E+3,
523.700,1.43629004E+3,
523.8500,1.39783545E+3,
524.00,1.32960510E+3,
524.1500,1.43183154E+3,
524.300,1.37773816E+3,
524.4500,1.42712756E+3,
524.600,1.42994434E+3,
524.7500,1.43535840E+3,
524.900,1.36282776E+3,
525.0500,1.47089636E+3,
525.200,1.42423157E+3,
525.3500,1.38919299E+3,
525.500,1.34755664E+3,
525.6500,1.53435095E+3,
525.800,1.51106482E+3,
525.9500,1.60025549E+3,
526.100,1.54820605E+3,
526.2500,1.60751648E+3,
526.400,1.65381848E+3,
526.5500,1.70546497E+3,
526.700,1.59148816E+3,
526.8500,1.64974731E+3,
527.00,1.73052795E+3,
527.1500,1.71798523E+3,
527.300,1.79391162E+3,
527.4500,1.80520203E+3,
527.600,1.79135315E+3,
527.7500,1.83181165E+3,
527.900,1.79273560E+3,
528.0500,2.03522461E+3,
528.200,1.94448853E+3,
528.3500,1.96005615E+3,
528.500,2.05830542E+3,
528.6500,1.95657727E+3,
528.800,2.04166833E+3,
528.9500,2.01324329E+3,
529.100,2.08113354E+3,
529.2500,2.09820605E+3,
529.400,2.09248975E+3,
529.5500,2.11765503E+3,
529.700,2.15497681E+3,
529.8500,2.14927637E+3,
530.00,2.07614941E+3,
530.1500,2.06894971E+3,
530.300,2.20493701E+3,
530.4500,2.02607434E+3,
530.600,1.97950574E+3,
530.7500,2.09006006E+3,
530.900,2.11807397E+3,
531.0500,2.04156055E+3,
531.200,1.95130603E+3,
531.3500,2.11812524E+3,
531.500,1.91599854E+3,
531.6500,1.99718091E+3,
531.800,1.98020081E+3,
531.9500,2.02469861E+3,
532.100,2.00092395E+3,
532.2500,1.97438538E+3,
532.400,1.92583276E+3,
532.5500,1.95543481E+3,
532.700,1.92735815E+3,
532.8500,2.00793286E+3,
533.00,1.97708069E+3,
533.1500,1.85106982E+3,
533.300,1.85318542E+3,
533.4500,1.87603760E+3,
533.600,1.91138867E+3,
533.7500,1.88030359E+3,
533.900,1.89769226E+3,
534.0500,1.82485010E+3,
534.200,1.86169299E+3,
534.3500,1.88329907E+3,
534.500,1.91470300E+3,
534.6500,1.87222949E+3,
534.800,1.77099023E+3,
534.9500,1.85128967E+3,
535.100,2.00313916E+3,
535.2500,1.91848267E+3,
535.400,1.97672888E+3,
535.5500,1.86515198E+3,
535.700,1.86439966E+3,
535.8500,1.84393005E+3,
536.00,1.87695679E+3,
536.1500,1.86634412E+3,
536.300,2.00680920E+3,
536.4500,1.86481689E+3,
536.600,1.98151440E+3,
536.7500,1.85616919E+3,
536.900,1.86671472E+3,
537.0500,1.96676428E+3,
537.200,2.01590894E+3,
537.3500,1.95556396E+3,
537.500,2.01191577E+3,
537.6500,1.93715051E+3,
537.800,1.98645044E+3,
537.9500,1.86429395E+3,
538.100,2.00951282E+3,
538.2500,1.79110474E+3,
538.400,1.84618677E+3,
538.5500,1.90569104E+3,
538.700,1.83449255E+3,
538.8500,1.90561597E+3,
539.00,1.86450281E+3,
539.1500,1.71080579E+3,
539.300,1.84413416E+3,
539.4500,1.81438831E+3,
539.600,1.77588293E+3,
539.7500,1.79814221E+3,
539.900,1.85525708E+3,
540.0500,1.74407324E+3,
540.200,1.74464490E+3,
540.3500,1.74666418E+3,
540.500,1.69767981E+3,
540.6500,1.76966528E+3,
540.800,1.75709326E+3,
540.9500,1.71085486E+3,
541.100,1.72601648E+3,
541.2500,1.79545239E+3,
541.400,1.69335925E+3,
541.5500,1.68063403E+3,
541.700,1.79436206E+3,
541.8500,1.79496265E+3,
542.00,1.75575635E+3,
542.1500,1.69874548E+3,
542.300,1.74650305E+3,
542.4500,1.71744275E+3,
542.600,1.80678467E+3,
542.7500,1.70951038E+3,
542.900,1.79161377E+3,
543.0500,1.73866711E+3,
543.200,1.75998376E+3,
543.3500,1.64133521E+3,
543.500,1.63126367E+3,
543.6500,1.69132373E+3,
543.800,1.81427820E+3,
543.9500,1.77143213E+3,
544.100,1.76442065E+3,
544.2500,1.69740454E+3,
544.400,1.74732202E+3,
544.5500,1.60648657E+3,
544.700,1.54507166E+3,
544.8500,1.81033899E+3,
545.00,1.73090735E+3,
545.1500,1.65738428E+3,
545.300,1.57764294E+3,
545.4500,1.62782288E+3,
545.600,1.66144775E+3,
545.7500,1.67088281E+3,
545.900,1.64238464E+3,
546.0500,1.66096826E+3,
546.200,1.66750964E+3,
546.3500,1.64206946E+3,
546.500,1.62266443E+3,
546.6500,1.64137793E+3,
546.800,1.71210217E+3,
546.9500,1.64218555E+3,
547.100,1.72846033E+3,
547.2500,1.67536487E+3,
547.400,1.66206970E+3,
547.5500,1.65027112E+3,
547.700,1.66615649E+3,
547.8500,1.72215808E+3,
548.00,1.65788623E+3,
548.1500,1.65064307E+3,
548.300,1.67896423E+3,
548.4500,1.80495679E+3,
548.600,1.57136768E+3,
548.7500,1.78449475E+3,
548.900,1.68869324E+3,
549.0500,1.78257751E+3,
549.200,1.71767798E+3,
549.3500,1.76809509E+3,
549.500,1.77644226E+3,
549.6500,1.80826587E+3,
549.800,1.74149182E+3,
549.9500,1.71845740E+3,
550.100,1.82250989E+3,
550.2500,1.89222498E+3,
550.400,1.84093945E+3,
550.5500,1.84623584E+3,
550.700,1.79476282E+3,
550.8500,1.77316113E+3,
551.00,1.82263928E+3,
551.1500,1.81526147E+3,
551.300,1.89975598E+3,
551.4500,1.71953125E+3,
551.600,1.79615613E+3,
551.7500,1.79981470E+3,
551.900,1.77959863E+3,
552.0500,1.69720129E+3,
552.200,1.72793433E+3,
552.3500,1.74275793E+3,
552.500,1.69523914E+3,
552.6500,1.61717932E+3,
552.800,1.72808777E+3,
552.9500,1.68678333E+3,
553.100,1.68721826E+3,
553.2500,1.73273108E+3,
553.400,1.59793640E+3,
553.5500,1.57731165E+3,
553.700,1.51949182E+3,
553.8500,1.76546863E+3,
554.00,1.62840808E+3,
554.1500,1.61419727E+3,
554.300,1.49933862E+3,
554.4500,1.52066455E+3,
554.600,1.51275549E+3,
554.7500,1.47713672E+3,
554.900,1.62404919E+3,
555.0500,1.59335974E+3,
555.200,1.61488953E+3,
555.3500,1.49081775E+3,
555.500,1.57616223E+3,
555.6500,1.46157837E+3,
555.800,1.55364783E+3,
555.9500,1.59824792E+3,
556.100,1.64955066E+3,
556.2500,1.68285107E+3,
556.400,1.62711279E+3,
556.5500,1.59271143E+3,
556.700,1.59296069E+3,
556.8500,1.65282361E+3,
557.00,1.66971375E+3,
557.1500,1.67670923E+3,
557.300,1.57900061E+3,
557.4500,1.63248560E+3,
557.600,1.63444226E+3,
557.7500,1.76651001E+3,
557.900,1.89721667E+3,
558.0500,1.85769592E+3,
558.200,1.90182349E+3,
558.3500,1.76334595E+3,
558.500,1.79906018E+3,
558.6500,1.89198389E+3,
558.800,1.98344177E+3,
558.9500,1.98416113E+3,
559.100,1.99166858E+3,
559.2500,1.93336121E+3,
559.400,1.88504517E+3,
559.5500,1.89584460E+3,
559.700,1.96259375E+3,
559.8500,2.03967969E+3,
560.00,1.97253540E+3,
560.1500,1.94604895E+3,
560.300,1.90245581E+3,
560.4500,1.94742419E+3,
560.600,1.97541956E+3,
560.7500,2.08724072E+3,
560.900,2.15482764E+3,
561.0500,2.12659692E+3,
561.200,2.16175366E+3,
561.3500,2.15232349E+3,
561.500,2.05859424E+3,
561.6500,2.08688428E+3,
561.800,2.10144116E+3,
561.9500,2.15917554E+3,
562.100,2.19286255E+3,
562.2500,1.99653003E+3,
562.400,2.05607959E+3,
562.5500,1.95101025E+3,
562.700,1.90645508E+3,
562.8500,1.84440100E+3,
563.00,1.92142834E+3,
563.1500,1.93431848E+3,
563.300,1.82334888E+3,
563.4500,1.79420349E+3,
563.600,1.79121411E+3,
563.7500,1.77244934E+3,
563.900,1.72732568E+3,
564.0500,1.66106213E+3,
564.200,1.75296545E+3,
564.3500,1.57573474E+3,
564.500,1.69948938E+3,
564.6500,1.50581189E+3,
564.800,1.58206165E+3,
564.9500,1.54345862E+3,
565.100,1.39128699E+3,
565.2500,1.40196790E+3,
565.400,1.28295386E+3,
565.5500,1.32375671E+3,
565.700,1.26667627E+3,
565.8500,1.25403796E+3,
566.00,1.17527637E+3,
566.1500,1.17310352E+3,
566.300,1.13511206E+3,
566.4500,1.23684375E+3,
566.600,1.19165027E+3,
566.7500,1.19845276E+3,
566.900,1.18368018E+3,
567.0500,1.28053040E+3,
567.200,1.17204517E+3,
567.3500,1.19508398E+3,
567.500,1.19106274E+3,
567.6500,1.17617102E+3,
567.800,1.26087695E+3,
567.9500,1.18617029E+3,
568.100,1.21848621E+3,
568.2500,1.20727563E+3,
568.400,1.21605713E+3,
568.5500,1.28318140E+3,
568.700,1.23184595E+3,
568.8500,1.27539258E+3,
569.00,1.27330664E+3,
569.1500,1.27493970E+3,
569.300,1.18119531E+3,
569.4500,1.34064368E+3,
569.600,1.25776648E+3,
569.7500,1.23175024E+3,
569.900,1.32917908E+3,
570.0500,1.24593335E+3,
570.200,1.22896558E+3,
570.3500,1.14348975E+3,
570.500,1.25602576E+3,
570.6500,1.25939746E+3,
570.800,1.32033862E+3,
570.9500,1.27544568E+3,
571.100,1.17827319E+3,
571.2500,1.30820215E+3,
571.400,1.23133533E+3,
571.5500,1.40457043E+3,
571.700,1.30145007E+3,
571.8500,1.17001062E+3,
572.00,1.33625745E+3,
572.1500,1.46542310E+3,
572.300,1.35255396E+3,
572.4500,1.38611401E+3,
572.600,1.31241895E+3,
572.7500,1.40067090E+3,
572.900,1.40985535E+3,
573.0500,1.37373755E+3,
573.200,1.41137646E+3,
573.3500,1.36954309E+3,
573.500,1.39398352E+3,
573.6500,1.43746765E+3,
573.800,1.46013806E+3,
573.9500,1.46953516E+3,
574.100,1.32458105E+3,
574.2500,1.55709692E+3,
574.400,1.43290527E+3,
574.5500,1.55707678E+3,
574.700,1.41916418E+3,
574.8500,1.44389941E+3,
575.00,1.54740491E+3,
575.1500,1.51469556E+3,
575.300,1.47805017E+3,
575.4500,1.47021472E+3,
575.600,1.50479651E+3,
575.7500,1.49696411E+3,
575.900,1.48523853E+3,
576.0500,1.42702075E+3,
576.200,1.32215283E+3,
576.3500,1.48488171E+3,
576.500,1.41674146E+3,
576.6500,1.42236853E+3,
576.800,1.38903967E+3,
576.9500,1.38878442E+3,
577.100,1.35139661E+3,
577.2500,1.44099402E+3,
577.400,1.39964453E+3,
577.5500,1.48166223E+3,
577.700,1.51285376E+3,
577.8500,1.39873828E+3,
578.00,1.47906665E+3,
578.1500,1.52603564E+3,
578.300,1.41540002E+3,
578.4500,1.54725598E+3,
578.600,1.52529358E+3,
578.7500,1.43207019E+3,
578.900,1.51685156E+3,
579.0500,1.46304858E+3,
579.200,1.49049634E+3,
579.3500,1.58555493E+3,
579.500,1.52765967E+3,
579.6500,1.44971558E+3,
579.800,1.63275159E+3,
579.9500,1.47690356E+3,
580.100,1.40066040E+3,
580.2500,1.43427832E+3,
580.400,1.51403052E+3,
580.5500,1.52178003E+3,
580.700,1.51750000E+3,
580.8500,1.51119397E+3,
581.00,1.49682263E+3,
581.1500,1.59326599E+3,
581.300,1.52456763E+3,
581.4500,1.47185522E+3,
581.600,1.55848730E+3,
581.7500,1.56032178E+3,
581.900,1.58646863E+3,
582.0500,1.65528979E+3,
582.200,1.41153955E+3,
582.3500,1.62675195E+3,
582.500,1.60835181E+3,
582.6500,1.67958862E+3,
582.800,1.61629785E+3,
582.9500,1.64683899E+3,
583.100,1.68974487E+3,
583.2500,1.70204016E+3,
583.400,1.87021021E+3,
583.5500,1.73080713E+3,
583.700,1.82951538E+3,
583.8500,1.73910754E+3,
584.00,1.91017310E+3,
584.1500,1.92694324E+3,
584.300,1.77229944E+3,
584.4500,1.93576636E+3,
584.600,2.01679626E+3,
584.7500,1.98192188E+3,
584.900,2.00507397E+3,
585.0500,2.09684375E+3,
585.200,2.15552148E+3,
585.3500,2.09142676E+3,
585.500,2.13979541E+3,
585.6500,2.21750439E+3,
585.800,2.28075464E+3,
585.9500,2.20391895E+3,
586.100,2.23581201E+3,
586.2500,2.33488281E+3,
586.400,2.49298047E+3,
586.5500,2.41593481E+3,
586.700,2.27976538E+3,
586.8500,2.37509424E+3,
587.00,2.52971118E+3,
587.1500,2.35936816E+3,
587.300,2.41700903E+3,
587.4500,2.44937012E+3,
587.600,2.48603271E+3,
587.7500,2.59703394E+3,
587.900,2.54259326E+3,
588.0500,2.74321680E+3,
588.200,2.78251831E+3,
588.3500,2.80910864E+3,
588.500,2.82295093E+3,
588.6500,2.63601660E+3,
588.800,2.73521704E+3,
588.9500,2.93311890E+3,
589.100,2.95152075E+3,
589.2500,2.84340308E+3,
589.400,2.93697900E+3,
589.5500,2.88664453E+3,
589.700,2.97401099E+3,
589.8500,3.03138452E+3,
590.00,3.21192261E+3,
590.1500,3.04308447E+3,
590.300,3.26332764E+3,
590.4500,3.21760938E+3,
590.600,3.30626831E+3,
590.7500,3.29522144E+3,
590.900,3.37983203E+3,
591.0500,3.53654614E+3,
591.200,3.51712085E+3,
591.3500,3.77709106E+3,
591.500,3.73166699E+3,
591.6500,3.79993555E+3,
591.800,3.87493726E+3,
591.9500,3.89086914E+3,
592.100,3.97038867E+3,
592.2500,4.13141113E+3,
592.400,4.39633301E+3,
592.5500,4.20980420E+3,
592.700,4.22594043E+3,
592.8500,4.34599512E+3,
593.00,4.35788037E+3,
593.1500,4.57367627E+3,
593.300,4.55258398E+3,
593.4500,4.59140479E+3,
593.600,4.61695557E+3,
593.7500,4.51118506E+3,
593.900,4.51884033E+3,
594.0500,4.63379053E+3,
594.200,4.49231689E+3,
594.3500,4.49144092E+3,
594.500,4.41884668E+3,
594.6500,4.16655127E+3,
594.800,4.50668652E+3,
594.9500,4.53950781E+3,
595.100,4.34056006E+3,
595.2500,4.50880371E+3,
595.400,4.47872998E+3,
595.5500,4.48021533E+3,
595.700,4.45678320E+3,
595.8500,4.25185449E+3,
596.00,4.46190186E+3,
596.1500,4.49965723E+3,
596.300,4.71507568E+3,
596.4500,4.51842188E+3,
596.600,4.47873535E+3,
596.7500,4.70407959E+3,
596.900,4.81785303E+3,
597.0500,4.74854053E+3,
597.200,4.71111914E+3,
597.3500,4.97917578E+3,
597.500,4.88440381E+3,
597.6500,4.79397656E+3,
597.800,4.80017383E+3,
597.9500,5.13434521E+3,
598.100,4.98137207E+3,
598.2500,4.97386621E+3,
598.400,5.26773438E+3,
598.5500,5.06088574E+3,
598.700,5.56478467E+3,
598.8500,5.40895410E+3,
599.00,5.26436523E+3,
599.1500,5.69827441E+3,
599.300,5.82253906E+3,
599.4500,5.81843994E+3,
599.600,5.67843164E+3,
599.7500,5.75384473E+3,
599.900,5.69321143E+3,
600.0500,5.83959570E+3,
600.200,5.78903613E+3,
600.3500,5.93406152E+3,
600.500,5.86218994E+3,
600.6500,6.25367871E+3,
600.800,5.92382959E+3,
600.9500,5.99388721E+3,
601.100,5.80808447E+3,
601.2500,6.09064404E+3,
601.400,6.39787988E+3,
601.5500,6.02110547E+3,
601.700,6.26698584E+3,
601.8500,6.43459229E+3,
602.00,6.60509180E+3,
602.1500,6.67057178E+3,
602.300,6.43319629E+3,
602.4500,6.60454004E+3,
602.600,6.72571777E+3,
602.7500,6.92456641E+3,
602.900,6.92073682E+3,
603.0500,7.19791748E+3,
603.200,7.23062891E+3,
603.3500,7.27555566E+3,
603.500,7.75637598E+3,
603.6500,7.84606836E+3,
603.800,7.79436084E+3,
603.9500,7.80116992E+3,
604.100,8.09928174E+3,
604.2500,7.92235352E+3,
604.400,7.97331592E+3,
604.5500,8.35402051E+3,
604.700,8.40077734E+3,
604.8500,8.23791895E+3,
605.00,8.63790234E+3,
605.1500,8.66547656E+3,
605.300,8.77486719E+3,
605.4500,9.10294629E+3,
605.600,9.35986914E+3,
605.7500,9.18941113E+3,
605.900,9.29510449E+3,
606.0500,9.40626172E+3,
606.200,9.50814355E+3,
606.3500,9.99339746E+3,
606.500,9.64500488E+3,
606.6500,9.96109375E+3,
606.800,9.99384961E+3,
606.9500,1.02534102E+4,
607.100,9.96135938E+3,
607.2500,1.01031338E+4,
607.400,1.04452529E+4,
607.5500,1.03143535E+4,
607.700,1.00611631E+4,
607.8500,1.04377227E+4,
608.00,1.08001348E+4,
608.1500,1.05565059E+4,
608.300,1.07437715E+4,
608.4500,1.08087773E+4,
608.600,1.12095752E+4,
608.7500,1.14370703E+4,
608.900,1.13593848E+4,
609.0500,1.14385986E+4,
609.200,1.15158252E+4,
609.3500,1.18695078E+4,
609.500,1.16294727E+4,
609.6500,1.17901035E+4,
609.800,1.16217188E+4,
609.9500,1.23621426E+4,
610.100,1.24755557E+4,
610.2500,1.24592129E+4,
610.400,1.23775000E+4,
610.5500,1.22745371E+4,
610.700,1.26976553E+4,
610.8500,1.31928994E+4,
611.00,1.29986445E+4,
611.1500,1.28904375E+4,
611.300,1.30559561E+4,
611.4500,1.29632285E+4,
611.600,1.31848164E+4,
611.7500,1.30124346E+4,
611.900,1.29296484E+4,
612.0500,1.29128574E+4,
612.200,1.28824766E+4,
612.3500,1.24734639E+4,
612.500,1.27491826E+4,
612.6500,1.27610283E+4,
612.800,1.22560381E+4,
612.9500,1.22402354E+4,
613.100,1.20312480E+4,
613.2500,1.21284355E+4,
613.400,1.15144844E+4,
613.5500,1.15867588E+4,
613.700,1.20106602E+4,
613.8500,1.16127412E+4,
614.00,1.14820049E+4,
614.1500,1.13816055E+4,
614.300,1.12127861E+4,
614.4500,1.08008135E+4,
614.600,1.08296582E+4,
614.7500,1.07984121E+4,
614.900,1.07670186E+4,
615.0500,1.05655068E+4,
615.200,1.07785635E+4,
615.3500,1.05325479E+4,
615.500,1.05421221E+4,
615.6500,1.05931182E+4,
615.800,1.06054902E+4,
615.9500,1.02908301E+4,
616.100,1.07968838E+4,
616.2500,1.02256416E+4,
616.400,1.03460518E+4,
616.5500,1.02324209E+4,
616.700,9.85563281E+3,
616.8500,9.86109375E+3,
617.00,9.87215430E+3,
617.1500,1.00016270E+4,
617.300,9.76281641E+3,
617.4500,1.01151787E+4,
617.600,9.46052051E+3,
617.7500,9.49099902E+3,
617.900,9.34584570E+3,
618.0500,9.45867090E+3,
618.200,9.04902832E+3,
618.3500,9.30735645E+3,
618.500,9.43815137E+3,
618.6500,9.60654199E+3,
618.800,9.38021875E+3,
618.9500,9.17601563E+3,
619.100,9.31624609E+3,
619.2500,9.94665918E+3,
619.400,9.70806250E+3,
619.5500,9.49165527E+3,
619.700,9.57556836E+3,
619.8500,9.72935156E+3,
620.00,9.70639258E+3,
620.1500,9.76780664E+3,
620.300,9.65438086E+3,
620.4500,9.71875879E+3,
620.600,9.83308105E+3,
620.7500,9.88033691E+3,
620.900,9.52520898E+3,
621.0500,1.00222275E+4,
621.200,9.59494824E+3,
621.3500,9.33150391E+3,
621.500,9.12331348E+3,
621.6500,9.09517383E+3,
621.800,9.04906152E+3,
621.9500,8.92242871E+3,
622.100,8.65211719E+3,
622.2500,8.51512305E+3,
622.400,8.31778906E+3,
622.5500,8.62607031E+3,
622.700,8.45217383E+3,
622.8500,8.09721191E+3,
623.00,8.42471484E+3,
623.1500,7.86638916E+3,
623.300,8.01940820E+3,
623.4500,7.67027539E+3,
623.600,7.59894141E+3,
623.7500,7.84337842E+3,
623.900,7.48892676E+3,
624.0500,7.38337354E+3,
624.200,7.62597168E+3,
624.3500,7.26336816E+3,
624.500,6.95767432E+3,
624.6500,7.19151025E+3,
624.800,6.91220459E+3,
624.9500,7.11591846E+3,
625.100,6.83875488E+3,
625.2500,6.87322266E+3,
625.400,6.70006299E+3,
625.5500,6.68774072E+3,
625.700,6.98033301E+3,
625.8500,6.89048633E+3,
626.00,6.61285107E+3,
626.1500,6.45638232E+3,
626.300,6.39961768E+3,
626.4500,6.64105908E+3,
626.600,6.50569141E+3,
626.7500,6.26572119E+3,
626.900,6.43552979E+3,
627.0500,6.59328418E+3,
627.200,6.46303027E+3,
627.3500,6.35449023E+3,
627.500,6.43332373E+3,
627.6500,6.27961816E+3,
627.800,6.26269043E+3,
627.9500,6.33531543E+3,
628.100,6.34412012E+3,
628.2500,6.38832080E+3,
628.400,6.48739648E+3,
628.5500,6.36101611E+3,
628.700,5.98851953E+3,
628.8500,5.88656104E+3,
629.00,6.21565137E+3,
629.1500,5.85707666E+3,
629.300,5.67945410E+3,
629.4500,5.96771582E+3,
629.600,5.75688281E+3,
629.7500,5.70898242E+3,
629.900,5.59524414E+3,
630.0500,5.48108008E+3,
630.200,5.47526318E+3,
630.3500,5.62453027E+3,
630.500,5.57922900E+3,
630.6500,5.47077246E+3,
630.800,5.41498193E+3,
630.9500,5.66832178E+3,
631.100,5.67945801E+3,
631.2500,5.52036572E+3,
631.400,5.54466406E+3,
631.5500,5.35779736E+3,
631.700,5.51283887E+3,
631.8500,5.44293604E+3,
632.00,5.29853369E+3,
632.1500,5.64698389E+3,
632.300,5.40421729E+3,
632.4500,5.55064209E+3,
632.600,5.58543457E+3,
632.7500,5.71912109E+3,
632.900,5.46423291E+3,
633.0500,5.35531689E+3,
633.200,5.45832520E+3,
633.3500,5.42094922E+3,
633.500,5.59323486E+3,
633.6500,5.68345605E+3,
633.800,5.34923486E+3,
633.9500,5.71263184E+3,
634.100,5.29047656E+3,
634.2500,5.54402930E+3,
634.400,5.38089648E+3,
634.5500,5.22406348E+3,
634.700,5.56277686E+3,
634.8500,5.48616553E+3,
635.00,5.11456348E+3,
635.1500,5.47640039E+3,
635.300,5.16694336E+3,
635.4500,5.03268115E+3,
635.600,5.11356641E+3,
635.7500,5.03529834E+3,
635.900,5.02770801E+3,
636.0500,5.34747119E+3,
636.200,4.77385449E+3,
636.3500,4.76945068E+3,
636.500,4.88672803E+3,
636.6500,4.95783496E+3,
636.800,5.05796436E+3,
636.9500,4.55330811E+3,
637.100,4.66370850E+3,
637.2500,4.40555420E+3,
637.400,4.49427344E+3,
637.5500,4.40536963E+3,
637.700,4.47985352E+3,
637.8500,4.37593311E+3,
638.00,4.62235596E+3,
638.1500,4.25807764E+3,
638.300,4.50497363E+3,
638.4500,4.41466211E+3,
638.600,4.18401123E+3,
638.7500,4.34729834E+3,
638.900,4.01572437E+3,
639.0500,4.09044922E+3,
639.200,3.97628442E+3,
639.3500,4.19273486E+3,
639.500,4.26839160E+3,
639.6500,4.15383350E+3,
639.800,4.35320117E+3,
639.9500,3.95325537E+3,
640.100,4.01416919E+3,
640.2500,4.07920679E+3,
640.400,4.02371777E+3,
640.5500,4.20627246E+3,
640.700,4.06359473E+3,
640.8500,4.07983276E+3,
641.00,3.85629272E+3,
641.1500,3.81107788E+3,
641.300,3.84210742E+3,
641.4500,3.69702588E+3,
641.600,3.80853564E+3,
641.7500,3.67042163E+3,
641.900,3.50471704E+3,
642.0500,3.62031665E+3,
642.200,3.63955005E+3,
642.3500,3.52304297E+3,
642.500,3.37103638E+3,
642.6500,3.25734082E+3,
642.800,3.35008569E+3,
642.9500,3.36104395E+3,
643.100,3.19163721E+3,
643.2500,3.07649951E+3,
643.400,3.03961523E+3,
643.5500,3.19588989E+3,
643.700,2.85858545E+3,
643.8500,2.76550195E+3,
644.00,2.71171924E+3,
644.1500,2.86060986E+3,
644.300,2.71108789E+3,
644.4500,2.61686646E+3,
644.600,2.75844629E+3,
644.7500,2.67192725E+3,
644.900,2.74182715E+3,
645.0500,2.60256885E+3,
645.200,2.45474854E+3,
645.3500,2.20512549E+3,
645.500,2.64778857E+3,
645.6500,2.45031030E+3,
645.800,2.26825513E+3,
645.9500,2.13030029E+3,
646.100,2.23719897E+3,
646.2500,2.21752393E+3,
646.400,2.17310669E+3,
646.5500,2.08319189E+3,
646.700,2.21568164E+3,
646.8500,2.33633691E+3,
647.00,2.20886011E+3,
647.1500,2.17211694E+3,
647.300,2.08941699E+3,
647.4500,2.25245264E+3,
647.600,2.18627002E+3,
647.7500,2.03181458E+3,
647.900,2.09079907E+3,
648.0500,2.11213062E+3,
648.200,2.29793091E+3,
648.3500,2.14225635E+3,
648.500,2.09600171E+3,
648.6500,2.24049341E+3,
648.800,2.17721997E+3,
648.9500,2.10088623E+3,
649.100,2.03705408E+3,
649.2500,2.19121729E+3,
649.400,2.07583423E+3,
649.5500,2.29089673E+3,
649.700,2.05460498E+3,
649.8500,2.18419775E+3,
650.00,2.17158350E+3,
650.1500,2.00734326E+3,
650.300,2.09003198E+3,
650.4500,2.19921313E+3,
650.600,2.08191113E+3,
650.7500,2.21778540E+3,
650.900,2.27534570E+3,
651.0500,2.25848486E+3,
651.200,2.35170410E+3,
651.3500,2.51595898E+3,
651.500,2.44205322E+3,
651.6500,2.75356616E+3,
651.800,2.78205420E+3,
651.9500,2.77948242E+3,
652.100,2.88397144E+3,
652.2500,3.06047778E+3,
652.400,3.11220190E+3,
652.5500,3.07424805E+3,
652.700,3.03160962E+3,
652.8500,2.71336304E+3,
653.00,2.85521045E+3,
653.1500,2.68021631E+3,
653.300,2.74986133E+3,
653.4500,2.45082056E+3,
653.600,2.38327100E+3,
653.7500,2.35658911E+3,
653.900,2.36646802E+3,
654.0500,2.21552686E+3,
654.200,2.38183325E+3,
654.3500,2.06404395E+3,
654.500,2.17520435E+3,
654.6500,2.25439404E+3,
654.800,2.05497510E+3,
654.9500,2.12025146E+3,
655.100,2.11577930E+3,
655.2500,2.38280615E+3,
655.400,2.12084424E+3,
655.5500,2.15394458E+3,
655.700,2.07406055E+3,
655.8500,1.88985437E+3,
656.00,2.03154053E+3,
656.1500,1.90331360E+3,
656.300,1.93147607E+3,
656.4500,2.02174927E+3,
656.600,2.06941431E+3,
656.7500,1.98316199E+3,
656.900,2.14136963E+3,
657.0500,1.87201111E+3,
657.200,1.78472388E+3,
657.3500,2.09347437E+3,
657.500,1.85120227E+3,
657.6500,1.83608862E+3,
657.800,1.83062927E+3,
657.9500,1.83489917E+3,
658.100,1.71203052E+3,
658.2500,1.79451746E+3,
658.400,1.74960620E+3,
658.5500,1.79314294E+3,
658.700,1.66405542E+3,
658.8500,1.91051050E+3,
659.00,1.70665259E+3,
659.1500,1.80018152E+3,
659.300,1.74958667E+3,
659.4500,1.78368506E+3,
659.600,1.73780481E+3,
659.7500,1.81719690E+3,
659.900,1.45919714E+3,
660.0500,1.63917493E+3,
660.200,1.48636145E+3,
660.3500,1.71795496E+3,
660.500,1.52394287E+3,
660.6500,1.58359412E+3,
660.800,1.51591748E+3,
660.9500,1.56558716E+3,
661.100,1.52323010E+3,
661.2500,1.65549109E+3,
661.400,1.78324011E+3,
661.5500,1.77727466E+3,
661.700,1.76091565E+3,
661.8500,1.88464612E+3,
662.00,1.79038159E+3,
662.1500,1.60176318E+3,
662.300,1.64756604E+3,
662.4500,1.89807947E+3,
662.600,1.91854700E+3,
662.7500,1.78629553E+3,
662.900,1.53188672E+3,
663.0500,1.73159265E+3,
663.200,1.60842505E+3,
663.3500,1.60703467E+3,
663.500,1.58962683E+3,
663.6500,1.53469519E+3,
663.800,1.62421631E+3,
663.9500,1.56908435E+3,
664.100,1.30892395E+3,
664.2500,1.32824878E+3,
664.400,1.25565198E+3,
664.5500,1.22610083E+3,
664.700,1.42480957E+3,
664.8500,1.60810767E+3,
665.00,1.20760083E+3,
665.1500,1.24333081E+3,
665.300,1.40000732E+3,
665.4500,1.45286243E+3,
665.600,1.32392126E+3,
665.7500,1.27177271E+3,
665.900,1.45215955E+3,
666.0500,1.31672058E+3,
666.200,1.22519141E+3,
666.3500,1.35651147E+3,
666.500,1.36534741E+3,
666.6500,1.27325769E+3,
666.800,1.34939233E+3,
666.9500,1.11591211E+3,
667.100,1.31068201E+3,
667.2500,1.21757654E+3,
667.400,1.36811975E+3,
667.5500,1.22347278E+3,
667.700,1.24925183E+3,
667.8500,1.16650391E+3,
668.00,1.23811292E+3,
668.1500,1.21824097E+3,
668.300,1.37684717E+3,
668.4500,1.24747998E+3,
668.600,1.38957825E+3,
668.7500,1.20733459E+3,
668.900,1.33258020E+3,
669.0500,1.37098364E+3,
669.200,1.22249048E+3,
669.3500,1.24914783E+3,
669.500,1.09954114E+3,
669.6500,1.36181653E+3,
669.800,1.44222498E+3,
669.9500,1.37489453E+3,
670.100,1.33094092E+3,
670.2500,1.40588013E+3,
670.400,1.45133972E+3,
670.5500,1.40121594E+3,
670.700,1.37484143E+3,
670.8500,1.36035938E+3,
671.00,1.45442419E+3,
671.1500,1.39751721E+3,
671.300,1.56471680E+3,
671.4500,1.42874963E+3,
671.600,1.46885034E+3,
671.7500,1.35639526E+3,
671.900,1.27400244E+3,
672.0500,1.52271753E+3,
672.200,1.34787231E+3,
672.3500,1.37577185E+3,
672.500,1.34195740E+3,
672.6500,1.32657202E+3,
672.800,1.33595911E+3,
672.9500,1.28932983E+3,
673.100,1.41109412E+3,
673.2500,1.33318091E+3,
673.400,1.37409375E+3,
673.5500,1.06926086E+3,
673.700,1.17276587E+3,
673.8500,1.32101709E+3,
674.00,1.29891370E+3,
674.1500,1.25775146E+3,
674.300,9.80738770E+2,
674.4500,1.23862170E+3,
674.600,1.22257336E+3,
674.7500,1.08450977E+3,
674.900,1.24168152E+3,
675.0500,1.14811328E+3,
675.200,1.09935620E+3,
675.3500,1.08924084E+3,
675.500,1.15707214E+3,
675.6500,1.12749194E+3,
675.800,1.20229736E+3,
675.9500,1.16611743E+3,
676.100,1.19545215E+3,
676.2500,1.08664856E+3,
676.400,9.17836792E+2,
676.5500,1.29763342E+3,
676.700,1.12847473E+3,
676.8500,1.24460559E+3,
677.00,1.12110791E+3,
677.1500,1.22444714E+3,
677.300,1.36857874E+3,
677.4500,1.10987952E+3,
677.600,1.14655127E+3,
677.7500,1.28484729E+3,
677.900,1.06451611E+3,
678.0500,1.41403992E+3,
678.200,1.24732422E+3,
678.3500,1.25740820E+3,
678.500,1.37031140E+3,
678.6500,1.25023804E+3,
678.800,1.24661328E+3,
678.9500,1.40178882E+3,
679.100,1.37078503E+3,
679.2500,1.17994910E+3,
679.400,1.35693896E+3,
679.5500,1.36041455E+3,
679.700,1.32893225E+3,
679.8500,1.61283447E+3,
680.00,6.48924622E+2,
680.1500,5.37550232E+2,
680.300,5.95776672E+2,
680.4500,8.03680237E+2,
680.600,6.91795410E+2,
680.7500,5.79286011E+2,
680.900,5.80893555E+2,
681.0500,5.89689270E+2,
681.200,6.41782471E+2,
681.3500,6.65234314E+2,
681.500,6.59808472E+2,
681.6500,5.81644592E+2,
681.800,5.61370483E+2,
681.9500,6.28709961E+2,
682.100,6.01097534E+2,
682.2500,6.61525269E+2,
682.400,5.82244446E+2,
682.5500,6.20771362E+2,
682.700,6.44685059E+2,
682.8500,5.86991455E+2,
683.00,6.03485718E+2,
683.1500,5.60284119E+2,
683.300,6.59165588E+2,
683.4500,5.63300049E+2,
683.600,6.92840576E+2,
683.7500,5.88990051E+2,
683.900,6.20863953E+2,
684.0500,7.97152527E+2,
684.200,7.46020264E+2,
684.3500,5.87743835E+2,
684.500,6.58217407E+2,
684.6500,7.59768250E+2,
684.800,8.54169006E+2,
684.9500,8.64202698E+2,
685.100,7.58226501E+2,
685.2500,7.21491272E+2,
685.400,7.93459839E+2,
685.5500,8.11212402E+2,
685.700,7.03918152E+2,
685.8500,6.19563110E+2,
686.00,8.57165283E+2,
686.1500,9.14684631E+2,
686.300,8.61817078E+2,
686.4500,8.80012085E+2,
686.600,9.53947083E+2,
686.7500,8.92769653E+2,
686.900,9.19176575E+2,
687.0500,9.13669006E+2,
687.200,9.64398682E+2,
687.3500,9.18696350E+2,
687.500,8.00009460E+2,
687.6500,8.67037476E+2,
687.800,9.01926758E+2,
687.9500,8.71822632E+2,
688.100,7.43500427E+2,
688.2500,8.52057922E+2,
688.400,8.95487671E+2,
688.5500,9.14436096E+2,
688.700,8.67399109E+2,
688.8500,9.94055725E+2,
689.00,8.14059875E+2,
689.1500,9.07893005E+2,
689.300,7.85079834E+2,
689.4500,1.00495557E+3,
689.600,7.64165039E+2,
689.7500,9.00970581E+2,
689.900,8.69653870E+2,
690.0500,8.29684814E+2,
690.200,9.84726379E+2,
690.3500,8.59706055E+2,
690.500,8.53494141E+2,
690.6500,8.81476929E+2,
690.800,1.01257904E+3,
690.9500,8.69047058E+2,
691.100,1.00083075E+3,
691.2500,1.20254626E+3,
691.400,9.80282288E+2,
691.5500,1.15693799E+3,
691.700,1.09904773E+3,
691.8500,8.74649658E+2,
692.00,1.14893237E+3,
692.1500,8.17899780E+2,
692.300,8.90702026E+2,
692.4500,8.04726563E+2,
692.600,1.03750256E+3,
692.7500,8.98094666E+2,
692.900,9.45160217E+2,
693.0500,1.01929242E+3,
693.200,1.25518982E+3,
693.3500,8.81039490E+2,
693.500,9.55573242E+2,
693.6500,9.67235535E+2,
693.800,1.09679175E+3,
693.9500,1.04527075E+3,
694.100,1.10283423E+3,
694.2500,1.09673474E+3,
694.400,1.26472571E+3,
694.5500,1.14874658E+3,
694.700,8.29383850E+2,
694.8500,1.10890356E+3,
695.00,1.02857495E+3,
695.1500,1.00359912E+3,
695.300,1.13689417E+3,
695.4500,1.06534619E+3,
695.600,1.08710217E+3,
695.7500,1.29693713E+3,
695.900,9.51897766E+2,
696.0500,1.25703418E+3,
696.200,1.18475574E+3,
696.3500,1.14057556E+3,
696.500,1.15332886E+3,
696.6500,1.20438416E+3,
696.800,1.18861987E+3,
696.9500,1.24966492E+3,
697.100,1.14711072E+3,
697.2500,1.24694312E+3,
697.400,1.14377075E+3,
697.5500,1.19553467E+3,
697.700,1.04290063E+3,
697.8500,1.00669739E+3,
698.00,1.08789856E+3,
698.1500,1.31697168E+3,
698.300,1.20236902E+3,
698.4500,1.32431421E+3,
698.600,1.00095929E+3,
698.7500,1.48078247E+3,
698.900,1.25570325E+3,
699.0500,1.08933069E+3,
699.200,1.09241833E+3,
699.3500,1.25632605E+3,
699.500,1.33044617E+3,
699.6500,1.05120959E+3,
699.800,1.35829358E+3,
699.9500,1.30116931E+3,
700.100,9.78616699E+2,
700.2500,1.06312537E+3,
700.400,1.10709827E+3,
700.5500,1.37745862E+3,
700.700,1.09267993E+3,
700.8500,1.02337866E+3,
701.00,1.19210388E+3,
701.1500,1.29926147E+3,
701.300,1.25065625E+3,
701.4500,1.15998340E+3,
701.600,1.14216223E+3,
701.7500,1.21880078E+3,
701.900,1.20103186E+3,
702.0500,1.13033630E+3,
702.200,9.95695496E+2,
702.3500,1.27454480E+3,
702.500,1.35255127E+3,
702.6500,1.22807678E+3,
702.800,1.17787170E+3,
702.9500,1.54613464E+3,
703.100,1.25975098E+3,
703.2500,1.60885571E+3,
703.400,1.16946802E+3,
703.5500,1.31396509E+3,
703.700,1.25236926E+3,
703.8500,1.25594092E+3,
704.00,1.12809729E+3,
704.1500,8.23866211E+2,
704.300,1.37718396E+3,
704.4500,1.18237329E+3,
704.600,1.16372388E+3,
704.7500,1.32281409E+3,
704.900,1.38250488E+3,
705.0500,1.31952649E+3,
705.200,1.31223206E+3,
705.3500,1.07990503E+3,
705.500,1.42159497E+3,
705.6500,1.35793689E+3,
705.800,1.27118762E+3,
705.9500,1.27498608E+3,
706.100,1.10748315E+3,
706.2500,1.21378284E+3,
706.400,1.48148230E+3,
706.5500,1.48582788E+3,
706.700,1.36312341E+3,
706.8500,1.40188940E+3,
707.00,1.55707556E+3,
707.1500,1.35186487E+3,
707.300,1.22725659E+3,
707.4500,1.21913684E+3,
707.600,1.38731470E+3,
707.7500,1.27347974E+3,
707.900,1.21809937E+3,
708.0500,1.35213147E+3,
708.200,1.40361865E+3,
708.3500,1.35995911E+3,
708.500,1.44764282E+3,
708.6500,1.42784143E+3,
708.800,1.25147900E+3,
708.9500,1.35166101E+3,
709.100,1.12552087E+3,
709.2500,1.21359290E+3,
709.400,1.27780969E+3,
709.5500,1.28135742E+3,
709.700,1.38281970E+3,
709.8500,1.49710999E+3,
710.00,1.26747375E+3,
710.1500,1.02414038E+3,
710.300,1.24963281E+3,
710.4500,1.33988196E+3,
710.600,1.19425256E+3,
710.7500,1.23493286E+3,
710.900,1.17576550E+3,
711.0500,1.09119946E+3,
711.200,1.35836694E+3,
711.3500,1.12251550E+3,
711.500,1.13829565E+3,
711.6500,1.38245471E+3,
711.800,1.27185144E+3,
711.9500,1.16062500E+3,
712.100,1.16390857E+3,
712.2500,1.02612817E+3,
712.400,1.26058948E+3,
712.5500,1.00618616E+3,
712.700,1.07374292E+3,
712.8500,1.24546814E+3,
713.00,1.05386951E+3,
713.1500,1.10900183E+3,
713.300,1.13826746E+3,
713.4500,1.24641443E+3,
713.600,1.31568921E+3,
713.7500,1.10827698E+3,
713.900,9.79079834E+2,
714.0500,1.53906006E+3,
714.200,1.17079492E+3,
714.3500,1.33413367E+3,
714.500,1.24418408E+3,
714.6500,1.34154626E+3,
714.800,1.31836548E+3,
714.9500,1.40297327E+3,
715.100,1.33931653E+3,
715.2500,1.23462585E+3,
715.400,1.02047626E+3,
715.5500,1.20080444E+3,
715.700,1.16321191E+3,
715.8500,1.42732996E+3,
716.00,1.41768835E+3,
716.1500,1.32522644E+3,
716.300,1.25989929E+3,
716.4500,1.13864038E+3,
716.600,1.19770593E+3,
716.7500,1.24314673E+3,
716.900,1.20479529E+3,
717.0500,1.20833850E+3,
717.200,1.47959204E+3,
717.3500,1.39910803E+3,
717.500,1.10554272E+3,
717.6500,1.29356714E+3,
717.800,1.35437292E+3,
717.9500,1.07237207E+3,
718.100,1.01811011E+3,
718.2500,1.36616907E+3,
718.400,1.12492029E+3,
718.5500,9.83518677E+2,
718.700,9.57341125E+2,
718.8500,1.44014978E+3,
719.00,1.24005969E+3,
719.1500,1.09728687E+3,
719.300,1.24713501E+3,
719.4500,1.39783545E+3,
719.600,1.03292590E+3,
719.7500,1.30224841E+3,
719.900,1.14273035E+3,
720.0500,1.10134436E+3,
720.200,1.20895349E+3,
720.3500,1.45187842E+3,
720.500,1.09576282E+3,
720.6500,1.17415491E+3,
720.800,1.23789001E+3,
720.9500,1.02947729E+3,
721.100,1.12347302E+3,
721.2500,9.28701843E+2,
721.400,1.06871484E+3,
721.5500,9.03302734E+2,
721.700,1.09008289E+3,
721.8500,1.10854724E+3,
722.00,1.18886963E+3,
722.1500,1.05279541E+3,
722.300,1.07121289E+3,
722.4500,1.22983716E+3,
722.600,1.20200354E+3,
722.7500,1.00182214E+3,
722.900,9.10407776E+2,
723.0500,1.03885327E+3,
723.200,1.26274060E+3,
723.3500,8.86393982E+2,
723.500,1.07935315E+3,
723.6500,1.13013611E+3,
723.800,1.03753711E+3,
723.9500,8.96393005E+2,
724.100,1.02738940E+3,
724.2500,1.22356372E+3,
724.400,1.06565540E+3,
724.5500,8.58240417E+2,
724.700,1.12058545E+3,
724.8500,1.02612451E+3,
725.00,1.06178845E+3,
725.1500,1.29420129E+3,
725.300,9.03624207E+2,
725.4500,1.10395862E+3,
725.600,1.22282288E+3,
725.7500,1.07720996E+3,
725.900,9.47368713E+2,
726.0500,8.66742432E+2,
726.200,8.85884460E+2,
726.3500,8.54843628E+2,
726.500,1.19341504E+3,
726.6500,9.10217651E+2,
726.800,7.94452576E+2,
726.9500,1.00009930E+3,
727.100,7.81898315E+2,
727.2500,8.18136902E+2,
727.400,8.37480652E+2,
727.5500,7.02678650E+2,
727.700,7.38988647E+2,
727.8500,9.30593811E+2,
728.00,6.04829285E+2,
728.1500,1.05701135E+3,
728.300,8.34019409E+2,
728.4500,8.01456909E+2,
728.600,7.86181580E+2,
728.7500,8.58411926E+2,
728.900,8.08069031E+2,
729.0500,8.98377319E+2,
729.200,7.94904175E+2,
729.3500,7.97130493E+2,
729.500,8.70420044E+2,
729.6500,5.87847107E+2,
729.800,8.57451843E+2,
729.9500,7.88209167E+2,
730.100,1.25753186E+3,
730.2500,6.48578491E+2,
730.400,8.13043091E+2,
730.5500,9.05967041E+2,
730.700,8.72222900E+2,
730.8500,7.28938599E+2,
731.00,8.22412537E+2,
731.1500,8.43037170E+2,
731.300,1.02917419E+3,
731.4500,1.10577417E+3,
731.600,9.05579224E+2,
731.7500,8.52520325E+2,
731.900,7.61989563E+2,
732.0500,8.57300781E+2,
732.200,1.04654773E+3,
732.3500,7.49596313E+2,
732.500,6.01333069E+2,
732.6500,8.29119690E+2,
732.800,9.25892090E+2,
732.9500,5.49495728E+2,
733.100,7.03049438E+2,
733.2500,7.05038086E+2,
733.400,8.40798889E+2,
733.5500,9.38997864E+2,
733.700,6.72617249E+2,
733.8500,8.47978821E+2,
734.00,7.15101746E+2,
734.1500,9.10989502E+2,
734.300,9.52492371E+2,
734.4500,6.23832153E+2,
734.600,1.17306604E+3,
734.7500,1.05881445E+3,
734.900,1.17987036E+3,
735.0500,1.41992419E+3,
735.200,9.88869263E+2,
735.3500,1.11069287E+3,
735.500,1.23320789E+3,
735.6500,1.17689343E+3,
735.800,1.06023474E+3,
735.9500,1.10339856E+3,
736.100,1.20707007E+3,
736.2500,9.07799744E+2,
736.400,9.50765686E+2,
736.5500,1.03453271E+3,
736.700,9.15350281E+2,
736.8500,1.06066846E+3,
737.00,9.61340332E+2,
737.1500,7.99805786E+2,
737.300,1.33651575E+3,
737.4500,9.89566162E+2,
737.600,1.28155957E+3,
737.7500,9.32619019E+2,
737.900,1.26755798E+3,
738.0500,1.10419507E+3,
738.200,8.98138611E+2,
738.3500,1.23547058E+3,
738.500,1.28060950E+3,
738.6500,1.01026678E+3,
738.800,1.18165564E+3,
738.9500,1.71355432E+3,
739.100,1.80284583E+3,
739.2500,1.63744458E+3,
739.400,1.19399280E+3,
739.5500,1.64604749E+3,
739.700,1.65037390E+3,
739.8500,1.50428577E+3,
740.00,1.37896777E+3,
740.1500,1.14511426E+3,
740.300,1.66825671E+3,
740.4500,1.06455920E+3,
740.600,1.50322925E+3,
740.7500,1.02678076E+3,
740.900,1.11726392E+3,
741.0500,1.01052875E+3,
741.200,8.81163940E+2,
741.3500,7.73163940E+2,
741.500,9.96837097E+2,
741.6500,9.32977417E+2,
741.800,7.35099854E+2,
741.9500,8.26507935E+2,
742.100,5.59983093E+2,
742.2500,4.49204102E+2,
742.400,6.30597778E+2,
742.5500,5.87149475E+2,
742.700,7.47261353E+2,
742.8500,5.90358826E+2,
743.00,7.74117737E+2,
743.1500,7.76241211E+2,
743.300,5.72331726E+2,
743.4500,3.21386932E+2,
743.600,5.98503601E+2,
743.7500,6.46317749E+2,
743.900,3.93489807E+2,
744.0500,5.57051086E+2,
744.200,3.72400208E+2,
744.3500,8.40232544E+2,
744.500,4.21286926E+2,
744.6500,5.39813538E+2,
744.800,4.23642365E+2,
744.9500,5.90038452E+2,
745.100,4.96996857E+2,
745.2500,5.69548889E+2,
745.400,3.80738647E+2,
745.5500,6.44255798E+2,
745.700,4.54609161E+2,
745.8500,5.27834900E+2,
746.00,3.60876801E+2,
746.1500,7.71889587E+2,
746.300,3.62772339E+2,
746.4500,5.57712708E+2,
746.600,3.16057922E+2,
746.7500,6.09403809E+2,
746.900,5.37689148E+2,
747.0500,5.39077820E+2,
747.200,4.91285095E+2,
747.3500,6.64879211E+2,
747.500,4.93725372E+2,
747.6500,4.70204620E+2,
747.800,3.47327576E+2,
747.9500,3.48192169E+2,
748.100,7.47975769E+2,
748.2500,4.99884888E+2,
748.400,7.26629822E+2,
748.5500,3.26538055E+2,
748.700,4.53252441E+2,
748.8500,3.78648804E+2,
749.00,2.78366364E+2,
749.1500,4.56722595E+2,
749.300,3.05293488E+2,
749.4500,4.84672577E+2,
749.600,2.04618195E+2,
749.7500,3.07748657E+2,
749.900,3.85716980E+2,
750.0500,5.15672791E+2,
