Labels,32C_6_18K,
Type,Emission Scan,
Comment,,
Start,252.00,
Stop,750.00,
Step,0.150,
Fixed/Offset,248.400,
Xaxis,Wavelength,
Yaxis,Counts,
Scan Corr. by File,True,
Corr. by Ref. Det.,False,
Fixed/Offset Corr. by File,False,
Repeats,1,
Dwell Time,0.20,
Lamp,Xe,
Temp,28.550,
Scan Polariser,None,
Scan Slit,0.2520,
Fixed/Offset Polariser,None,
Fixed/Offset Slit,2.9970,
Detector,Red PMT,

252.00,4.15002969E+4,
252.1500,2.24265352E+4,
252.300,2.11644121E+4,
252.4500,2.03009668E+4,
252.600,2.12401543E+4,
252.7500,2.04874063E+4,
252.900,1.85482578E+4,
253.0500,1.93714863E+4,
253.200,1.86369551E+4,
253.3500,2.01454414E+4,
253.500,2.07961504E+4,
253.6500,1.76025410E+4,
253.800,1.74868379E+4,
253.9500,1.61386123E+4,
254.100,2.17955840E+4,
254.2500,1.75433672E+4,
254.400,1.64421641E+4,
254.5500,1.66037891E+4,
254.700,1.53392422E+4,
254.8500,1.62108291E+4,
255.00,1.53350635E+4,
255.1500,1.47312793E+4,
255.300,1.59407188E+4,
255.4500,1.65210879E+4,
255.600,1.43843525E+4,
255.7500,1.49066748E+4,
255.900,1.46657773E+4,
256.0500,1.56482930E+4,
256.200,1.53225039E+4,
256.3500,1.50660674E+4,
256.500,1.45849502E+4,
256.6500,1.30327441E+4,
256.800,1.55229824E+4,
256.9500,1.32287510E+4,
257.100,1.48641387E+4,
257.2500,1.32276172E+4,
257.400,1.34874043E+4,
257.5500,1.32716602E+4,
257.700,1.32661025E+4,
257.8500,1.43149648E+4,
258.00,1.32538242E+4,
258.1500,1.32869648E+4,
258.300,1.40370371E+4,
258.4500,1.49990020E+4,
258.600,1.37480215E+4,
258.7500,1.68341152E+4,
258.900,1.45101152E+4,
259.0500,1.80680293E+4,
259.200,1.62244580E+4,
259.3500,1.87862871E+4,
259.500,1.94469570E+4,
259.6500,2.18872461E+4,
259.800,2.29370371E+4,
259.9500,2.22478672E+4,
260.100,2.61035723E+4,
260.2500,2.57359355E+4,
260.400,3.14195488E+4,
260.5500,3.26009922E+4,
260.700,3.42794336E+4,
260.8500,3.60982617E+4,
261.00,3.87157656E+4,
261.1500,4.15357227E+4,
261.300,4.45648633E+4,
261.4500,5.25770781E+4,
261.600,5.13204805E+4,
261.7500,5.80640781E+4,
261.900,6.03734766E+4,
262.0500,6.74528828E+4,
262.200,7.42295703E+4,
262.3500,7.24467891E+4,
262.500,8.11444688E+4,
262.6500,8.16092891E+4,
262.800,8.86738438E+4,
262.9500,9.47486484E+4,
263.100,1.04620977E+5,
263.2500,1.02074258E+5,
263.400,1.11659500E+5,
263.5500,1.12127781E+5,
263.700,1.20647805E+5,
263.8500,1.26619078E+5,
264.00,1.30644828E+5,
264.1500,1.38436859E+5,
264.300,1.44117844E+5,
264.4500,1.49164469E+5,
264.600,1.55260281E+5,
264.7500,1.64655969E+5,
264.900,1.63825750E+5,
265.0500,1.68752172E+5,
265.200,1.79694438E+5,
265.3500,1.82695219E+5,
265.500,1.85292672E+5,
265.6500,1.92813422E+5,
265.800,1.95730938E+5,
265.9500,1.96753906E+5,
266.100,2.06550922E+5,
266.2500,2.11030797E+5,
266.400,2.17107281E+5,
266.5500,2.17210734E+5,
266.700,2.19901484E+5,
266.8500,2.18545109E+5,
267.00,2.33014281E+5,
267.1500,2.35839688E+5,
267.300,2.33630375E+5,
267.4500,2.37446922E+5,
267.600,2.40145656E+5,
267.7500,2.38960438E+5,
267.900,2.40429719E+5,
268.0500,2.50638953E+5,
268.200,2.53400484E+5,
268.3500,2.56608281E+5,
268.500,2.56641953E+5,
268.6500,2.52865344E+5,
268.800,2.55801344E+5,
268.9500,2.62305344E+5,
269.100,2.61351250E+5,
269.2500,2.61951328E+5,
269.400,2.60320438E+5,
269.5500,2.58494266E+5,
269.700,2.62221438E+5,
269.8500,2.60239813E+5,
270.00,2.62422719E+5,
270.1500,2.62705563E+5,
270.300,2.57835969E+5,
270.4500,2.63083969E+5,
270.600,2.57924422E+5,
270.7500,2.66055000E+5,
270.900,2.65768031E+5,
271.0500,2.56905531E+5,
271.200,2.59054156E+5,
271.3500,2.58805031E+5,
271.500,2.53222656E+5,
271.6500,2.55800406E+5,
271.800,2.57205609E+5,
271.9500,2.52102063E+5,
272.100,2.52407734E+5,
272.2500,2.47845688E+5,
272.400,2.51959469E+5,
272.5500,2.48073703E+5,
272.700,2.47628563E+5,
272.8500,2.44986313E+5,
273.00,2.42556734E+5,
273.1500,2.49273500E+5,
273.300,2.46795359E+5,
273.4500,2.49416250E+5,
273.600,2.47781906E+5,
273.7500,2.52966234E+5,
273.900,2.59425969E+5,
274.0500,2.54664125E+5,
274.200,2.53715813E+5,
274.3500,2.57134063E+5,
274.500,2.64270594E+5,
274.6500,2.65731875E+5,
274.800,2.65538094E+5,
274.9500,2.65968688E+5,
275.100,2.67831469E+5,
275.2500,2.72750094E+5,
275.400,2.76995156E+5,
275.5500,2.79420688E+5,
275.700,2.82782406E+5,
275.8500,2.87268469E+5,
276.00,2.87705313E+5,
276.1500,2.90119563E+5,
276.300,2.94963906E+5,
276.4500,3.02232594E+5,
276.600,3.07664219E+5,
276.7500,3.09122281E+5,
276.900,3.07267438E+5,
277.0500,3.15126219E+5,
277.200,3.21405750E+5,
277.3500,3.23756969E+5,
277.500,3.28374094E+5,
277.6500,3.34038125E+5,
277.800,3.34879688E+5,
277.9500,3.41909688E+5,
278.100,3.36832719E+5,
278.2500,3.42007344E+5,
278.400,3.54239156E+5,
278.5500,3.49377844E+5,
278.700,3.50499844E+5,
278.8500,3.60298500E+5,
279.00,3.57735031E+5,
279.1500,3.58765813E+5,
279.300,3.68837313E+5,
279.4500,3.67003031E+5,
279.600,3.75308781E+5,
279.7500,3.80738688E+5,
279.900,3.73302781E+5,
280.0500,3.81209031E+5,
280.200,3.82022125E+5,
280.3500,3.82462531E+5,
280.500,3.81122656E+5,
280.6500,3.84862875E+5,
280.800,3.85134844E+5,
280.9500,3.90367281E+5,
281.100,3.79764531E+5,
281.2500,3.80656844E+5,
281.400,3.86515844E+5,
281.5500,3.90171625E+5,
281.700,3.83813438E+5,
281.8500,3.82503781E+5,
282.00,3.76062500E+5,
282.1500,3.76426531E+5,
282.300,3.75500313E+5,
282.4500,3.79842313E+5,
282.600,3.75762969E+5,
282.7500,3.71930563E+5,
282.900,3.72425844E+5,
283.0500,3.64050281E+5,
283.200,3.70864719E+5,
283.3500,3.65785938E+5,
283.500,3.62786531E+5,
283.6500,3.65215313E+5,
283.800,3.65107750E+5,
283.9500,3.62123938E+5,
284.100,3.53076281E+5,
284.2500,3.54705938E+5,
284.400,3.60767156E+5,
284.5500,3.52786750E+5,
284.700,3.50163406E+5,
284.8500,3.45251125E+5,
285.00,3.42388656E+5,
285.1500,3.43888313E+5,
285.300,3.36962438E+5,
285.4500,3.39531719E+5,
285.600,3.35127875E+5,
285.7500,3.28859313E+5,
285.900,3.25002594E+5,
286.0500,3.15315781E+5,
286.200,3.11869875E+5,
286.3500,3.05871063E+5,
286.500,3.07015656E+5,
286.6500,2.98373000E+5,
286.800,2.98190000E+5,
286.9500,2.96472594E+5,
287.100,3.00551719E+5,
287.2500,2.96873594E+5,
287.400,2.89540000E+5,
287.5500,2.90079188E+5,
287.700,2.88956750E+5,
287.8500,2.82324438E+5,
288.00,2.76696844E+5,
288.1500,2.71407656E+5,
288.300,2.64790500E+5,
288.4500,2.62951938E+5,
288.600,2.61927594E+5,
288.7500,2.55320219E+5,
288.900,2.50376375E+5,
289.0500,2.43773469E+5,
289.200,2.48200000E+5,
289.3500,2.42337766E+5,
289.500,2.39192469E+5,
289.6500,2.31821016E+5,
289.800,2.29601609E+5,
289.9500,2.26192375E+5,
290.100,2.24797047E+5,
290.2500,2.18926938E+5,
290.400,2.11831016E+5,
290.5500,2.12701000E+5,
290.700,2.09437484E+5,
290.8500,2.10013016E+5,
291.00,1.99045609E+5,
291.1500,1.99045266E+5,
291.300,1.96945625E+5,
291.4500,1.91998219E+5,
291.600,1.86945797E+5,
291.7500,1.81602469E+5,
291.900,1.82026094E+5,
292.0500,1.77797813E+5,
292.200,1.72630906E+5,
292.3500,1.70212563E+5,
292.500,1.65450063E+5,
292.6500,1.64393750E+5,
292.800,1.60855813E+5,
292.9500,1.57915125E+5,
293.100,1.53607875E+5,
293.2500,1.53280219E+5,
293.400,1.52630656E+5,
293.5500,1.46962047E+5,
293.700,1.45048516E+5,
293.8500,1.43635781E+5,
294.00,1.44001656E+5,
294.1500,1.40385500E+5,
294.300,1.34889938E+5,
294.4500,1.35572297E+5,
294.600,1.33421266E+5,
294.7500,1.32990469E+5,
294.900,1.31511031E+5,
295.0500,1.25408016E+5,
295.200,1.23886352E+5,
295.3500,1.23109273E+5,
295.500,1.18957984E+5,
295.6500,1.19612234E+5,
295.800,1.16164102E+5,
295.9500,1.13228391E+5,
296.100,1.12740664E+5,
296.2500,1.13125852E+5,
296.400,1.10978297E+5,
296.5500,1.08670523E+5,
296.700,1.09062766E+5,
296.8500,1.07472836E+5,
297.00,1.06882922E+5,
297.1500,1.06747516E+5,
297.300,1.06051789E+5,
297.4500,1.06088570E+5,
297.600,1.03294703E+5,
297.7500,1.01155477E+5,
297.900,1.02455969E+5,
298.0500,1.00064430E+5,
298.200,9.88999375E+4,
298.3500,9.83055859E+4,
298.500,9.78726875E+4,
298.6500,9.67684141E+4,
298.800,9.62031797E+4,
298.9500,9.68231328E+4,
299.100,9.65234141E+4,
299.2500,9.66142891E+4,
299.400,9.97100469E+4,
299.5500,9.86386406E+4,
299.700,9.80773125E+4,
299.8500,9.58022813E+4,
300.00,9.66129297E+4,
300.1500,9.66791563E+4,
300.300,9.81915859E+4,
300.4500,9.77350078E+4,
300.600,9.88861406E+4,
300.7500,9.61698047E+4,
300.900,9.56090781E+4,
301.0500,9.73995391E+4,
301.200,1.00143070E+5,
301.3500,1.00700875E+5,
301.500,1.02451641E+5,
301.6500,1.02461727E+5,
301.800,1.03822094E+5,
301.9500,1.04368133E+5,
302.100,1.03467984E+5,
302.2500,1.04795727E+5,
302.400,1.08918906E+5,
302.5500,1.07581242E+5,
302.700,1.10694086E+5,
302.8500,1.11776148E+5,
303.00,1.12757336E+5,
303.1500,1.09220859E+5,
303.300,1.11360148E+5,
303.4500,1.12856625E+5,
303.600,1.17421539E+5,
303.7500,1.17257508E+5,
303.900,1.19630406E+5,
304.0500,1.18434602E+5,
304.200,1.23630367E+5,
304.3500,1.23594000E+5,
304.500,1.23413875E+5,
304.6500,1.23356711E+5,
304.800,1.26193063E+5,
304.9500,1.28679008E+5,
305.100,1.30122602E+5,
305.2500,1.33193109E+5,
305.400,1.33118766E+5,
305.5500,1.34012969E+5,
305.700,1.32681063E+5,
305.8500,1.35855656E+5,
306.00,1.35448828E+5,
306.1500,1.36275906E+5,
306.300,1.37751266E+5,
306.4500,1.39998188E+5,
306.600,1.39801063E+5,
306.7500,1.40967172E+5,
306.900,1.39336016E+5,
307.0500,1.40892344E+5,
307.200,1.41648156E+5,
307.3500,1.41994813E+5,
307.500,1.40094031E+5,
307.6500,1.41938531E+5,
307.800,1.45762516E+5,
307.9500,1.47308719E+5,
308.100,1.44337359E+5,
308.2500,1.44784469E+5,
308.400,1.44537859E+5,
308.5500,1.45428219E+5,
308.700,1.43826844E+5,
308.8500,1.44898672E+5,
309.00,1.42972500E+5,
309.1500,1.42830594E+5,
309.300,1.44276719E+5,
309.4500,1.42709891E+5,
309.600,1.43090172E+5,
309.7500,1.43051906E+5,
309.900,1.42049563E+5,
310.0500,1.42221281E+5,
310.200,1.41325469E+5,
310.3500,1.41529375E+5,
310.500,1.42387344E+5,
310.6500,1.41218563E+5,
310.800,1.42213422E+5,
310.9500,1.38312328E+5,
311.100,1.39063172E+5,
311.2500,1.40828719E+5,
311.400,1.41446844E+5,
311.5500,1.38524953E+5,
311.700,1.39803594E+5,
311.8500,1.39629219E+5,
312.00,1.37646359E+5,
312.1500,1.38035797E+5,
312.300,1.35246703E+5,
312.4500,1.35654672E+5,
312.600,1.35833719E+5,
312.7500,1.36019516E+5,
312.900,1.32165219E+5,
313.0500,1.31018781E+5,
313.200,1.32861891E+5,
313.3500,1.29605320E+5,
313.500,1.30533586E+5,
313.6500,1.29557945E+5,
313.800,1.30942805E+5,
313.9500,1.26360266E+5,
314.100,1.26912156E+5,
314.2500,1.27258094E+5,
314.400,1.28263367E+5,
314.5500,1.26474680E+5,
314.700,1.27284234E+5,
314.8500,1.25753914E+5,
315.00,1.25643078E+5,
315.1500,1.24156531E+5,
315.300,1.23105703E+5,
315.4500,1.21682727E+5,
315.600,1.21887555E+5,
315.7500,1.25269031E+5,
315.900,1.22430602E+5,
316.0500,1.21965414E+5,
316.200,1.21625109E+5,
316.3500,1.23138109E+5,
316.500,1.21412125E+5,
316.6500,1.19759688E+5,
316.800,1.21385266E+5,
316.9500,1.18775141E+5,
317.100,1.19453055E+5,
317.2500,1.21200492E+5,
317.400,1.17919719E+5,
317.5500,1.18304430E+5,
317.700,1.15393766E+5,
317.8500,1.16520453E+5,
318.00,1.14755914E+5,
318.1500,1.16012305E+5,
318.300,1.13351383E+5,
318.4500,1.16337383E+5,
318.600,1.15600016E+5,
318.7500,1.11339992E+5,
318.900,1.11702250E+5,
319.0500,1.11712375E+5,
319.200,1.11063500E+5,
319.3500,1.10744070E+5,
319.500,1.10797672E+5,
319.6500,1.09109180E+5,
319.800,1.10397008E+5,
319.9500,1.08868430E+5,
320.100,1.08560383E+5,
320.2500,1.07699211E+5,
320.400,1.08982539E+5,
320.5500,1.06063266E+5,
320.700,1.06494969E+5,
320.8500,1.04866617E+5,
321.00,1.06753078E+5,
321.1500,1.05357203E+5,
321.300,1.04135563E+5,
321.4500,1.04828219E+5,
321.600,1.03079977E+5,
321.7500,1.02646531E+5,
321.900,1.02457414E+5,
322.0500,1.03323180E+5,
322.200,1.01347883E+5,
322.3500,9.88034609E+4,
322.500,1.01547023E+5,
322.6500,1.01007398E+5,
322.800,1.00641141E+5,
322.9500,9.79616797E+4,
323.100,9.71561250E+4,
323.2500,9.78441484E+4,
323.400,1.00880969E+5,
323.5500,9.73652422E+4,
323.700,9.79946641E+4,
323.8500,9.86792344E+4,
324.00,9.51843516E+4,
324.1500,9.68548906E+4,
324.300,9.43494453E+4,
324.4500,9.50189219E+4,
324.600,9.36475859E+4,
324.7500,9.19537266E+4,
324.900,9.13503516E+4,
325.0500,9.08634844E+4,
325.200,9.02455391E+4,
325.3500,8.86576328E+4,
325.500,8.86995313E+4,
325.6500,8.89273672E+4,
325.800,8.81042969E+4,
325.9500,8.81074141E+4,
326.100,8.88097656E+4,
326.2500,8.59773828E+4,
326.400,8.66800234E+4,
326.5500,8.60856250E+4,
326.700,8.61535078E+4,
326.8500,8.33866563E+4,
327.00,8.39596719E+4,
327.1500,8.19866641E+4,
327.300,8.08954922E+4,
327.4500,8.04728125E+4,
327.600,7.95920391E+4,
327.7500,7.73168594E+4,
327.900,7.82642422E+4,
328.0500,7.76786328E+4,
328.200,7.59875000E+4,
328.3500,7.66463047E+4,
328.500,7.60501719E+4,
328.6500,7.49078672E+4,
328.800,7.29236719E+4,
328.9500,7.24497344E+4,
329.100,7.20927891E+4,
329.2500,7.19684297E+4,
329.400,7.22603438E+4,
329.5500,7.15139844E+4,
329.700,6.99333906E+4,
329.8500,6.95603984E+4,
330.00,6.94686094E+4,
330.1500,6.84708516E+4,
330.300,6.71967109E+4,
330.4500,6.71919844E+4,
330.600,6.68514844E+4,
330.7500,6.74987031E+4,
330.900,6.44904766E+4,
331.0500,6.35434883E+4,
331.200,6.29980547E+4,
331.3500,6.24257305E+4,
331.500,6.21376484E+4,
331.6500,6.24360039E+4,
331.800,6.11263789E+4,
331.9500,5.99049961E+4,
332.100,5.76290352E+4,
332.2500,5.93153398E+4,
332.400,5.76592813E+4,
332.5500,5.76127188E+4,
332.700,5.67982070E+4,
332.8500,5.64285859E+4,
333.00,5.48491953E+4,
333.1500,5.51425273E+4,
333.300,5.40823359E+4,
333.4500,5.39323477E+4,
333.600,5.34681445E+4,
333.7500,5.34433516E+4,
333.900,5.17205352E+4,
334.0500,5.17878516E+4,
334.200,5.08804023E+4,
334.3500,4.99106680E+4,
334.500,4.87044844E+4,
334.6500,4.86563828E+4,
334.800,4.80013438E+4,
334.9500,4.78349648E+4,
335.100,4.72506602E+4,
335.2500,4.65779336E+4,
335.400,4.65947070E+4,
335.5500,4.47141328E+4,
335.700,4.51351367E+4,
335.8500,4.45130430E+4,
336.00,4.40879219E+4,
336.1500,4.28927344E+4,
336.300,4.38849570E+4,
336.4500,4.20537266E+4,
336.600,4.23314766E+4,
336.7500,4.13795039E+4,
336.900,4.12437070E+4,
337.0500,4.04006406E+4,
337.200,3.98387266E+4,
337.3500,3.92653086E+4,
337.500,3.87069258E+4,
337.6500,3.81007148E+4,
337.800,3.72753750E+4,
337.9500,3.69104844E+4,
338.100,3.62537969E+4,
338.2500,3.61012266E+4,
338.400,3.46724141E+4,
338.5500,3.40789609E+4,
338.700,3.41919063E+4,
338.8500,3.44896328E+4,
339.00,3.33768438E+4,
339.1500,3.37083672E+4,
339.300,3.23704863E+4,
339.4500,3.22283457E+4,
339.600,3.15976680E+4,
339.7500,3.17817148E+4,
339.900,3.09623887E+4,
340.0500,3.02767539E+4,
340.200,3.01661309E+4,
340.3500,2.97633242E+4,
340.500,2.94383555E+4,
340.6500,2.87476797E+4,
340.800,2.87419453E+4,
340.9500,2.82321719E+4,
341.100,2.74239727E+4,
341.2500,2.69426777E+4,
341.400,2.66010488E+4,
341.5500,2.67474883E+4,
341.700,2.63857598E+4,
341.8500,2.55474043E+4,
342.00,2.56173242E+4,
342.1500,2.50429082E+4,
342.300,2.44770938E+4,
342.4500,2.43413301E+4,
342.600,2.42060410E+4,
342.7500,2.34801426E+4,
342.900,2.32798906E+4,
343.0500,2.26200449E+4,
343.200,2.27842402E+4,
343.3500,2.28079590E+4,
343.500,2.18958789E+4,
343.6500,2.17339414E+4,
343.800,2.16660234E+4,
343.9500,2.06721602E+4,
344.100,2.07005332E+4,
344.2500,2.08382539E+4,
344.400,1.99692305E+4,
344.5500,1.98516992E+4,
344.700,1.92058984E+4,
344.8500,1.93631465E+4,
345.00,1.91707188E+4,
345.1500,1.87301973E+4,
345.300,1.82477871E+4,
345.4500,1.78733750E+4,
345.600,1.81383027E+4,
345.7500,1.73722324E+4,
345.900,1.72092773E+4,
346.0500,1.76321992E+4,
346.200,1.71573457E+4,
346.3500,1.70859434E+4,
346.500,1.63648164E+4,
346.6500,1.63588760E+4,
346.800,1.66874375E+4,
346.9500,1.62326191E+4,
347.100,1.60503857E+4,
347.2500,1.58406885E+4,
347.400,1.57423359E+4,
347.5500,1.55654473E+4,
347.700,1.56874961E+4,
347.8500,1.47067861E+4,
348.00,1.47967803E+4,
348.1500,1.49397236E+4,
348.300,1.47258389E+4,
348.4500,1.45463057E+4,
348.600,1.37786914E+4,
348.7500,1.41126992E+4,
348.900,1.41422705E+4,
349.0500,1.40339619E+4,
349.200,1.40591592E+4,
349.3500,1.36642607E+4,
349.500,1.35678379E+4,
349.6500,1.33119365E+4,
349.800,1.29222539E+4,
349.9500,1.26532969E+4,
350.100,1.24508281E+4,
350.2500,1.23662930E+4,
350.400,1.25385059E+4,
350.5500,1.22969717E+4,
350.700,1.21205234E+4,
350.8500,1.18392813E+4,
351.00,1.15412393E+4,
351.1500,1.18925039E+4,
351.300,1.20475166E+4,
351.4500,1.16113184E+4,
351.600,1.15031885E+4,
351.7500,1.14968330E+4,
351.900,1.14981709E+4,
352.0500,1.10330117E+4,
352.200,1.08894736E+4,
352.3500,1.08287168E+4,
352.500,1.07299746E+4,
352.6500,1.07640732E+4,
352.800,1.05746924E+4,
352.9500,1.00881719E+4,
353.100,1.04283594E+4,
353.2500,9.91227539E+3,
353.400,9.91010547E+3,
353.5500,9.95526855E+3,
353.700,9.84089160E+3,
353.8500,9.83624805E+3,
354.00,9.80931641E+3,
354.1500,9.70281348E+3,
354.300,9.21157813E+3,
354.4500,9.60174707E+3,
354.600,9.15539648E+3,
354.7500,8.98895703E+3,
354.900,9.02457227E+3,
355.0500,9.02853809E+3,
355.200,9.01085352E+3,
355.3500,9.02918652E+3,
355.500,8.91824902E+3,
355.6500,8.62451563E+3,
355.800,8.43711523E+3,
355.9500,8.61773438E+3,
356.100,8.61101660E+3,
356.2500,8.50564844E+3,
356.400,8.32119238E+3,
356.5500,8.03738574E+3,
356.700,7.95562549E+3,
356.8500,7.88826172E+3,
357.00,7.90688379E+3,
357.1500,7.62294434E+3,
357.300,7.94771777E+3,
357.4500,7.74555713E+3,
357.600,7.63372656E+3,
357.7500,7.57264893E+3,
357.900,7.66849658E+3,
358.0500,7.68212988E+3,
358.200,7.59847656E+3,
358.3500,7.50632275E+3,
358.500,7.34078516E+3,
358.6500,7.19859131E+3,
358.800,7.35548730E+3,
358.9500,7.33162061E+3,
359.100,7.51778369E+3,
359.2500,7.34117041E+3,
359.400,7.14148779E+3,
359.5500,7.07004004E+3,
359.700,6.93134668E+3,
359.8500,7.01538721E+3,
360.00,7.00559473E+3,
360.1500,6.96928418E+3,
360.300,6.69839014E+3,
360.4500,6.88433545E+3,
360.600,6.67104688E+3,
360.7500,6.72353955E+3,
360.900,6.58222656E+3,
361.0500,6.76362451E+3,
361.200,6.41567236E+3,
361.3500,6.45084229E+3,
361.500,6.56750586E+3,
361.6500,6.60391943E+3,
361.800,6.40675635E+3,
361.9500,6.35825098E+3,
362.100,6.46129688E+3,
362.2500,6.27989453E+3,
362.400,6.50369092E+3,
362.5500,6.34370020E+3,
362.700,6.49279395E+3,
362.8500,6.23100439E+3,
363.00,6.22019043E+3,
363.1500,6.25487646E+3,
363.300,6.21195313E+3,
363.4500,6.23043555E+3,
363.600,6.19807324E+3,
363.7500,6.05820264E+3,
363.900,6.16032910E+3,
364.0500,6.01844385E+3,
364.200,5.66755811E+3,
364.3500,5.94171533E+3,
364.500,6.05582861E+3,
364.6500,5.81973340E+3,
364.800,5.77327588E+3,
364.9500,5.84731592E+3,
365.100,5.97383984E+3,
365.2500,5.71010352E+3,
365.400,5.91363916E+3,
365.5500,5.71891162E+3,
365.700,5.96152393E+3,
365.8500,5.84888379E+3,
366.00,5.76643506E+3,
366.1500,5.83052881E+3,
366.300,5.79211377E+3,
366.4500,5.86989111E+3,
366.600,6.03576416E+3,
366.7500,5.81736914E+3,
366.900,5.76599414E+3,
367.0500,5.71107861E+3,
367.200,5.77738379E+3,
367.3500,5.50325635E+3,
367.500,5.79895996E+3,
367.6500,5.61892236E+3,
367.800,5.65435156E+3,
367.9500,5.68396045E+3,
368.100,5.63500391E+3,
368.2500,5.67225000E+3,
368.400,5.75556738E+3,
368.5500,5.67185400E+3,
368.700,5.48329590E+3,
368.8500,5.86673584E+3,
369.00,5.58718555E+3,
369.1500,5.83522363E+3,
369.300,5.57352148E+3,
369.4500,5.75254346E+3,
369.600,5.51510059E+3,
369.7500,5.69371143E+3,
369.900,5.65148926E+3,
370.0500,5.87779395E+3,
370.200,5.59482813E+3,
370.3500,5.68715234E+3,
370.500,5.72509424E+3,
370.6500,5.76857568E+3,
370.800,5.51850879E+3,
370.9500,5.68480762E+3,
371.100,5.61893848E+3,
371.2500,5.77105762E+3,
371.400,5.64087744E+3,
371.5500,5.65102783E+3,
371.700,5.78595508E+3,
371.8500,5.89664746E+3,
372.00,5.52483447E+3,
372.1500,5.85202979E+3,
372.300,5.53233398E+3,
372.4500,5.75128662E+3,
372.600,5.52934619E+3,
372.7500,5.50543018E+3,
372.900,5.60076611E+3,
373.0500,5.64356787E+3,
373.200,5.49756201E+3,
373.3500,5.49568506E+3,
373.500,5.55118164E+3,
373.6500,5.29042432E+3,
373.800,5.41403857E+3,
373.9500,5.61556982E+3,
374.100,5.49067383E+3,
374.2500,5.39790576E+3,
374.400,5.50192725E+3,
374.5500,5.49266992E+3,
374.700,5.48002930E+3,
374.8500,5.34799121E+3,
375.00,5.24288184E+3,
375.1500,5.39939551E+3,
375.300,5.43129736E+3,
375.4500,5.74731055E+3,
375.600,5.57329150E+3,
375.7500,5.36540039E+3,
375.900,5.54822607E+3,
376.0500,5.30687354E+3,
376.200,5.58066797E+3,
376.3500,5.42305469E+3,
376.500,5.52046045E+3,
376.6500,5.44095752E+3,
376.800,5.40464795E+3,
376.9500,5.51205371E+3,
377.100,5.48323877E+3,
377.2500,5.63867090E+3,
377.400,5.60675830E+3,
377.5500,5.63270557E+3,
377.700,5.32678467E+3,
377.8500,5.42935547E+3,
378.00,5.34603418E+3,
378.1500,5.44703076E+3,
378.300,5.31227979E+3,
378.4500,5.31406738E+3,
378.600,5.46852637E+3,
378.7500,5.39486816E+3,
378.900,5.19946094E+3,
379.0500,5.34174805E+3,
379.200,5.39333154E+3,
379.3500,5.23848486E+3,
379.500,5.27858350E+3,
379.6500,5.39660303E+3,
379.800,5.26089453E+3,
379.9500,5.23978613E+3,
380.100,5.20300488E+3,
380.2500,5.29287939E+3,
380.400,5.23113379E+3,
380.5500,5.32244824E+3,
380.700,5.18721631E+3,
380.8500,5.27681445E+3,
381.00,5.10139355E+3,
381.1500,5.26581201E+3,
381.300,5.15452148E+3,
381.4500,5.25986670E+3,
381.600,5.36327100E+3,
381.7500,5.19766162E+3,
381.900,5.30742285E+3,
382.0500,5.15201221E+3,
382.200,5.01105176E+3,
382.3500,5.13412939E+3,
382.500,5.06767871E+3,
382.6500,5.20311475E+3,
382.800,4.96296191E+3,
382.9500,4.96759326E+3,
383.100,4.99772559E+3,
383.2500,5.15319824E+3,
383.400,4.80760010E+3,
383.5500,5.14798535E+3,
383.700,5.03898730E+3,
383.8500,5.05176416E+3,
384.00,5.01425391E+3,
384.1500,5.10511572E+3,
384.300,4.74772461E+3,
384.4500,4.93426709E+3,
384.600,4.82368750E+3,
384.7500,4.87558789E+3,
384.900,4.89627441E+3,
385.0500,4.75830518E+3,
385.200,4.77515234E+3,
385.3500,4.82447266E+3,
385.500,4.85361963E+3,
385.6500,4.75800586E+3,
385.800,4.75504346E+3,
385.9500,4.64939014E+3,
386.100,4.84114258E+3,
386.2500,4.71128760E+3,
386.400,4.73757031E+3,
386.5500,4.83538086E+3,
386.700,4.69127344E+3,
386.8500,4.51893799E+3,
387.00,4.83032031E+3,
387.1500,4.63897852E+3,
387.300,4.70488525E+3,
387.4500,4.78418555E+3,
387.600,4.79711572E+3,
387.7500,4.75001563E+3,
387.900,4.83052979E+3,
388.0500,4.57390576E+3,
388.200,4.68362109E+3,
388.3500,4.79450098E+3,
388.500,4.79939111E+3,
388.6500,4.67063037E+3,
388.800,4.85084277E+3,
388.9500,4.90466016E+3,
389.100,4.91319580E+3,
389.2500,4.72963867E+3,
389.400,4.93545703E+3,
389.5500,4.75123535E+3,
389.700,4.79946924E+3,
389.8500,4.75831104E+3,
390.00,4.78749902E+3,
390.1500,4.81666943E+3,
390.300,4.98117285E+3,
390.4500,4.75719775E+3,
390.600,4.85173535E+3,
390.7500,4.93007764E+3,
390.900,4.72781006E+3,
391.0500,4.85853174E+3,
391.200,4.79367529E+3,
391.3500,4.97077197E+3,
391.500,4.83709570E+3,
391.6500,4.88748340E+3,
391.800,4.76158203E+3,
391.9500,4.80774658E+3,
392.100,4.70865039E+3,
392.2500,4.69144092E+3,
392.400,4.93938770E+3,
392.5500,4.69286816E+3,
392.700,4.79813867E+3,
392.8500,4.90178516E+3,
393.00,4.96126416E+3,
393.1500,4.84605957E+3,
393.300,4.91366846E+3,
393.4500,5.07008301E+3,
393.600,4.84121777E+3,
393.7500,4.69614014E+3,
393.900,4.88749561E+3,
394.0500,4.81540869E+3,
394.200,4.82816309E+3,
394.3500,4.62274219E+3,
394.500,4.87049561E+3,
394.6500,4.70206396E+3,
394.800,4.76388477E+3,
394.9500,4.87002539E+3,
395.100,4.79415137E+3,
395.2500,4.87092236E+3,
395.400,5.06366113E+3,
395.5500,4.90518457E+3,
395.700,4.91267578E+3,
395.8500,4.98764160E+3,
396.00,4.93051514E+3,
396.1500,4.71470947E+3,
396.300,4.83664453E+3,
396.4500,4.90902637E+3,
396.600,4.95529834E+3,
396.7500,4.86369971E+3,
396.900,4.80238477E+3,
397.0500,4.88021826E+3,
397.200,4.85494727E+3,
397.3500,4.89357129E+3,
397.500,4.94434326E+3,
397.6500,4.74866895E+3,
397.800,4.85501807E+3,
397.9500,4.75995068E+3,
398.100,4.83701611E+3,
398.2500,4.72155078E+3,
398.400,4.73962500E+3,
398.5500,4.81955566E+3,
398.700,4.70591455E+3,
398.8500,4.76297803E+3,
399.00,4.72611133E+3,
399.1500,4.72745410E+3,
399.300,4.65788525E+3,
399.4500,4.65934277E+3,
399.600,4.64612842E+3,
399.7500,4.74378320E+3,
399.900,4.77460547E+3,
400.0500,4.49439648E+3,
400.200,4.38263379E+3,
400.3500,4.30722021E+3,
400.500,4.34107178E+3,
400.6500,4.28633496E+3,
400.800,4.29541650E+3,
400.9500,4.35713086E+3,
401.100,4.30188965E+3,
401.2500,4.49546973E+3,
401.400,4.48677979E+3,
401.5500,4.35518506E+3,
401.700,4.36066113E+3,
401.8500,4.32479346E+3,
402.00,4.46505566E+3,
402.1500,4.25240186E+3,
402.300,4.27384814E+3,
402.4500,4.45374268E+3,
402.600,4.47037451E+3,
402.7500,4.40039648E+3,
402.900,4.36707275E+3,
403.0500,4.41566553E+3,
403.200,4.39295996E+3,
403.3500,4.25400000E+3,
403.500,4.35541455E+3,
403.6500,4.51236475E+3,
403.800,4.34081934E+3,
403.9500,4.25394580E+3,
404.100,4.37009375E+3,
404.2500,4.40806738E+3,
404.400,4.36811816E+3,
404.5500,4.28942090E+3,
404.700,4.38274072E+3,
404.8500,4.41917920E+3,
405.00,4.24694580E+3,
405.1500,4.31062158E+3,
405.300,4.21807520E+3,
405.4500,4.36339355E+3,
405.600,4.19392090E+3,
405.7500,4.16563330E+3,
405.900,4.14780273E+3,
406.0500,4.24237402E+3,
406.200,4.08704785E+3,
406.3500,4.03390112E+3,
406.500,3.97648071E+3,
406.6500,4.17391992E+3,
406.800,3.99299463E+3,
406.9500,4.08868530E+3,
407.100,4.01076147E+3,
407.2500,3.88453833E+3,
407.400,3.95190942E+3,
407.5500,4.09521362E+3,
407.700,4.04976904E+3,
407.8500,3.91397803E+3,
408.00,4.08318628E+3,
408.1500,3.98276050E+3,
408.300,4.04986572E+3,
408.4500,4.06309302E+3,
408.600,3.91083252E+3,
408.7500,3.98949365E+3,
408.900,3.98110132E+3,
409.0500,3.93962646E+3,
409.200,4.09668555E+3,
409.3500,3.99343213E+3,
409.500,3.99864941E+3,
409.6500,3.88272729E+3,
409.800,3.81746362E+3,
409.9500,3.83872607E+3,
410.100,3.91754126E+3,
410.2500,3.83956860E+3,
410.400,3.81920044E+3,
410.5500,3.97828198E+3,
410.700,3.82021313E+3,
410.8500,3.97191992E+3,
411.00,3.97307495E+3,
411.1500,3.91254175E+3,
411.300,3.84641309E+3,
411.4500,3.88610229E+3,
411.600,3.89863623E+3,
411.7500,3.74149316E+3,
411.900,4.05620947E+3,
412.0500,3.89210425E+3,
412.200,3.87477051E+3,
412.3500,3.91860449E+3,
412.500,3.98369409E+3,
412.6500,3.94936597E+3,
412.800,3.75487744E+3,
412.9500,3.84550854E+3,
413.100,3.81413745E+3,
413.2500,3.84643408E+3,
413.400,3.87587451E+3,
413.5500,3.74144946E+3,
413.700,3.85987866E+3,
413.8500,3.78776855E+3,
414.00,3.87079077E+3,
414.1500,3.69460303E+3,
414.300,3.62985278E+3,
414.4500,3.72970532E+3,
414.600,3.89123682E+3,
414.7500,3.55562744E+3,
414.900,3.76337354E+3,
415.0500,3.84756445E+3,
415.200,3.78333984E+3,
415.3500,3.80600659E+3,
415.500,3.67898315E+3,
415.6500,3.77441504E+3,
415.800,3.73981616E+3,
415.9500,3.82953296E+3,
416.100,3.72940283E+3,
416.2500,3.65312305E+3,
416.400,3.96433203E+3,
416.5500,3.91170532E+3,
416.700,3.86751270E+3,
416.8500,3.83868970E+3,
417.00,3.79045972E+3,
417.1500,3.88391577E+3,
417.300,3.78291943E+3,
417.4500,3.82080200E+3,
417.600,3.96541504E+3,
417.7500,3.94774463E+3,
417.900,3.89826123E+3,
418.0500,3.89870679E+3,
418.200,4.03754688E+3,
418.3500,3.95505835E+3,
418.500,3.81879663E+3,
418.6500,4.02100952E+3,
418.800,4.02566089E+3,
418.9500,4.14756250E+3,
419.100,4.30653369E+3,
419.2500,4.18288574E+3,
419.400,4.13650391E+3,
419.5500,4.17413818E+3,
419.700,4.33141504E+3,
419.8500,4.15859814E+3,
420.00,4.24429492E+3,
420.1500,4.15804590E+3,
420.300,4.16935254E+3,
420.4500,4.24650049E+3,
420.600,4.32905957E+3,
420.7500,4.23754492E+3,
420.900,4.21598389E+3,
421.0500,4.11509619E+3,
421.200,4.16206836E+3,
421.3500,4.11331445E+3,
421.500,4.09741846E+3,
421.6500,4.15939014E+3,
421.800,4.06162866E+3,
421.9500,4.08402368E+3,
422.100,4.22529004E+3,
422.2500,4.25618555E+3,
422.400,4.24211230E+3,
422.5500,4.38465723E+3,
422.700,4.22356348E+3,
422.8500,4.28302734E+3,
423.00,4.23229346E+3,
423.1500,4.30977686E+3,
423.300,4.34780420E+3,
423.4500,4.38989111E+3,
423.600,4.47950098E+3,
423.7500,4.42377637E+3,
423.900,4.25678955E+3,
424.0500,4.27718066E+3,
424.200,4.29214795E+3,
424.3500,4.24202148E+3,
424.500,4.51324072E+3,
424.6500,4.41159229E+3,
424.800,4.26665479E+3,
424.9500,4.35208057E+3,
425.100,4.14754199E+3,
425.2500,4.44797900E+3,
425.400,4.29491406E+3,
425.5500,4.18524854E+3,
425.700,4.27850195E+3,
425.8500,4.50553125E+3,
426.00,4.39322998E+3,
426.1500,4.23353125E+3,
426.300,4.24950635E+3,
426.4500,4.21823438E+3,
426.600,4.32462939E+3,
426.7500,4.36081543E+3,
426.900,4.22709375E+3,
427.0500,4.28903906E+3,
427.200,4.25147705E+3,
427.3500,4.16140332E+3,
427.500,4.30303662E+3,
427.6500,4.57251221E+3,
427.800,4.22534619E+3,
427.9500,4.24306348E+3,
428.100,4.08239771E+3,
428.2500,4.40506445E+3,
428.400,4.30658789E+3,
428.5500,4.27404492E+3,
428.700,4.26437549E+3,
428.8500,4.29775391E+3,
429.00,4.16434082E+3,
429.1500,4.25171191E+3,
429.300,4.25299805E+3,
429.4500,4.27311572E+3,
429.600,4.13721240E+3,
429.7500,4.37656396E+3,
429.900,4.31329199E+3,
430.0500,4.18121387E+3,
430.200,4.22354053E+3,
430.3500,4.31022412E+3,
430.500,4.25170898E+3,
430.6500,4.25369775E+3,
430.800,4.07293750E+3,
430.9500,3.96613623E+3,
431.100,3.98006128E+3,
431.2500,4.16577686E+3,
431.400,4.03992261E+3,
431.5500,4.16245996E+3,
431.700,4.21381885E+3,
431.8500,4.14843701E+3,
432.00,4.10052783E+3,
432.1500,4.15908398E+3,
432.300,4.14521240E+3,
432.4500,4.15548340E+3,
432.600,4.15502881E+3,
432.7500,4.07950146E+3,
432.900,4.06967773E+3,
433.0500,4.14187451E+3,
433.200,3.97731250E+3,
433.3500,4.06476123E+3,
433.500,4.11468018E+3,
433.6500,4.12169873E+3,
433.800,4.19308154E+3,
433.9500,3.90373511E+3,
434.100,4.04108130E+3,
434.2500,4.12896094E+3,
434.400,4.00354150E+3,
434.5500,4.02031592E+3,
434.700,4.03977588E+3,
434.8500,4.10085205E+3,
435.00,4.12032324E+3,
435.1500,4.20836523E+3,
435.300,4.03319604E+3,
435.4500,4.01646729E+3,
435.600,3.96614014E+3,
435.7500,4.09854443E+3,
435.900,3.93665039E+3,
436.0500,4.01538550E+3,
436.200,3.97999365E+3,
436.3500,4.00778979E+3,
436.500,3.98716650E+3,
436.6500,4.06071265E+3,
436.800,3.96471558E+3,
436.9500,3.96693677E+3,
437.100,4.02866431E+3,
437.2500,4.11749512E+3,
437.400,3.92208765E+3,
437.5500,4.00823047E+3,
437.700,3.96769092E+3,
437.8500,4.11996875E+3,
438.00,4.00927441E+3,
438.1500,4.05429248E+3,
438.300,4.18575586E+3,
438.4500,4.09713770E+3,
438.600,4.07329932E+3,
438.7500,4.08458105E+3,
438.900,4.10668408E+3,
439.0500,3.97875903E+3,
439.200,4.06633813E+3,
439.3500,3.89928906E+3,
439.500,4.00180762E+3,
439.6500,3.86705908E+3,
439.800,3.78100488E+3,
439.9500,3.72743164E+3,
440.100,3.61943677E+3,
440.2500,3.82804736E+3,
440.400,3.64379517E+3,
440.5500,3.76144458E+3,
440.700,3.65726733E+3,
440.8500,3.82543311E+3,
441.00,3.72251758E+3,
441.1500,3.73532202E+3,
441.300,3.81498608E+3,
441.4500,3.81690625E+3,
441.600,3.81881714E+3,
441.7500,3.72369800E+3,
441.900,3.70913623E+3,
442.0500,3.70976147E+3,
442.200,3.72713330E+3,
442.3500,3.65411890E+3,
442.500,3.72626855E+3,
442.6500,3.63805127E+3,
442.800,3.68281079E+3,
442.9500,3.77841187E+3,
443.100,3.66174878E+3,
443.2500,3.43102979E+3,
443.400,3.67198120E+3,
443.5500,3.61716602E+3,
443.700,3.73594336E+3,
443.8500,3.59551172E+3,
444.00,3.65919678E+3,
444.1500,3.47917310E+3,
444.300,3.61008765E+3,
444.4500,3.62905566E+3,
444.600,3.54404834E+3,
444.7500,3.67398169E+3,
444.900,3.55406812E+3,
445.0500,3.59556226E+3,
445.200,3.64198584E+3,
445.3500,3.64248071E+3,
445.500,3.46282764E+3,
445.6500,3.71469678E+3,
445.800,3.64101416E+3,
445.9500,3.53768506E+3,
446.100,3.59797632E+3,
446.2500,3.70398975E+3,
446.400,3.74975830E+3,
446.5500,3.56423999E+3,
446.700,3.66780566E+3,
446.8500,3.55931592E+3,
447.00,3.66173438E+3,
447.1500,3.56303296E+3,
447.300,3.63197681E+3,
447.4500,3.66263501E+3,
447.600,3.72777637E+3,
447.7500,3.69696362E+3,
447.900,3.69474048E+3,
448.0500,3.50819653E+3,
448.200,3.64177148E+3,
448.3500,3.48655518E+3,
448.500,3.64145825E+3,
448.6500,3.60812793E+3,
448.800,3.65554224E+3,
448.9500,3.78766357E+3,
449.100,3.57521338E+3,
449.2500,3.67810864E+3,
449.400,3.70076733E+3,
449.5500,3.76445532E+3,
449.700,3.93079590E+3,
449.8500,4.40833203E+3,
450.00,4.39363916E+3,
450.1500,4.30858643E+3,
450.300,2.25435577E+2,
450.4500,2.15536194E+2,
450.600,2.32213287E+2,
450.7500,1.85989944E+2,
450.900,2.56508942E+2,
451.0500,2.82708313E+2,
451.200,3.27205963E+2,
451.3500,3.30409607E+2,
451.500,3.06606720E+2,
451.6500,3.43172882E+2,
451.800,4.11522583E+2,
451.9500,3.82952942E+2,
452.100,5.07019287E+2,
452.2500,5.75818237E+2,
452.400,6.36185974E+2,
452.5500,5.95948242E+2,
452.700,6.12136963E+2,
452.8500,6.35960876E+2,
453.00,6.48789429E+2,
453.1500,7.06011597E+2,
453.300,7.07626587E+2,
453.4500,6.75905518E+2,
453.600,7.50029114E+2,
453.7500,7.84348633E+2,
453.900,8.52496155E+2,
454.0500,8.30810364E+2,
454.200,9.43878784E+2,
454.3500,9.66489624E+2,
454.500,1.04384167E+3,
454.6500,1.00658331E+3,
454.800,1.10269800E+3,
454.9500,1.10676819E+3,
455.100,1.18078638E+3,
455.2500,1.27593823E+3,
455.400,1.23087756E+3,
455.5500,1.35618213E+3,
455.700,1.39075635E+3,
455.8500,1.31467896E+3,
456.00,1.42757739E+3,
456.1500,1.48896887E+3,
456.300,1.42822827E+3,
456.4500,1.59089355E+3,
456.600,1.61592810E+3,
456.7500,1.64330762E+3,
456.900,1.64830933E+3,
457.0500,1.81472412E+3,
457.200,1.87156433E+3,
457.3500,1.92777686E+3,
457.500,1.88452405E+3,
457.6500,1.99428418E+3,
457.800,2.00011499E+3,
457.9500,2.04703101E+3,
458.100,1.98861230E+3,
458.2500,2.04807178E+3,
458.400,2.14737793E+3,
458.5500,2.16039575E+3,
458.700,2.19515674E+3,
458.8500,2.14400391E+3,
459.00,2.17501392E+3,
459.1500,2.06528174E+3,
459.300,2.18714331E+3,
459.4500,2.26414380E+3,
459.600,2.23103711E+3,
459.7500,2.27793872E+3,
459.900,2.31746509E+3,
460.0500,2.26518945E+3,
460.200,2.44602075E+3,
460.3500,2.37340332E+3,
460.500,2.30718701E+3,
460.6500,2.48113916E+3,
460.800,2.47761035E+3,
460.9500,2.49679175E+3,
461.100,2.58540088E+3,
461.2500,2.55364917E+3,
461.400,2.52776733E+3,
461.5500,2.64929810E+3,
461.700,2.69113574E+3,
461.8500,2.69840845E+3,
462.00,2.87230127E+3,
462.1500,2.81111621E+3,
462.300,2.98838965E+3,
462.4500,2.97434766E+3,
462.600,3.06624023E+3,
462.7500,2.96513135E+3,
462.900,2.95032373E+3,
463.0500,2.92187061E+3,
463.200,2.92116504E+3,
463.3500,2.89574268E+3,
463.500,2.77812720E+3,
463.6500,2.73931787E+3,
463.800,2.73065161E+3,
463.9500,2.81268921E+3,
464.100,2.81071167E+3,
464.2500,2.79515674E+3,
464.400,2.69283423E+3,
464.5500,2.68716846E+3,
464.700,2.69421436E+3,
464.8500,2.73600098E+3,
465.00,2.73457178E+3,
465.1500,2.67205103E+3,
465.300,2.74900439E+3,
465.4500,2.77868774E+3,
465.600,2.89175024E+3,
465.7500,2.95237695E+3,
465.900,2.81009644E+3,
466.0500,2.97163721E+3,
466.200,2.76424756E+3,
466.3500,2.96629102E+3,
466.500,3.10370605E+3,
466.6500,3.25417578E+3,
466.800,3.42486060E+3,
466.9500,3.67434790E+3,
467.100,3.91946558E+3,
467.2500,3.97118555E+3,
467.400,3.91513379E+3,
467.5500,3.94424951E+3,
467.700,3.78201978E+3,
467.8500,3.73872534E+3,
468.00,3.62309326E+3,
468.1500,3.51444946E+3,
468.300,3.27973877E+3,
468.4500,3.16965186E+3,
468.600,3.13400586E+3,
468.7500,3.11266235E+3,
468.900,3.17964429E+3,
469.0500,3.17980884E+3,
469.200,3.10036108E+3,
469.3500,3.14351074E+3,
469.500,3.02682056E+3,
469.6500,3.09928955E+3,
469.800,3.12319141E+3,
469.9500,3.05928589E+3,
470.100,3.12688672E+3,
470.2500,2.91945972E+3,
470.400,3.03155640E+3,
470.5500,3.00261011E+3,
470.700,2.88618506E+3,
470.8500,2.82520044E+3,
471.00,2.89391821E+3,
471.1500,2.83855420E+3,
471.300,2.78022632E+3,
471.4500,2.79822778E+3,
471.600,2.86638477E+3,
471.7500,2.78205396E+3,
471.900,2.84917407E+3,
472.0500,2.76607227E+3,
472.200,2.78651343E+3,
472.3500,2.79592969E+3,
472.500,2.75727026E+3,
472.6500,2.83378442E+3,
472.800,3.02639917E+3,
472.9500,3.15687866E+3,
473.100,3.32554492E+3,
473.2500,3.43823779E+3,
473.400,3.44985254E+3,
473.5500,3.35542188E+3,
473.700,3.23400586E+3,
473.8500,2.96459009E+3,
474.00,2.90025342E+3,
474.1500,2.83721021E+3,
474.300,2.89117627E+3,
474.4500,2.71212939E+3,
474.600,2.93010156E+3,
474.7500,2.77005981E+3,
474.900,2.81302441E+3,
475.0500,2.81607275E+3,
475.200,2.69227734E+3,
475.3500,2.70348633E+3,
475.500,2.72269824E+3,
475.6500,2.76591992E+3,
475.800,2.70810596E+3,
475.9500,2.79034961E+3,
476.100,2.62757983E+3,
476.2500,2.73201929E+3,
476.400,2.75541577E+3,
476.5500,2.71375024E+3,
476.700,2.67807861E+3,
476.8500,2.70247314E+3,
477.00,2.65476929E+3,
477.1500,2.67438721E+3,
477.300,2.56076270E+3,
477.4500,2.65652100E+3,
477.600,2.69318213E+3,
477.7500,2.61456714E+3,
477.900,2.57000854E+3,
478.0500,2.53756323E+3,
478.200,2.52335474E+3,
478.3500,2.52920581E+3,
478.500,2.58124023E+3,
478.6500,2.67347681E+3,
478.800,2.57890698E+3,
478.9500,2.51743506E+3,
479.100,2.72552881E+3,
479.2500,2.71562695E+3,
479.400,2.68759961E+3,
479.5500,2.69678882E+3,
479.700,2.61030908E+3,
479.8500,2.70106885E+3,
480.00,2.69413208E+3,
480.1500,2.74273755E+3,
480.300,2.78936401E+3,
480.4500,2.87134961E+3,
480.600,3.03114990E+3,
480.7500,3.03451123E+3,
480.900,3.04595361E+3,
481.0500,2.90269336E+3,
481.200,3.02326172E+3,
481.3500,2.75839673E+3,
481.500,2.86684644E+3,
481.6500,2.77789893E+3,
481.800,2.76789795E+3,
481.9500,2.78626270E+3,
482.100,2.75909448E+3,
482.2500,2.79990771E+3,
482.400,2.73926025E+3,
482.5500,2.78922827E+3,
482.700,2.78234839E+3,
482.8500,2.85675903E+3,
483.00,2.96376514E+3,
483.1500,2.86365894E+3,
483.300,2.88048804E+3,
483.4500,2.77206519E+3,
483.600,2.57996460E+3,
483.7500,2.65985425E+3,
483.900,2.75920410E+3,
484.0500,2.69747583E+3,
484.200,2.78491724E+3,
484.3500,2.72939624E+3,
484.500,2.73617188E+3,
484.6500,2.56697388E+3,
484.800,2.62278247E+3,
484.9500,2.58543628E+3,
485.100,2.48154199E+3,
485.2500,2.64424707E+3,
485.400,2.57006763E+3,
485.5500,2.57794678E+3,
485.700,2.63721582E+3,
485.8500,2.63176392E+3,
486.00,2.56866650E+3,
486.1500,2.51687988E+3,
486.300,2.41554883E+3,
486.4500,2.47700586E+3,
486.600,2.56124072E+3,
486.7500,2.34302295E+3,
486.900,2.54919751E+3,
487.0500,2.47743555E+3,
487.200,2.49650952E+3,
487.3500,2.59738110E+3,
487.500,2.65071802E+3,
487.6500,2.91140186E+3,
487.800,3.27090649E+3,
487.9500,3.91203687E+3,
488.100,4.72095166E+3,
488.2500,5.93686865E+3,
488.400,6.92750732E+3,
488.5500,7.95767920E+3,
488.700,8.41770508E+3,
488.8500,7.53522998E+3,
489.00,6.10702441E+3,
489.1500,4.74341455E+3,
489.300,4.03616260E+3,
489.4500,3.59829932E+3,
489.600,3.41362769E+3,
489.7500,3.80758643E+3,
489.900,4.49477588E+3,
490.0500,5.57227490E+3,
490.200,6.56498975E+3,
490.3500,8.18896924E+3,
490.500,8.84540625E+3,
490.6500,9.90895996E+3,
490.800,9.66128125E+3,
490.9500,8.65223438E+3,
491.100,8.00815479E+3,
491.2500,8.17807666E+3,
491.400,9.16169141E+3,
491.5500,1.19259502E+4,
491.700,1.35644102E+4,
491.8500,1.63125518E+4,
492.00,1.64148340E+4,
492.1500,1.50741084E+4,
492.300,1.36675713E+4,
492.4500,1.11744980E+4,
492.600,9.86523535E+3,
492.7500,8.73956543E+3,
492.900,8.18253613E+3,
493.0500,7.64790430E+3,
493.200,7.80073779E+3,
493.3500,7.97720947E+3,
493.500,7.82568164E+3,
493.6500,7.63656445E+3,
493.800,7.12691113E+3,
493.9500,6.63140381E+3,
494.100,6.26978027E+3,
494.2500,6.18679541E+3,
494.400,6.21822266E+3,
494.5500,6.30646143E+3,
494.700,6.49989160E+3,
494.8500,6.61203711E+3,
495.00,6.72003320E+3,
495.1500,7.09819287E+3,
495.300,6.94023975E+3,
495.4500,7.03388184E+3,
495.600,7.15888135E+3,
495.7500,7.04257715E+3,
495.900,6.97461816E+3,
496.0500,7.05034570E+3,
496.200,6.73975830E+3,
496.3500,6.41239063E+3,
496.500,6.16454297E+3,
496.6500,5.50999072E+3,
496.800,5.42355664E+3,
496.9500,5.24580273E+3,
497.100,4.89419580E+3,
497.2500,4.81275635E+3,
497.400,4.97380225E+3,
497.5500,4.84650586E+3,
497.700,5.09613135E+3,
497.8500,5.45965283E+3,
498.00,5.54533643E+3,
498.1500,5.81927148E+3,
498.300,6.01709863E+3,
498.4500,5.87800146E+3,
498.600,5.82411426E+3,
498.7500,5.58471924E+3,
498.900,5.62375488E+3,
499.0500,5.42109717E+3,
499.200,5.13671240E+3,
499.3500,4.93216064E+3,
499.500,4.44402930E+3,
499.6500,4.15794043E+3,
499.800,4.10424316E+3,
499.9500,3.87255200E+3,
500.100,3.84727124E+3,
500.2500,3.65039087E+3,
500.400,3.37337842E+3,
500.5500,3.23667700E+3,
500.700,3.30725757E+3,
500.8500,3.28575269E+3,
501.00,3.21416699E+3,
501.1500,3.14353955E+3,
501.300,3.15630518E+3,
501.4500,3.04089233E+3,
501.600,2.99666895E+3,
501.7500,3.04057202E+3,
501.900,2.91578394E+3,
502.0500,2.87354883E+3,
502.200,2.82228589E+3,
502.3500,2.86504370E+3,
502.500,2.78787109E+3,
502.6500,2.72290381E+3,
502.800,2.65444507E+3,
502.9500,2.83432935E+3,
503.100,2.80305737E+3,
503.2500,2.60620410E+3,
503.400,2.80015649E+3,
503.5500,2.69319214E+3,
503.700,2.58828760E+3,
503.8500,2.57926099E+3,
504.00,2.60753979E+3,
504.1500,2.58047827E+3,
504.300,2.76302026E+3,
504.4500,2.75417944E+3,
504.600,2.71692822E+3,
504.7500,2.87846680E+3,
504.900,3.01071289E+3,
505.0500,3.06919727E+3,
505.200,3.33175928E+3,
505.3500,3.51038550E+3,
505.500,3.59685840E+3,
505.6500,4.01023218E+3,
505.800,4.13958789E+3,
505.9500,4.84600977E+3,
506.100,5.23422314E+3,
506.2500,5.91447070E+3,
506.400,6.38592432E+3,
506.5500,7.47741992E+3,
506.700,7.85110156E+3,
506.8500,8.85497656E+3,
507.00,9.63487695E+3,
507.1500,9.99386914E+3,
507.300,9.91722949E+3,
507.4500,9.86581738E+3,
507.600,9.58758301E+3,
507.7500,8.83064648E+3,
507.900,8.12433203E+3,
508.0500,7.22998291E+3,
508.200,6.66034082E+3,
508.3500,6.10576855E+3,
508.500,5.52210840E+3,
508.6500,5.05603271E+3,
508.800,4.65660742E+3,
508.9500,4.33804736E+3,
509.100,4.24072998E+3,
509.2500,3.93150879E+3,
509.400,3.80309790E+3,
509.5500,3.80330566E+3,
509.700,3.71905493E+3,
509.8500,4.03260107E+3,
510.00,4.04708789E+3,
510.1500,4.38717725E+3,
510.300,4.52185059E+3,
510.4500,4.73687891E+3,
510.600,4.91100098E+3,
510.7500,4.74780713E+3,
510.900,4.51695605E+3,
511.0500,4.15560938E+3,
511.200,3.79008228E+3,
511.3500,3.40492114E+3,
511.500,3.40918018E+3,
511.6500,3.13214648E+3,
511.800,2.92944263E+3,
511.9500,2.68712939E+3,
512.100,2.57420581E+3,
512.2500,2.34318311E+3,
512.400,2.41576904E+3,
512.5500,2.38225903E+3,
512.700,2.30567041E+3,
512.8500,2.31502319E+3,
513.00,2.22863257E+3,
513.1500,2.17696997E+3,
513.300,2.16237085E+3,
513.4500,2.13573047E+3,
513.600,2.10542163E+3,
513.7500,2.14481372E+3,
513.900,2.16501001E+3,
514.0500,2.10210303E+3,
514.200,1.95466602E+3,
514.3500,1.92407410E+3,
514.500,2.06268164E+3,
514.6500,2.11926563E+3,
514.800,2.03299097E+3,
514.9500,1.95259790E+3,
515.100,1.98372156E+3,
515.2500,1.99545618E+3,
515.400,2.05221777E+3,
515.5500,2.01897266E+3,
515.700,1.91983154E+3,
515.8500,1.92419653E+3,
516.00,1.99329578E+3,
516.1500,1.92072119E+3,
516.300,1.86757300E+3,
516.4500,1.99072107E+3,
516.600,1.86394495E+3,
516.7500,1.85106702E+3,
516.900,1.79760889E+3,
517.0500,1.78956763E+3,
517.200,1.85542444E+3,
517.3500,1.79199927E+3,
517.500,1.84934180E+3,
517.6500,1.81293628E+3,
517.800,1.91861365E+3,
517.9500,1.78938000E+3,
518.100,1.90394153E+3,
518.2500,1.88606897E+3,
518.400,1.79615662E+3,
518.5500,1.85515942E+3,
518.700,1.71401831E+3,
518.8500,1.87265332E+3,
519.00,1.71253076E+3,
519.1500,1.77049646E+3,
519.300,1.75488416E+3,
519.4500,1.83300854E+3,
519.600,1.74481836E+3,
519.7500,1.75416785E+3,
519.900,1.74346167E+3,
520.0500,1.74907263E+3,
520.200,1.82261682E+3,
520.3500,1.79942017E+3,
520.500,1.74467358E+3,
520.6500,1.76798694E+3,
520.800,1.63985425E+3,
520.9500,1.72122351E+3,
521.100,1.70280237E+3,
521.2500,1.72612012E+3,
521.400,1.62143884E+3,
521.5500,1.81602893E+3,
521.700,1.71374976E+3,
521.8500,1.70789917E+3,
522.00,1.62946777E+3,
522.1500,1.65026831E+3,
522.300,1.73998926E+3,
522.4500,1.82222815E+3,
522.600,1.68987769E+3,
522.7500,1.72871326E+3,
522.900,1.66771313E+3,
523.0500,1.69764880E+3,
523.200,1.65582739E+3,
523.3500,1.70642590E+3,
523.500,1.64264233E+3,
523.6500,1.65082788E+3,
523.800,1.57523340E+3,
523.9500,1.55883374E+3,
524.100,1.62896509E+3,
524.2500,1.71606311E+3,
524.400,1.58067456E+3,
524.5500,1.61475891E+3,
524.700,1.64891089E+3,
524.8500,1.62208850E+3,
525.00,1.52239844E+3,
525.1500,1.58121851E+3,
525.300,1.56719775E+3,
525.4500,1.52706226E+3,
525.600,1.57429993E+3,
525.7500,1.51317041E+3,
525.900,1.61541553E+3,
526.0500,1.61182532E+3,
526.200,1.54666394E+3,
526.3500,1.52072266E+3,
526.500,1.50654260E+3,
526.6500,1.53045776E+3,
526.800,1.51756189E+3,
526.9500,1.49277673E+3,
527.100,1.53926892E+3,
527.2500,1.48687866E+3,
527.400,1.44626147E+3,
527.5500,1.48892456E+3,
527.700,1.39255603E+3,
527.8500,1.48830212E+3,
528.00,1.57097778E+3,
528.1500,1.58078223E+3,
528.300,1.48544812E+3,
528.4500,1.54580090E+3,
528.600,1.46086584E+3,
528.7500,1.54135095E+3,
528.900,1.43614526E+3,
529.0500,1.47927698E+3,
529.200,1.48361108E+3,
529.3500,1.50941504E+3,
529.500,1.45870813E+3,
529.6500,1.49663257E+3,
529.800,1.48751733E+3,
529.9500,1.42986169E+3,
530.100,1.41118164E+3,
530.2500,1.43971790E+3,
530.400,1.39665234E+3,
530.5500,1.43469653E+3,
530.700,1.44571960E+3,
530.8500,1.42691919E+3,
531.00,1.52213123E+3,
531.1500,1.51970349E+3,
531.300,1.56216846E+3,
531.4500,1.41264478E+3,
531.600,1.40189014E+3,
531.7500,1.34196106E+3,
531.900,1.49919287E+3,
532.0500,1.44062134E+3,
532.200,1.47099414E+3,
532.3500,1.41230200E+3,
532.500,1.40289075E+3,
532.6500,1.36459448E+3,
532.800,1.40049634E+3,
532.9500,1.45024585E+3,
533.100,1.42844714E+3,
533.2500,1.42317993E+3,
533.400,1.43586096E+3,
533.5500,1.33234668E+3,
533.700,1.46821619E+3,
533.8500,1.46849304E+3,
534.00,1.49652954E+3,
534.1500,1.39122253E+3,
534.300,1.35245630E+3,
534.4500,1.41667920E+3,
534.600,1.39318298E+3,
534.7500,1.50924341E+3,
534.900,1.34881006E+3,
535.0500,1.34472595E+3,
535.200,1.33361548E+3,
535.3500,1.38277820E+3,
535.500,1.38711743E+3,
535.6500,1.41394971E+3,
535.800,1.45068384E+3,
535.9500,1.46073071E+3,
536.100,1.40875916E+3,
536.2500,1.29314612E+3,
536.400,1.26913635E+3,
536.5500,1.33986218E+3,
536.700,1.25918420E+3,
536.8500,1.34989636E+3,
537.00,1.34995374E+3,
537.1500,1.30174634E+3,
537.300,1.30037341E+3,
537.4500,1.28617432E+3,
537.600,1.33182654E+3,
537.7500,1.44895349E+3,
537.900,1.29480164E+3,
538.0500,1.29911328E+3,
538.200,1.33781384E+3,
538.3500,1.25901135E+3,
538.500,1.34080945E+3,
538.6500,1.30206445E+3,
538.800,1.31070569E+3,
538.9500,1.26318835E+3,
539.100,1.39581873E+3,
539.2500,1.31798560E+3,
539.400,1.41050586E+3,
539.5500,1.23412122E+3,
539.700,1.28039490E+3,
539.8500,1.23541467E+3,
540.00,1.28758875E+3,
540.1500,1.34140430E+3,
540.300,1.31967847E+3,
540.4500,1.36199182E+3,
540.600,1.19293530E+3,
540.7500,1.28775024E+3,
540.900,1.22637585E+3,
541.0500,1.22779004E+3,
541.200,1.30540979E+3,
541.3500,1.33333337E+3,
541.500,1.31432373E+3,
541.6500,1.25262878E+3,
541.800,1.26732446E+3,
541.9500,1.29236572E+3,
542.100,1.23779333E+3,
542.2500,1.32488489E+3,
542.400,1.32197046E+3,
542.5500,1.40342603E+3,
542.700,1.24496362E+3,
542.8500,1.24341541E+3,
543.00,1.29682141E+3,
543.1500,1.28788647E+3,
543.300,1.23128174E+3,
543.4500,1.31763672E+3,
543.600,1.26242017E+3,
543.7500,1.25189111E+3,
543.900,1.25180298E+3,
544.0500,1.25470032E+3,
544.200,1.25759399E+3,
544.3500,1.26799170E+3,
544.500,1.32047034E+3,
544.6500,1.31290442E+3,
544.800,1.35499902E+3,
544.9500,1.40170410E+3,
545.100,1.28406665E+3,
545.2500,1.40484644E+3,
545.400,1.57277368E+3,
545.5500,1.53819763E+3,
545.700,1.43381897E+3,
545.8500,1.36410034E+3,
546.00,1.42637756E+3,
546.1500,1.37636780E+3,
546.300,1.33993567E+3,
546.4500,1.33542651E+3,
546.600,1.32784814E+3,
546.7500,1.34011133E+3,
546.900,1.24071887E+3,
547.0500,1.21463147E+3,
547.200,1.28667883E+3,
547.3500,1.24373718E+3,
547.500,1.25295508E+3,
547.6500,1.29451538E+3,
547.800,1.20055017E+3,
547.9500,1.39026843E+3,
548.100,1.23284290E+3,
548.2500,1.37201514E+3,
548.400,1.38452979E+3,
548.5500,1.57383313E+3,
548.700,1.58816467E+3,
548.8500,1.50304590E+3,
549.00,1.45662024E+3,
549.1500,1.44745032E+3,
549.300,1.48504968E+3,
549.4500,1.44932996E+3,
549.600,1.38693726E+3,
549.7500,1.35883191E+3,
549.900,1.38551184E+3,
550.0500,1.46089075E+3,
550.200,1.47674268E+3,
550.3500,1.59328699E+3,
550.500,1.77623376E+3,
550.6500,1.77672620E+3,
550.800,1.78825977E+3,
550.9500,1.75082910E+3,
551.100,1.99332544E+3,
551.2500,1.86101147E+3,
551.400,1.72838367E+3,
551.5500,1.81927893E+3,
551.700,1.63701343E+3,
551.8500,1.68185681E+3,
552.00,1.62962488E+3,
552.1500,1.61720593E+3,
552.300,1.62071765E+3,
552.4500,1.71695435E+3,
552.600,1.52371350E+3,
552.7500,1.49506055E+3,
552.900,1.46954358E+3,
553.0500,1.42632031E+3,
553.200,1.46827917E+3,
553.3500,1.48940283E+3,
553.500,1.48961426E+3,
553.6500,1.56891211E+3,
553.800,1.38659180E+3,
553.9500,1.52095886E+3,
554.100,1.48879712E+3,
554.2500,1.48088660E+3,
554.400,1.47132776E+3,
554.5500,1.52352429E+3,
554.700,1.53188953E+3,
554.8500,1.58427563E+3,
555.00,1.64820544E+3,
555.1500,1.65018848E+3,
555.300,1.56874170E+3,
555.4500,1.55915698E+3,
555.600,1.66924255E+3,
555.7500,1.67123315E+3,
555.900,1.50721545E+3,
556.0500,1.59787622E+3,
556.200,1.57673291E+3,
556.3500,1.53903601E+3,
556.500,1.65978992E+3,
556.6500,1.62870483E+3,
556.800,1.52635168E+3,
556.9500,1.34419250E+3,
557.100,1.58476624E+3,
557.2500,1.49363452E+3,
557.400,1.62517920E+3,
557.5500,1.67209521E+3,
557.700,1.60239880E+3,
557.8500,1.63436292E+3,
558.00,1.67141138E+3,
558.1500,1.64333667E+3,
558.300,1.60680750E+3,
558.4500,1.72619617E+3,
558.600,1.66951160E+3,
558.7500,1.60091101E+3,
558.900,1.65504626E+3,
559.0500,1.57446802E+3,
559.200,1.73339746E+3,
559.3500,1.82173792E+3,
559.500,1.67679199E+3,
559.6500,1.61449231E+3,
559.800,1.69281531E+3,
559.9500,1.52677197E+3,
560.100,1.62217542E+3,
560.2500,1.62246948E+3,
560.400,1.48639258E+3,
560.5500,1.62645398E+3,
560.700,1.56692981E+3,
560.8500,1.57397571E+3,
561.00,1.51594153E+3,
561.1500,1.53320178E+3,
561.300,1.46979492E+3,
561.4500,1.53688403E+3,
561.600,1.42168323E+3,
561.7500,1.39408594E+3,
561.900,1.38194568E+3,
562.0500,1.31450098E+3,
562.200,1.34893640E+3,
562.3500,1.37652258E+3,
562.500,1.22908191E+3,
562.6500,1.30864978E+3,
562.800,1.36407361E+3,
562.9500,1.32741956E+3,
563.100,1.30642065E+3,
563.2500,1.29935254E+3,
563.400,1.18748413E+3,
563.5500,1.29913538E+3,
563.700,1.23424329E+3,
563.8500,1.28662646E+3,
564.00,1.13028027E+3,
564.1500,1.34796729E+3,
564.300,1.29346167E+3,
564.4500,1.21413550E+3,
564.600,1.21575891E+3,
564.7500,1.25978699E+3,
564.900,1.26146619E+3,
565.0500,1.20644128E+3,
565.200,1.24703479E+3,
565.3500,1.20424805E+3,
565.500,1.25382617E+3,
565.6500,1.19846240E+3,
565.800,1.24993396E+3,
565.9500,1.21762207E+3,
566.100,1.35854272E+3,
566.2500,1.24741235E+3,
566.400,1.31698621E+3,
566.5500,1.20553149E+3,
566.700,1.17283545E+3,
566.8500,1.18321399E+3,
567.00,1.28722949E+3,
567.1500,1.09768640E+3,
567.300,1.24514478E+3,
567.4500,1.28815869E+3,
567.600,1.33850354E+3,
567.7500,1.17708606E+3,
567.900,1.27817432E+3,
568.0500,1.30510901E+3,
568.200,1.35398779E+3,
568.3500,1.37750671E+3,
568.500,1.43569568E+3,
568.6500,1.34991211E+3,
568.800,1.40819995E+3,
568.9500,1.37336377E+3,
569.100,1.39890515E+3,
569.2500,1.41719727E+3,
569.400,1.49610962E+3,
569.5500,1.42265796E+3,
569.700,1.40606677E+3,
569.8500,1.52578979E+3,
570.00,1.45761353E+3,
570.1500,1.42798010E+3,
570.300,1.40936548E+3,
570.4500,1.49810608E+3,
570.600,1.32007422E+3,
570.7500,1.42004785E+3,
570.900,1.30838843E+3,
571.0500,1.39552686E+3,
571.200,1.31143103E+3,
571.3500,1.45466223E+3,
571.500,1.43017798E+3,
571.6500,1.39254932E+3,
571.800,1.37728516E+3,
571.9500,1.27955188E+3,
572.100,1.40670410E+3,
572.2500,1.43089294E+3,
572.400,1.42881335E+3,
572.5500,1.44930969E+3,
572.700,1.40389502E+3,
572.8500,1.42062683E+3,
573.00,1.39017285E+3,
573.1500,1.32947864E+3,
573.300,1.54128931E+3,
573.4500,1.43133032E+3,
573.600,1.43877930E+3,
573.7500,1.44053955E+3,
573.900,1.41756384E+3,
574.0500,1.40405432E+3,
574.200,1.37716394E+3,
574.3500,1.44187048E+3,
574.500,1.53541150E+3,
574.6500,1.40135950E+3,
574.800,1.49698438E+3,
574.9500,1.44314966E+3,
575.100,1.41224426E+3,
575.2500,1.43128027E+3,
575.400,1.39642737E+3,
575.5500,1.50033154E+3,
575.700,1.54849109E+3,
575.8500,1.56969727E+3,
576.00,1.49804724E+3,
576.1500,1.45532288E+3,
576.300,1.55412317E+3,
576.4500,1.62790784E+3,
576.600,1.60461743E+3,
576.7500,1.48973792E+3,
576.900,1.56174841E+3,
577.0500,1.54607019E+3,
577.200,1.64954700E+3,
577.3500,1.47148975E+3,
577.500,1.47715808E+3,
577.6500,1.57698376E+3,
577.800,1.60438037E+3,
577.9500,1.51780579E+3,
578.100,1.62190662E+3,
578.2500,1.48974780E+3,
578.400,1.56837415E+3,
578.5500,1.53064551E+3,
578.700,1.65100806E+3,
578.8500,1.54993420E+3,
579.00,1.54176758E+3,
579.1500,1.56929578E+3,
579.300,1.62865833E+3,
579.4500,1.66428882E+3,
579.600,1.64226575E+3,
579.7500,1.71185889E+3,
579.900,1.67586304E+3,
580.0500,1.64779114E+3,
580.200,1.68768115E+3,
580.3500,1.83776245E+3,
580.500,1.66149451E+3,
580.6500,1.76572937E+3,
580.800,1.77779053E+3,
580.9500,1.64105383E+3,
581.100,1.72955176E+3,
581.2500,1.74570911E+3,
581.400,1.72557190E+3,
581.5500,1.85490332E+3,
581.700,1.82472021E+3,
581.8500,1.79040820E+3,
582.00,1.74789856E+3,
582.1500,1.83933923E+3,
582.300,1.76431763E+3,
582.4500,1.81528516E+3,
582.600,1.77060486E+3,
582.7500,1.81964905E+3,
582.900,1.79732141E+3,
583.0500,1.84856030E+3,
583.200,1.72387292E+3,
583.3500,1.81820825E+3,
583.500,1.91276611E+3,
583.6500,1.90686194E+3,
583.800,2.06346094E+3,
583.9500,2.01857520E+3,
584.100,1.94059705E+3,
584.2500,1.88927454E+3,
584.400,1.89984021E+3,
584.5500,1.85660840E+3,
584.700,1.92931604E+3,
584.8500,1.74491541E+3,
585.00,1.80103162E+3,
585.1500,1.79278198E+3,
585.300,1.97815576E+3,
585.4500,1.99093262E+3,
585.600,1.95781299E+3,
585.7500,1.92460791E+3,
585.900,2.01266443E+3,
586.0500,2.02758862E+3,
586.200,1.98798071E+3,
586.3500,1.99446216E+3,
586.500,1.92108142E+3,
586.6500,1.93800989E+3,
586.800,2.15931421E+3,
586.9500,2.07108789E+3,
587.100,2.05865479E+3,
587.2500,2.07154810E+3,
587.400,2.00193237E+3,
587.5500,1.97452332E+3,
587.700,2.08279004E+3,
587.8500,2.06813818E+3,
588.00,2.05982422E+3,
588.1500,2.11323560E+3,
588.300,2.14971460E+3,
588.4500,2.09882080E+3,
588.600,2.19941455E+3,
588.7500,2.10355396E+3,
588.900,2.03957458E+3,
589.0500,2.05261353E+3,
589.200,2.09578711E+3,
589.3500,2.12187305E+3,
589.500,2.13941211E+3,
589.6500,2.23233057E+3,
589.800,2.03881592E+3,
589.9500,2.07787720E+3,
590.100,2.17549365E+3,
590.2500,2.10037109E+3,
590.400,2.11168530E+3,
590.5500,2.06013086E+3,
590.700,2.07575073E+3,
590.8500,2.22184277E+3,
591.00,2.18327100E+3,
591.1500,2.14467603E+3,
591.300,2.08196631E+3,
591.4500,2.18079150E+3,
591.600,2.19453125E+3,
591.7500,2.17105518E+3,
591.900,2.30106274E+3,
592.0500,2.06894873E+3,
592.200,2.31995508E+3,
592.3500,2.20608423E+3,
592.500,2.37849487E+3,
592.6500,2.14743188E+3,
592.800,2.20968848E+3,
592.9500,2.07519092E+3,
593.100,2.34793604E+3,
593.2500,2.30642358E+3,
593.400,2.24704126E+3,
593.5500,2.30755151E+3,
593.700,2.25246289E+3,
593.8500,2.43344702E+3,
594.00,2.29580981E+3,
594.1500,2.29433350E+3,
594.300,2.35100293E+3,
594.4500,2.21294824E+3,
594.600,2.25618750E+3,
594.7500,2.31525000E+3,
594.900,2.19457593E+3,
595.0500,2.21771362E+3,
595.200,2.15532056E+3,
595.3500,2.17402173E+3,
595.500,2.15659619E+3,
595.6500,2.23192480E+3,
595.800,2.18957983E+3,
595.9500,2.03590137E+3,
596.100,2.14542627E+3,
596.2500,2.19606055E+3,
596.400,2.26733081E+3,
596.5500,2.31368018E+3,
596.700,2.23448535E+3,
596.8500,2.25115747E+3,
597.00,2.33200732E+3,
597.1500,2.36256787E+3,
597.300,2.24620605E+3,
597.4500,2.26292017E+3,
597.600,2.40401367E+3,
597.7500,2.24572681E+3,
597.900,2.33866675E+3,
598.0500,2.49886890E+3,
598.200,2.39560327E+3,
598.3500,2.34768481E+3,
598.500,2.31587891E+3,
598.6500,2.20266309E+3,
598.800,2.27061133E+3,
598.9500,2.18498608E+3,
599.100,2.29977490E+3,
599.2500,2.30978662E+3,
599.400,2.30578662E+3,
599.5500,2.32518115E+3,
599.700,2.15001733E+3,
599.8500,2.23263208E+3,
600.00,2.34131201E+3,
600.1500,2.43174927E+3,
600.300,2.31026563E+3,
600.4500,2.24744873E+3,
600.600,2.37830103E+3,
600.7500,2.28460620E+3,
600.900,2.12899707E+3,
601.0500,2.27930347E+3,
601.200,2.27093042E+3,
601.3500,2.24823096E+3,
601.500,2.44966748E+3,
601.6500,2.42237793E+3,
601.800,2.25382837E+3,
601.9500,2.24051221E+3,
602.100,2.41677246E+3,
602.2500,2.27870142E+3,
602.400,2.24612012E+3,
602.5500,2.44007324E+3,
602.700,2.25790039E+3,
602.8500,2.39682666E+3,
603.00,2.39810010E+3,
603.1500,2.42112964E+3,
603.300,2.27414087E+3,
603.4500,2.41869897E+3,
603.600,2.27124634E+3,
603.7500,2.42353760E+3,
603.900,2.19985840E+3,
604.0500,2.39897217E+3,
604.200,2.62069507E+3,
604.3500,2.44778174E+3,
604.500,2.52514258E+3,
604.6500,2.59779810E+3,
604.800,2.66572241E+3,
604.9500,2.90917920E+3,
605.100,3.20282349E+3,
605.2500,3.35862573E+3,
605.400,3.54464258E+3,
605.5500,4.68013281E+3,
605.700,5.31143604E+3,
605.8500,6.70196533E+3,
606.00,7.97428613E+3,
606.1500,1.11750732E+4,
606.300,1.37649150E+4,
606.4500,1.64077441E+4,
606.600,1.89732109E+4,
606.7500,1.81749238E+4,
606.900,1.66716230E+4,
607.0500,1.33783594E+4,
607.200,9.63824414E+3,
607.3500,7.35875635E+3,
607.500,5.59916602E+3,
607.6500,4.58520947E+3,
607.800,3.98234424E+3,
607.9500,3.53287207E+3,
608.100,3.45161377E+3,
608.2500,3.64071045E+3,
608.400,4.06306006E+3,
608.5500,4.28948926E+3,
608.700,3.92669580E+3,
608.8500,3.77854907E+3,
609.00,3.61964648E+3,
609.1500,3.70777490E+3,
609.300,3.70325635E+3,
609.4500,4.07349585E+3,
609.600,4.58207910E+3,
609.7500,5.11038232E+3,
609.900,5.04304834E+3,
610.0500,5.63100781E+3,
610.200,5.96835254E+3,
610.3500,6.45027148E+3,
610.500,7.19768604E+3,
610.6500,9.01291504E+3,
610.800,1.05114385E+4,
610.9500,1.38163174E+4,
611.100,1.62346865E+4,
611.2500,2.08737051E+4,
611.400,2.43927832E+4,
611.5500,2.82506797E+4,
611.700,3.18110605E+4,
611.8500,3.14108555E+4,
612.00,2.73392422E+4,
612.1500,2.31955527E+4,
612.300,1.72673086E+4,
612.4500,1.53252324E+4,
612.600,1.28693115E+4,
612.7500,1.11978848E+4,
612.900,9.33893945E+3,
613.0500,8.21524707E+3,
613.200,7.12316064E+3,
613.3500,6.96212646E+3,
613.500,6.52809863E+3,
613.6500,6.51685840E+3,
613.800,6.32423584E+3,
613.9500,6.42913281E+3,
614.100,6.65142480E+3,
614.2500,6.42046484E+3,
614.400,6.81793750E+3,
614.5500,6.95203564E+3,
614.700,7.01823730E+3,
614.8500,7.35837305E+3,
615.00,7.48298633E+3,
615.1500,8.01755811E+3,
615.300,7.97887109E+3,
615.4500,8.57391113E+3,
615.600,8.70989453E+3,
615.7500,9.62889063E+3,
615.900,1.02739629E+4,
616.0500,1.03940029E+4,
616.200,1.08202197E+4,
616.3500,1.14984014E+4,
616.500,1.15764502E+4,
616.6500,1.13474287E+4,
616.800,1.12826689E+4,
616.9500,1.06122051E+4,
617.100,9.68418945E+3,
617.2500,9.42248926E+3,
617.400,9.17675391E+3,
617.5500,8.68738770E+3,
617.700,8.50448047E+3,
617.8500,7.88757764E+3,
618.00,7.84726904E+3,
618.1500,7.70500098E+3,
618.300,7.19204004E+3,
618.4500,7.19063672E+3,
618.600,6.76058154E+3,
618.7500,6.52074854E+3,
618.900,6.62701367E+3,
619.0500,6.69925000E+3,
619.200,6.82086035E+3,
619.3500,7.37825244E+3,
619.500,8.02430225E+3,
619.6500,9.11832715E+3,
619.800,1.01409170E+4,
619.9500,1.07547891E+4,
620.100,1.15803887E+4,
620.2500,1.21437217E+4,
620.400,1.24287217E+4,
620.5500,1.25684072E+4,
620.700,1.25268486E+4,
620.8500,1.28844063E+4,
621.00,1.26754785E+4,
621.1500,1.26068584E+4,
621.300,1.28301826E+4,
621.4500,1.25722041E+4,
621.600,1.20347393E+4,
621.7500,1.11984893E+4,
621.900,1.14831396E+4,
622.0500,1.06754971E+4,
622.200,1.00170000E+4,
622.3500,9.83738281E+3,
622.500,9.42052832E+3,
622.6500,9.20915039E+3,
622.800,9.02702637E+3,
622.9500,8.42279492E+3,
623.100,8.30502832E+3,
623.2500,7.94518359E+3,
623.400,7.84127148E+3,
623.5500,8.06740332E+3,
623.700,7.35281494E+3,
623.8500,7.49971777E+3,
624.00,7.39413623E+3,
624.1500,7.11447998E+3,
624.300,7.11213330E+3,
624.4500,6.93507471E+3,
624.600,7.19636621E+3,
624.7500,7.24327686E+3,
624.900,7.19481201E+3,
625.0500,7.27283301E+3,
625.200,7.54315479E+3,
625.3500,7.34037793E+3,
625.500,7.99049121E+3,
625.6500,7.65399463E+3,
625.800,7.50003467E+3,
625.9500,7.47034570E+3,
626.100,7.55323633E+3,
626.2500,7.65527686E+3,
626.400,7.30558887E+3,
626.5500,7.10866016E+3,
626.700,6.66830713E+3,
626.8500,6.51988428E+3,
627.00,6.20954443E+3,
627.1500,5.69834521E+3,
627.300,5.57573535E+3,
627.4500,5.22041602E+3,
627.600,5.08364648E+3,
627.7500,4.97827051E+3,
627.900,4.88207764E+3,
628.0500,4.67013379E+3,
628.200,4.45743359E+3,
628.3500,4.42086279E+3,
628.500,4.25196533E+3,
628.6500,4.25358594E+3,
628.800,4.06427124E+3,
628.9500,4.19194336E+3,
629.100,4.00182837E+3,
629.2500,3.98348877E+3,
629.400,4.10201514E+3,
629.5500,3.96287915E+3,
629.700,4.00322681E+3,
629.8500,3.67311743E+3,
630.00,3.72616919E+3,
630.1500,3.39101904E+3,
630.300,3.48336890E+3,
630.4500,3.46700098E+3,
630.600,3.53664941E+3,
630.7500,3.30462329E+3,
630.900,3.29773853E+3,
631.0500,3.40409741E+3,
631.200,3.39748096E+3,
631.3500,3.43763550E+3,
631.500,3.54494629E+3,
631.6500,3.37065991E+3,
631.800,3.51523047E+3,
631.9500,3.69743799E+3,
632.100,3.72839819E+3,
632.2500,3.41432178E+3,
632.400,3.52959009E+3,
632.5500,3.70644409E+3,
632.700,3.57081909E+3,
632.8500,3.41417285E+3,
633.00,3.48586255E+3,
633.1500,3.57830005E+3,
633.300,3.45493018E+3,
633.4500,3.47200928E+3,
633.600,3.54080273E+3,
633.7500,3.79275830E+3,
633.900,3.64803394E+3,
634.0500,4.09171826E+3,
634.200,3.87758960E+3,
634.3500,4.08346655E+3,
634.500,3.73600684E+3,
634.6500,4.15189893E+3,
634.800,4.18103613E+3,
634.9500,4.11912842E+3,
635.100,4.82989941E+3,
635.2500,4.53695605E+3,
635.400,4.52143262E+3,
635.5500,4.55176025E+3,
635.700,4.87964990E+3,
635.8500,4.39274072E+3,
636.00,4.38026807E+3,
636.1500,4.05444434E+3,
636.300,4.20207520E+3,
636.4500,4.08198901E+3,
636.600,3.61005542E+3,
636.7500,3.80433203E+3,
636.900,3.84460791E+3,
637.0500,3.53869263E+3,
637.200,3.56036792E+3,
637.3500,3.24164868E+3,
637.500,3.19744385E+3,
637.6500,3.30942554E+3,
637.800,3.20319580E+3,
637.9500,3.24258545E+3,
638.100,3.40640649E+3,
638.2500,3.18586255E+3,
638.400,3.11871411E+3,
638.5500,3.29788550E+3,
638.700,3.16059277E+3,
638.8500,3.39596265E+3,
639.00,3.52117236E+3,
639.1500,3.71387183E+3,
639.300,3.55043384E+3,
639.4500,3.82218066E+3,
639.600,4.20327197E+3,
639.7500,4.22306787E+3,
639.900,4.23168506E+3,
640.0500,4.70616992E+3,
640.200,5.00224219E+3,
640.3500,5.03928564E+3,
640.500,5.10670215E+3,
640.6500,5.22741846E+3,
640.800,5.87626416E+3,
640.9500,6.50883398E+3,
641.100,5.65729541E+3,
641.2500,5.70369434E+3,
641.400,5.31383008E+3,
641.5500,5.17932129E+3,
641.700,4.53672803E+3,
641.8500,4.08401855E+3,
642.00,3.88805444E+3,
642.1500,3.51318921E+3,
642.300,3.40037891E+3,
642.4500,2.93739404E+3,
642.600,2.79171948E+3,
642.7500,2.83270532E+3,
642.900,2.50240234E+3,
643.0500,2.53507642E+3,
643.200,2.41865479E+3,
643.3500,2.63617358E+3,
643.500,2.38539502E+3,
643.6500,2.35876880E+3,
643.800,2.16176782E+3,
643.9500,2.06312549E+3,
644.100,2.42525586E+3,
644.2500,2.17533228E+3,
644.400,2.21580518E+3,
644.5500,2.11640625E+3,
644.700,2.20501465E+3,
644.8500,2.17345679E+3,
645.00,2.23032642E+3,
645.1500,2.01726245E+3,
645.300,1.82752722E+3,
645.4500,2.11509375E+3,
645.600,1.96940112E+3,
645.7500,1.94922168E+3,
645.900,1.86777649E+3,
646.0500,2.15382153E+3,
646.200,1.94966626E+3,
646.3500,1.98679236E+3,
646.500,2.23799878E+3,
646.6500,1.92132654E+3,
646.800,2.22305957E+3,
646.9500,2.20724390E+3,
647.100,2.27430371E+3,
647.2500,2.47055518E+3,
647.400,2.18830542E+3,
647.5500,2.15545117E+3,
647.700,2.32338965E+3,
647.8500,2.09768018E+3,
648.00,2.20313354E+3,
648.1500,2.08563452E+3,
648.300,2.07740259E+3,
648.4500,1.80255493E+3,
648.600,2.08201270E+3,
648.7500,1.93346460E+3,
648.900,1.98442200E+3,
649.0500,2.12521460E+3,
649.200,1.93305225E+3,
649.3500,2.01863342E+3,
649.500,2.01008191E+3,
649.6500,1.81209839E+3,
649.800,1.92813831E+3,
649.9500,2.00144409E+3,
650.100,2.12282397E+3,
650.2500,1.99730017E+3,
650.400,2.30202051E+3,
650.5500,2.52958276E+3,
650.700,2.81934937E+3,
650.8500,3.35572144E+3,
651.00,3.31491260E+3,
651.1500,4.20257959E+3,
651.300,4.84285742E+3,
651.4500,5.31363232E+3,
651.600,5.48966455E+3,
651.7500,6.10611230E+3,
651.900,5.82180957E+3,
652.0500,5.44243457E+3,
652.200,5.17746143E+3,
652.3500,4.61103564E+3,
652.500,3.55250269E+3,
652.6500,3.28141309E+3,
652.800,2.95945654E+3,
652.9500,2.62699878E+3,
653.100,2.61023853E+3,
653.2500,2.49800757E+3,
653.400,2.57644751E+3,
653.5500,2.34955347E+3,
653.700,2.52401099E+3,
653.8500,2.50676367E+3,
654.00,2.48483374E+3,
654.1500,2.73449536E+3,
654.300,2.55617578E+3,
654.4500,2.55739111E+3,
654.600,2.84134131E+3,
654.7500,2.68987793E+3,
654.900,2.58893091E+3,
655.0500,2.66486499E+3,
655.200,2.70842407E+3,
655.3500,2.67715234E+3,
655.500,2.51884180E+3,
655.6500,2.39747217E+3,
655.800,2.48325098E+3,
655.9500,2.40380249E+3,
656.100,2.33344922E+3,
656.2500,2.16768286E+3,
656.400,2.34419751E+3,
656.5500,2.26362769E+3,
656.700,2.26883813E+3,
656.8500,2.18290601E+3,
657.00,2.13022754E+3,
657.1500,2.34726294E+3,
657.300,2.08218799E+3,
657.4500,2.22262573E+3,
657.600,2.41709546E+3,
657.7500,2.34002588E+3,
657.900,2.40887524E+3,
658.0500,2.31675757E+3,
658.200,2.45450195E+3,
658.3500,2.47011304E+3,
658.500,2.52024292E+3,
658.6500,2.48672192E+3,
658.800,2.33927637E+3,
658.9500,2.23574243E+3,
659.100,2.01740576E+3,
659.2500,2.07196094E+3,
659.400,1.95702222E+3,
659.5500,2.11175317E+3,
659.700,1.76561304E+3,
659.8500,1.90049524E+3,
660.00,1.76890442E+3,
660.1500,1.81353809E+3,
660.300,1.89381824E+3,
660.4500,2.00493140E+3,
660.600,1.98936609E+3,
660.7500,2.07061768E+3,
660.900,2.11135156E+3,
661.0500,2.22917505E+3,
661.200,2.19867432E+3,
661.3500,2.40489551E+3,
661.500,2.42111133E+3,
661.6500,2.46844629E+3,
661.800,2.64568726E+3,
661.9500,2.82379004E+3,
662.100,2.94022974E+3,
662.2500,2.96317871E+3,
662.400,2.66664990E+3,
662.5500,2.72051489E+3,
662.700,2.51665430E+3,
662.8500,2.38038159E+3,
663.00,2.27516772E+3,
663.1500,2.21707959E+3,
663.300,2.16400854E+3,
663.4500,1.96676208E+3,
663.600,2.01965942E+3,
663.7500,1.88534253E+3,
663.900,1.40673059E+3,
664.0500,1.50164307E+3,
664.200,1.53220703E+3,
664.3500,1.38985205E+3,
664.500,1.29017688E+3,
664.6500,1.29326282E+3,
664.800,1.39439832E+3,
664.9500,1.32129724E+3,
665.100,1.16572766E+3,
665.2500,1.24529663E+3,
665.400,1.25375342E+3,
665.5500,1.33940967E+3,
665.700,1.07186450E+3,
665.8500,1.25717273E+3,
666.00,1.15468555E+3,
666.1500,1.03502087E+3,
666.300,1.05422498E+3,
666.4500,1.11824792E+3,
666.600,1.19938440E+3,
666.7500,1.05618323E+3,
666.900,1.12628687E+3,
667.0500,1.25882263E+3,
667.200,1.05249817E+3,
667.3500,1.02100928E+3,
667.500,9.83676514E+2,
667.6500,9.86057373E+2,
667.800,9.71302612E+2,
667.9500,1.01374725E+3,
668.100,1.05645581E+3,
668.2500,9.90039978E+2,
668.400,8.25186462E+2,
668.5500,1.02973950E+3,
668.700,1.00333588E+3,
668.8500,9.07021973E+2,
669.00,9.50110657E+2,
669.1500,9.52595947E+2,
669.300,1.07227588E+3,
669.4500,8.81216553E+2,
669.600,9.54206787E+2,
669.7500,9.50802246E+2,
669.900,9.29612366E+2,
670.0500,9.55787415E+2,
670.200,9.70172119E+2,
670.3500,8.47374695E+2,
670.500,9.99148682E+2,
670.6500,9.05770691E+2,
670.800,8.17914063E+2,
670.9500,9.58726807E+2,
671.100,8.82552917E+2,
671.2500,1.01804822E+3,
671.400,7.77572815E+2,
671.5500,1.01699591E+3,
671.700,7.87527100E+2,
671.8500,8.20075134E+2,
672.00,7.79159119E+2,
672.1500,9.77814392E+2,
672.300,8.26038757E+2,
672.4500,8.83627563E+2,
672.600,8.79547241E+2,
672.7500,8.00937195E+2,
672.900,1.00823688E+3,
673.0500,9.17087585E+2,
673.200,1.03190454E+3,
673.3500,8.77699524E+2,
673.500,8.17003357E+2,
673.6500,8.75707092E+2,
673.800,9.53639465E+2,
673.9500,8.29359863E+2,
674.100,9.58381958E+2,
674.2500,8.71736877E+2,
674.400,8.22922180E+2,
674.5500,9.46530762E+2,
674.700,9.10472229E+2,
674.8500,8.29227478E+2,
675.00,1.03112219E+3,
675.1500,1.05317957E+3,
675.300,8.35658813E+2,
675.4500,8.63807312E+2,
675.600,8.33492004E+2,
675.7500,8.42186218E+2,
675.900,8.77104248E+2,
676.0500,8.92520569E+2,
676.200,8.75135742E+2,
676.3500,9.30224243E+2,
676.500,8.53303955E+2,
676.6500,8.09134338E+2,
676.800,7.71374573E+2,
676.9500,8.66759949E+2,
677.100,7.48726318E+2,
677.2500,8.24443848E+2,
677.400,6.92221741E+2,
677.5500,8.55782959E+2,
677.700,9.45891907E+2,
677.8500,7.31629395E+2,
678.00,7.53954468E+2,
678.1500,7.08247681E+2,
678.300,7.37403320E+2,
678.4500,7.11943909E+2,
678.600,8.09889465E+2,
678.7500,6.46850037E+2,
678.900,8.90017761E+2,
679.0500,7.88567322E+2,
679.200,6.58821838E+2,
679.3500,6.18792480E+2,
679.500,7.59788574E+2,
679.6500,7.75713928E+2,
679.800,7.42671204E+2,
679.9500,6.81359497E+2,
680.100,5.58255066E+2,
680.2500,8.07810242E+2,
680.400,5.89770447E+2,
680.5500,6.12778687E+2,
680.700,6.35912537E+2,
680.8500,6.37675964E+2,
681.00,6.96924072E+2,
681.1500,6.91628967E+2,
681.300,5.49039551E+2,
681.4500,6.51962341E+2,
681.600,6.17432251E+2,
681.7500,5.02586517E+2,
681.900,7.08477661E+2,
682.0500,7.03090515E+2,
682.200,6.16868225E+2,
682.3500,7.73171509E+2,
682.500,7.30964233E+2,
682.6500,6.51507263E+2,
682.800,7.05238098E+2,
682.9500,7.36927551E+2,
683.100,7.76232361E+2,
683.2500,7.85801331E+2,
683.400,7.35386963E+2,
683.5500,6.16978455E+2,
683.700,6.86539490E+2,
683.8500,9.00201172E+2,
684.00,6.90244995E+2,
684.1500,6.92110413E+2,
684.300,6.02466736E+2,
684.4500,7.64680115E+2,
684.600,7.82085449E+2,
684.7500,7.61139526E+2,
684.900,7.24658508E+2,
685.0500,7.73002625E+2,
685.200,8.13852478E+2,
685.3500,8.08287170E+2,
685.500,6.70204651E+2,
685.6500,5.46997192E+2,
685.800,5.71989380E+2,
685.9500,7.14967590E+2,
686.100,6.61760254E+2,
686.2500,6.63553650E+2,
686.400,4.03965027E+2,
686.5500,7.46582886E+2,
686.700,7.08791809E+2,
686.8500,7.82588867E+2,
687.00,6.64607910E+2,
687.1500,7.06579651E+2,
687.300,7.08520081E+2,
687.4500,7.42762939E+2,
687.600,6.80040894E+2,
687.7500,6.33205505E+2,
687.900,6.18670654E+2,
688.0500,6.77515381E+2,
688.200,7.85793335E+2,
688.3500,6.56634521E+2,
688.500,7.81906433E+2,
688.6500,7.01534607E+2,
688.800,8.02788025E+2,
688.9500,6.55627441E+2,
689.100,7.07349731E+2,
689.2500,6.25827332E+2,
689.400,6.35896240E+2,
689.5500,6.20845703E+2,
689.700,6.89837830E+2,
689.8500,6.57975037E+2,
690.00,5.83641907E+2,
690.1500,6.53067993E+2,
690.300,5.01752930E+2,
690.4500,6.31017822E+2,
690.600,6.24173401E+2,
690.7500,5.22980591E+2,
690.900,6.70540588E+2,
691.0500,6.29260742E+2,
691.200,6.30979309E+2,
691.3500,6.67371948E+2,
691.500,5.64906311E+2,
691.6500,4.88020874E+2,
691.800,4.89356873E+2,
691.9500,4.38123810E+2,
692.100,5.88699463E+2,
692.2500,4.75780609E+2,
692.400,6.97968262E+2,
692.5500,5.84720154E+2,
692.700,5.41915344E+2,
692.8500,4.45419922E+2,
693.00,4.55584442E+2,
693.1500,4.29959015E+2,
693.300,6.28739807E+2,
693.4500,5.67417114E+2,
693.600,5.87036072E+2,
693.7500,4.07525055E+2,
693.900,5.63022156E+2,
694.0500,4.55298553E+2,
694.200,5.38733337E+2,
694.3500,5.86000427E+2,
694.500,5.60073364E+2,
694.6500,3.95896942E+2,
694.800,5.63173340E+2,
694.9500,4.53637512E+2,
695.100,4.45625092E+2,
695.2500,5.58603210E+2,
695.400,6.90890564E+2,
695.5500,6.55392029E+2,
695.700,6.76025574E+2,
695.8500,5.93197754E+2,
696.00,6.51534363E+2,
696.1500,7.76470703E+2,
696.300,7.02693665E+2,
696.4500,6.18974670E+2,
696.600,6.49372986E+2,
696.7500,5.36290710E+2,
696.900,7.01073669E+2,
697.0500,4.81535980E+2,
697.200,6.56699036E+2,
697.3500,6.48830811E+2,
697.500,7.76867432E+2,
697.6500,7.01118042E+2,
697.800,8.98355652E+2,
697.9500,9.49808411E+2,
698.100,9.91723633E+2,
698.2500,1.04371411E+3,
698.400,7.40533936E+2,
698.5500,1.10894434E+3,
698.700,1.11203833E+3,
698.8500,1.08527258E+3,
699.00,7.88771484E+2,
699.1500,9.31184753E+2,
699.300,6.82795837E+2,
699.4500,7.95500000E+2,
699.600,7.77562988E+2,
699.7500,6.68377380E+2,
699.900,6.49968567E+2,
700.0500,5.09223114E+2,
700.200,6.63836792E+2,
700.3500,5.32551575E+2,
700.500,5.85389160E+2,
700.6500,4.63442078E+2,
700.800,5.16375977E+2,
700.9500,5.59248779E+2,
701.100,4.67313965E+2,
701.2500,4.47749329E+2,
701.400,3.96754547E+2,
701.5500,5.75801331E+2,
701.700,6.40344238E+2,
701.8500,5.36819153E+2,
702.00,6.64926086E+2,
702.1500,6.56143677E+2,
702.300,6.89755310E+2,
702.4500,5.53300842E+2,
702.600,6.29487183E+2,
702.7500,8.13066772E+2,
702.900,7.72368164E+2,
703.0500,8.71310669E+2,
703.200,6.14886658E+2,
703.3500,7.24816162E+2,
703.500,6.29238098E+2,
703.6500,7.18069885E+2,
703.800,7.41937927E+2,
703.9500,8.42534058E+2,
704.100,6.80390259E+2,
704.2500,6.71402161E+2,
704.400,7.94829407E+2,
704.5500,1.12935461E+3,
704.700,9.43931335E+2,
704.8500,1.16950708E+3,
705.00,1.08362476E+3,
705.1500,9.52388916E+2,
705.300,1.04512183E+3,
705.4500,7.21364990E+2,
705.600,9.04392517E+2,
705.7500,7.93703674E+2,
705.900,7.27839539E+2,
706.0500,8.78279419E+2,
706.200,7.77894775E+2,
706.3500,8.71959229E+2,
706.500,6.90408081E+2,
706.6500,9.23248352E+2,
706.800,9.14386597E+2,
706.9500,8.70644104E+2,
707.100,1.17590686E+3,
707.2500,1.22605957E+3,
707.400,9.36882080E+2,
707.5500,1.29199414E+3,
707.700,1.31935376E+3,
707.8500,1.22871948E+3,
708.00,1.56412317E+3,
708.1500,1.25966626E+3,
708.300,1.44207507E+3,
708.4500,1.41039185E+3,
708.600,1.16274756E+3,
708.7500,1.17814038E+3,
708.900,1.09716370E+3,
709.0500,9.06840759E+2,
709.200,8.60856140E+2,
709.3500,8.26769165E+2,
709.500,8.77833069E+2,
709.6500,7.70239502E+2,
709.800,8.70461548E+2,
709.9500,7.99120972E+2,
710.100,8.13639221E+2,
710.2500,7.66407043E+2,
710.400,4.95802765E+2,
710.5500,6.96014709E+2,
710.700,5.48360901E+2,
710.8500,7.99793213E+2,
711.00,7.51854736E+2,
711.1500,8.29343933E+2,
711.300,6.93045288E+2,
711.4500,7.32887329E+2,
711.600,7.72947510E+2,
711.7500,5.46387451E+2,
711.900,6.88081299E+2,
712.0500,8.43354004E+2,
712.200,8.45754333E+2,
712.3500,5.91143799E+2,
712.500,7.99030273E+2,
712.6500,5.94521301E+2,
712.800,8.16561523E+2,
712.9500,6.36919434E+2,
713.100,7.82096680E+2,
713.2500,7.18925232E+2,
713.400,7.60260559E+2,
713.5500,8.01822754E+2,
713.700,5.14077332E+2,
713.8500,7.27014282E+2,
714.00,7.29055603E+2,
714.1500,6.64611877E+2,
714.300,6.66452209E+2,
714.4500,5.61371277E+2,
714.600,7.37168396E+2,
714.7500,6.58573669E+2,
714.900,7.95181335E+2,
715.0500,7.02807861E+2,
715.200,7.31934875E+2,
715.3500,5.70919312E+2,
715.500,4.77135254E+2,
715.6500,4.64838654E+2,
715.800,2.46800812E+2,
715.9500,6.18783325E+2,
716.100,3.72354980E+2,
716.2500,4.28776398E+2,
716.400,4.30039642E+2,
716.5500,4.59133881E+2,
716.700,5.30260315E+2,
716.8500,6.15799927E+2,
717.00,4.49179565E+2,
717.1500,5.06797607E+2,
717.300,4.51798645E+2,
717.4500,6.37194153E+2,
717.600,3.55029968E+2,
717.7500,5.55465149E+2,
717.900,4.14246826E+2,
718.0500,4.15451202E+2,
718.200,4.45377014E+2,
718.3500,4.32247620E+2,
718.500,5.20188232E+2,
718.6500,3.76773163E+2,
718.800,5.81320801E+2,
718.9500,4.08098206E+2,
719.100,4.82348358E+2,
719.2500,4.98381012E+2,
719.400,7.20304382E+2,
719.5500,7.81329346E+2,
719.700,5.61799683E+2,
719.8500,6.37539734E+2,
720.00,6.69103760E+2,
720.1500,6.56094421E+2,
720.300,7.62636169E+2,
720.4500,7.19819031E+2,
720.600,3.91013275E+2,
720.7500,4.37374634E+2,
720.900,6.04999207E+2,
721.0500,6.21884949E+2,
721.200,7.75731628E+2,
721.3500,7.01641968E+2,
721.500,7.95387451E+2,
721.6500,7.82284912E+2,
721.800,7.07575378E+2,
721.9500,7.86695129E+2,
722.100,4.79511780E+2,
722.2500,9.15127014E+2,
722.400,8.08772034E+2,
722.5500,4.52287750E+2,
722.700,7.66316528E+2,
722.8500,6.11608032E+2,
723.00,6.44748108E+2,
723.1500,6.46552124E+2,
723.300,6.79989624E+2,
723.4500,6.34321411E+2,
723.600,6.52003540E+2,
723.7500,8.13306641E+2,
723.900,4.95753265E+2,
724.0500,6.89611877E+2,
724.200,8.20283325E+2,
724.3500,8.22664490E+2,
724.500,6.95634827E+2,
724.6500,8.43681335E+2,
724.800,8.78682678E+2,
724.9500,7.34370911E+2,
725.100,9.32894531E+2,
725.2500,1.05048083E+3,
725.400,9.54747681E+2,
725.5500,1.32069922E+3,
725.700,7.94712158E+2,
725.8500,9.46454285E+2,
726.00,1.19898828E+3,
726.1500,8.01563171E+2,
726.300,6.36348450E+2,
726.4500,7.72476685E+2,
726.600,6.56764465E+2,
726.7500,4.89735809E+2,
726.900,6.60463745E+2,
727.0500,4.24556488E+2,
727.200,3.06520721E+2,
727.3500,4.26894318E+2,
727.500,4.96561096E+2,
727.6500,5.15100403E+2,
727.800,4.13217468E+2,
727.9500,2.58974274E+2,
728.100,4.15494904E+2,
728.2500,3.47192078E+2,
728.400,4.35177826E+2,
728.5500,4.53824219E+2,
728.700,6.65099792E+2,
728.8500,6.84475586E+2,
729.00,6.51157898E+2,
729.1500,5.64739258E+2,
729.300,5.48622681E+2,
729.4500,5.14666016E+2,
729.600,5.33906921E+2,
729.7500,4.46171997E+2,
729.900,3.04250397E+2,
730.0500,3.58953705E+2,
730.200,3.05982086E+2,
730.3500,3.06856934E+2,
730.500,1.99122879E+2,
730.6500,4.17541534E+2,
730.800,4.36945557E+2,
730.9500,4.92975739E+2,
731.100,5.30985535E+2,
731.2500,4.03942352E+2,
731.400,4.78722656E+2,
731.5500,3.50815674E+2,
731.700,5.36956787E+2,
731.8500,5.19896423E+2,
732.00,5.95837097E+2,
732.1500,5.78807800E+2,
732.300,4.68067688E+2,
732.4500,5.25683044E+2,
732.600,4.89483185E+2,
732.7500,4.34202271E+2,
732.900,7.38295776E+2,
733.0500,5.88487671E+2,
733.200,7.99560303E+2,
733.3500,7.82732605E+2,
733.500,9.57257324E+2,
733.6500,1.07517139E+3,
733.800,1.36703589E+3,
733.9500,1.79571667E+3,
734.100,1.47167639E+3,
734.2500,1.82547717E+3,
734.400,1.57755859E+3,
734.5500,1.73837476E+3,
734.700,2.13517896E+3,
734.8500,1.21802307E+3,
735.00,1.41857971E+3,
735.1500,9.68173157E+2,
735.300,1.08982385E+3,
735.4500,1.09293518E+3,
735.600,1.31527087E+3,
735.7500,9.39312805E+2,
735.900,1.16247449E+3,
736.0500,7.83876282E+2,
736.200,5.84489624E+2,
736.3500,7.67996948E+2,
736.500,7.29586670E+2,
736.6500,8.53540344E+2,
736.800,1.01893365E+3,
736.9500,1.08306421E+3,
737.100,9.83514282E+2,
737.2500,1.31480188E+3,
737.400,1.44185254E+3,
737.5500,1.63152246E+3,
737.700,1.92572021E+3,
737.8500,1.80623779E+3,
738.00,2.31060205E+3,
738.1500,2.62952490E+3,
738.300,2.78268188E+3,
738.4500,2.74782690E+3,
738.600,3.15439819E+3,
738.7500,2.63538086E+3,
738.900,3.08599976E+3,
739.0500,3.51778638E+3,
739.200,2.99582446E+3,
739.3500,3.25930933E+3,
739.500,3.33193677E+3,
739.6500,2.99805664E+3,
739.800,1.78209253E+3,
739.9500,1.48539734E+3,
740.100,1.72688342E+3,
740.2500,1.47190967E+3,
740.400,1.38916333E+3,
740.5500,1.08829163E+3,
740.700,1.24409497E+3,
740.8500,6.56605713E+2,
741.00,7.02327209E+2,
741.1500,6.60261902E+2,
741.300,5.07608734E+2,
741.4500,4.64759521E+2,
741.600,1.10965527E+3,
741.7500,5.11866333E+2,
741.900,4.24028259E+2,
742.0500,4.47581879E+2,
742.200,3.36598450E+2,
742.3500,3.15013092E+2,
742.500,3.83557495E+2,
742.6500,2.71484863E+2,
742.800,4.53709625E+2,
742.9500,6.14181519E+2,
743.100,4.33385590E+2,
743.2500,4.11702484E+2,
743.400,3.44028290E+2,
743.5500,4.36967651E+2,
743.700,2.53677856E+2,
743.8500,2.54377167E+2,
744.00,4.63780365E+2,
744.1500,1.86027893E+2,
744.300,5.36318115E+2,
744.4500,7.01493912E+1,
744.600,3.75173462E+2,
744.7500,3.05679596E+2,
744.900,5.18750549E+2,
745.0500,1.89160156E+2,
745.200,5.45321350E+2,
745.3500,5.94361816E+2,
745.500,5.00631073E+2,
745.6500,3.10764526E+2,
745.800,6.95146729E+2,
745.9500,7.45129822E+2,
746.100,5.30210571E+2,
746.2500,7.24911133E+2,
746.400,7.51042786E+2,
746.5500,7.77308044E+2,
746.700,8.03708313E+2,
746.8500,9.76758301E+2,
747.00,7.58984009E+2,
747.1500,8.83584290E+2,
747.300,5.41306519E+2,
747.4500,6.41312988E+2,
747.600,5.43996826E+2,
747.7500,4.95771729E+2,
747.900,3.97604462E+2,
748.0500,2.98944092E+2,
748.200,3.49631256E+2,
748.3500,3.00426178E+2,
748.500,3.01171051E+2,
748.6500,2.76758820E+2,
748.800,4.79225311E+2,
748.9500,3.79276367E+2,
749.100,4.81668182E+2,
749.2500,3.55859680E+2,
749.400,6.11674133E+2,
749.5500,7.41081299E+2,
749.700,3.33097565E+2,
749.8500,4.36755676E+2,
750.00,3.34885101E+2,
