Labels,32C_100_675K,
Type,Emission Scan,
Comment,,
Start,450.00,
Stop,750.00,
Step,0.150,
Fixed/Offset,248.400,
Xaxis,Wavelength,
Yaxis,Counts,
Scan Corr. by File,True,
Corr. by Ref. Det.,False,
Fixed/Offset Corr. by File,False,
Repeats,1,
Dwell Time,0.20,
Lamp,Xe,
Temp,27.350,
Scan Polariser,None,
Scan Slit,0.2520,
Fixed/Offset Polariser,None,
Fixed/Offset Slit,2.9970,
Detector,Red PMT,

450.00,1.00751752E+3,
450.1500,1.11119434E+3,
450.300,1.08675391E+3,
450.4500,8.76201538E+2,
450.600,7.84504395E+2,
450.7500,7.47112122E+2,
450.900,7.72693604E+2,
451.0500,6.92476563E+2,
451.200,7.27477356E+2,
451.3500,6.78292786E+2,
451.500,7.45070190E+2,
451.6500,7.14943542E+2,
451.800,7.48367310E+2,
451.9500,7.29358521E+2,
452.100,8.34997375E+2,
452.2500,8.67671265E+2,
452.400,9.20506165E+2,
452.5500,9.04090210E+2,
452.700,8.53565002E+2,
452.8500,8.01931152E+2,
453.00,7.60010498E+2,
453.1500,7.48986206E+2,
453.300,7.65579712E+2,
453.4500,7.92597717E+2,
453.600,7.10870972E+2,
453.7500,7.46927429E+2,
453.900,7.57278381E+2,
454.0500,7.16981567E+2,
454.200,7.44240356E+2,
454.3500,7.18671753E+2,
454.500,7.81795471E+2,
454.6500,7.49185608E+2,
454.800,7.31324036E+2,
454.9500,7.26494019E+2,
455.100,7.52434265E+2,
455.2500,7.38701111E+2,
455.400,7.33525269E+2,
455.5500,7.06374573E+2,
455.700,7.02914307E+2,
455.8500,7.14499451E+2,
456.00,7.36770508E+2,
456.1500,7.19645874E+2,
456.300,7.64123169E+2,
456.4500,7.43123474E+2,
456.600,8.57968384E+2,
456.7500,8.78522400E+2,
456.900,8.14412903E+2,
457.0500,7.98944275E+2,
457.200,8.11994690E+2,
457.3500,8.37664917E+2,
457.500,8.55449768E+2,
457.6500,8.02500977E+2,
457.800,8.44132202E+2,
457.9500,8.29271667E+2,
458.100,8.79149902E+2,
458.2500,8.64549805E+2,
458.400,8.68505920E+2,
458.5500,8.24923584E+2,
458.700,8.35153442E+2,
458.8500,7.76568298E+2,
459.00,7.83388916E+2,
459.1500,7.73585327E+2,
459.300,7.87657532E+2,
459.4500,7.38950317E+2,
459.600,8.18988281E+2,
459.7500,7.30814270E+2,
459.900,8.68466553E+2,
460.0500,7.50808838E+2,
460.200,7.92617004E+2,
460.3500,7.45499451E+2,
460.500,7.41186707E+2,
460.6500,8.28187134E+2,
460.800,8.30414795E+2,
460.9500,8.34903625E+2,
461.100,8.50905701E+2,
461.2500,8.73675964E+2,
461.400,8.71682495E+2,
461.5500,8.30693848E+2,
461.700,9.23341797E+2,
461.8500,9.16816650E+2,
462.00,9.98629517E+2,
462.1500,1.02212408E+3,
462.300,1.05756580E+3,
462.4500,1.15298364E+3,
462.600,1.06462122E+3,
462.7500,1.14863489E+3,
462.900,1.01200439E+3,
463.0500,1.01686780E+3,
463.200,9.51779724E+2,
463.3500,9.43000183E+2,
463.500,1.00407764E+3,
463.6500,8.84895020E+2,
463.800,8.27211548E+2,
463.9500,8.79631775E+2,
464.100,7.91510010E+2,
464.2500,8.22729431E+2,
464.400,7.63781860E+2,
464.5500,7.99174011E+2,
464.700,7.95394531E+2,
464.8500,7.69533203E+2,
465.00,7.84757996E+2,
465.1500,7.91757690E+2,
465.300,7.81990540E+2,
465.4500,7.73309082E+2,
465.600,8.12652771E+2,
465.7500,8.38329285E+2,
465.900,8.21300842E+2,
466.0500,8.30356384E+2,
466.200,8.71665649E+2,
466.3500,9.26319092E+2,
466.500,8.91940857E+2,
466.6500,1.05169849E+3,
466.800,1.24812134E+3,
466.9500,1.39254700E+3,
467.100,1.61178125E+3,
467.2500,1.71968347E+3,
467.400,1.83348853E+3,
467.5500,1.43697314E+3,
467.700,1.44140271E+3,
467.8500,1.26293103E+3,
468.00,1.22266638E+3,
468.1500,1.09909387E+3,
468.300,1.01345990E+3,
468.4500,1.02365002E+3,
468.600,9.32171082E+2,
468.7500,1.00437946E+3,
468.900,8.68466980E+2,
469.0500,8.49435791E+2,
469.200,9.64241699E+2,
469.3500,9.36171143E+2,
469.500,9.79949585E+2,
469.6500,9.07454163E+2,
469.800,8.85560669E+2,
469.9500,9.29288330E+2,
470.100,9.30705078E+2,
470.2500,8.41473572E+2,
470.400,7.96664795E+2,
470.5500,8.02239502E+2,
470.700,7.74612183E+2,
470.8500,7.96284302E+2,
471.00,7.88793701E+2,
471.1500,7.69402832E+2,
471.300,8.21316528E+2,
471.4500,7.29666992E+2,
471.600,6.98286255E+2,
471.7500,7.22090454E+2,
471.900,7.69938660E+2,
472.0500,7.21584045E+2,
472.200,7.49482971E+2,
472.3500,7.24277039E+2,
472.500,7.23119873E+2,
472.6500,7.99067078E+2,
472.800,8.01900696E+2,
472.9500,9.19838745E+2,
473.100,1.02778650E+3,
473.2500,1.13974182E+3,
473.400,1.26167749E+3,
473.5500,1.16249268E+3,
473.700,1.12334937E+3,
473.8500,9.27184570E+2,
474.00,8.59075073E+2,
474.1500,7.91058594E+2,
474.300,7.89048096E+2,
474.4500,7.66036560E+2,
474.600,7.62026367E+2,
474.7500,7.25015686E+2,
474.900,7.14006226E+2,
475.0500,7.38019043E+2,
475.200,7.11073303E+2,
475.3500,7.21129700E+2,
475.500,7.04180542E+2,
475.6500,7.03233887E+2,
475.800,7.15292114E+2,
475.9500,7.48361938E+2,
476.100,7.19432556E+2,
476.2500,6.86507446E+2,
476.400,7.16628296E+2,
476.5500,7.44754761E+2,
476.700,7.41852844E+2,
476.8500,7.00900757E+2,
477.00,7.15015198E+2,
477.1500,6.84122253E+2,
477.300,7.69431091E+2,
477.4500,7.26509888E+2,
477.600,7.87808411E+2,
477.7500,7.56901123E+2,
477.900,6.48769226E+2,
478.0500,6.93065613E+2,
478.200,7.37441650E+2,
478.3500,7.23633911E+2,
478.500,7.07807983E+2,
478.6500,7.05026550E+2,
478.800,7.44437073E+2,
478.9500,7.30608887E+2,
479.100,7.18831848E+2,
479.2500,7.35230835E+2,
479.400,7.50636169E+2,
479.5500,8.08331848E+2,
479.700,7.42205933E+2,
479.8500,7.56621643E+2,
480.00,7.54921387E+2,
480.1500,8.48030212E+2,
480.300,7.87881775E+2,
480.4500,8.79066956E+2,
480.600,9.07729431E+2,
480.7500,9.30354431E+2,
480.900,9.45923157E+2,
481.0500,1.05956885E+3,
481.200,9.79095764E+2,
481.3500,9.61290100E+2,
481.500,9.47517029E+2,
481.6500,8.91196167E+2,
481.800,8.30774536E+2,
481.9500,8.65575989E+2,
482.100,8.11200134E+2,
482.2500,7.80119263E+2,
482.400,8.69783508E+2,
482.5500,8.47835938E+2,
482.700,9.02053772E+2,
482.8500,8.84162354E+2,
483.00,9.09972473E+2,
483.1500,9.71507629E+2,
483.300,9.16056152E+2,
483.4500,8.86001770E+2,
483.600,8.09041016E+2,
483.7500,8.15593506E+2,
483.900,8.48671936E+2,
484.0500,7.98117981E+2,
484.200,8.47627869E+2,
484.3500,8.39971436E+2,
484.500,8.55820557E+2,
484.6500,8.43039551E+2,
484.800,8.34335449E+2,
484.9500,7.77474670E+2,
485.100,8.07705505E+2,
485.2500,8.08249329E+2,
485.400,7.60551086E+2,
485.5500,7.71329773E+2,
485.700,7.26621826E+2,
485.8500,7.51785645E+2,
486.00,6.92593140E+2,
486.1500,7.82663086E+2,
486.300,7.68770996E+2,
486.4500,7.10515015E+2,
486.600,7.61561462E+2,
486.7500,7.56913147E+2,
486.900,7.72922363E+2,
487.0500,7.52743286E+2,
487.200,7.54229309E+2,
487.3500,7.36045471E+2,
487.500,7.62379272E+2,
487.6500,7.66976563E+2,
487.800,7.72614136E+2,
487.9500,8.30140442E+2,
488.100,7.90113098E+2,
488.2500,8.13397766E+2,
488.400,7.82657532E+2,
488.5500,8.24678345E+2,
488.700,8.46973083E+2,
488.8500,8.44303894E+2,
489.00,8.76003357E+2,
489.1500,8.80726196E+2,
489.300,8.94839050E+2,
489.4500,8.98531250E+2,
489.600,8.61499817E+2,
489.7500,8.72484802E+2,
489.900,8.67797913E+2,
490.0500,8.74656616E+2,
490.200,9.01508118E+2,
490.3500,8.62382813E+2,
490.500,9.74200684E+2,
490.6500,9.08828369E+2,
490.800,9.10569641E+2,
490.9500,9.64862915E+2,
491.100,9.76168091E+2,
491.2500,1.02962915E+3,
491.400,1.04629761E+3,
491.5500,1.17688208E+3,
491.700,1.17786194E+3,
491.8500,1.25806189E+3,
492.00,1.14175452E+3,
492.1500,1.19877600E+3,
492.300,1.15317139E+3,
492.4500,1.04919885E+3,
492.600,1.12854651E+3,
492.7500,1.09443604E+3,
492.900,1.11126086E+3,
493.0500,1.01008038E+3,
493.200,1.06407556E+3,
493.3500,1.02869897E+3,
493.500,9.84737854E+2,
493.6500,9.94033020E+2,
493.800,9.26487610E+2,
493.9500,9.25063782E+2,
494.100,9.20422974E+2,
494.2500,8.98652588E+2,
494.400,9.04682739E+2,
494.5500,8.80718811E+2,
494.700,9.11400146E+2,
494.8500,9.18517334E+2,
495.00,8.69802979E+2,
495.1500,9.17767700E+2,
495.300,8.15233398E+2,
495.4500,8.34163513E+2,
495.600,8.42348022E+2,
495.7500,8.39762390E+2,
495.900,8.24223877E+2,
496.0500,8.71305969E+2,
496.200,8.58003601E+2,
496.3500,7.62478577E+2,
496.500,8.44309631E+2,
496.6500,8.33106995E+2,
496.800,7.83932617E+2,
496.9500,7.93273071E+2,
497.100,8.52628479E+2,
497.2500,8.06655823E+2,
497.400,7.88887756E+2,
497.5500,7.80886292E+2,
497.700,7.45615784E+2,
497.8500,8.11746948E+2,
498.00,7.58961914E+2,
498.1500,7.65118225E+2,
498.300,7.45026062E+2,
498.4500,7.52270264E+2,
498.600,8.12131836E+2,
498.7500,8.10667358E+2,
498.900,7.55396851E+2,
499.0500,7.64865723E+2,
499.200,7.57857605E+2,
499.3500,7.79457520E+2,
499.500,7.72443481E+2,
499.6500,7.41149963E+2,
499.800,7.64991882E+2,
499.9500,7.64566650E+2,
500.100,7.66357849E+2,
500.2500,7.17238708E+2,
500.400,7.35606873E+2,
500.5500,7.09651611E+2,
500.700,7.58005676E+2,
500.8500,7.00916138E+2,
501.00,7.29330200E+2,
501.1500,6.09790894E+2,
501.300,6.84942627E+2,
501.4500,7.00029480E+2,
501.600,6.63819092E+2,
501.7500,7.29156616E+2,
501.900,6.76139893E+2,
502.0500,7.34885681E+2,
502.200,6.66108704E+2,
502.3500,7.09257996E+2,
502.500,6.77342773E+2,
502.6500,6.59961670E+2,
502.800,6.65015320E+2,
502.9500,7.24041260E+2,
503.100,6.86417114E+2,
503.2500,6.55492981E+2,
503.400,6.61711548E+2,
503.5500,6.64553833E+2,
503.700,7.12569580E+2,
503.8500,6.05821106E+2,
504.00,6.01826965E+2,
504.1500,6.55593018E+2,
504.300,6.38055847E+2,
504.4500,6.70395447E+2,
504.600,6.32398254E+2,
504.7500,5.87511780E+2,
504.900,6.57420349E+2,
505.0500,6.85332520E+2,
505.200,6.49487976E+2,
505.3500,6.67178528E+2,
505.500,5.82163696E+2,
505.6500,6.24956238E+2,
505.800,6.50669922E+2,
505.9500,6.59258728E+2,
506.100,6.88502563E+2,
506.2500,6.63915955E+2,
506.400,6.78303467E+2,
506.5500,6.38722473E+2,
506.700,6.49659119E+2,
506.8500,6.29538879E+2,
507.00,7.21118225E+2,
507.1500,6.59569824E+2,
507.300,6.64842102E+2,
507.4500,8.15700562E+2,
507.600,7.80653625E+2,
507.7500,7.51322754E+2,
507.900,7.23089722E+2,
508.0500,7.94567139E+2,
508.200,7.64034912E+2,
508.3500,7.45059509E+2,
508.500,7.58620850E+2,
508.6500,7.29112183E+2,
508.800,7.83485107E+2,
508.9500,6.55900635E+2,
509.100,7.66368774E+2,
509.2500,6.77080200E+2,
509.400,6.37946411E+2,
509.5500,7.24104248E+2,
509.700,6.80243408E+2,
509.8500,6.69165222E+2,
510.00,6.29860352E+2,
510.1500,6.86893005E+2,
510.300,6.56910278E+2,
510.4500,6.53972107E+2,
510.600,6.21541199E+2,
510.7500,5.83146851E+2,
510.900,5.86034424E+2,
511.0500,6.31501160E+2,
511.200,6.21421997E+2,
511.3500,6.18430359E+2,
511.500,6.32032349E+2,
511.6500,6.52777649E+2,
511.800,6.02281921E+2,
511.9500,6.19466553E+2,
512.100,5.85533386E+2,
512.2500,5.24148743E+2,
512.400,6.14077515E+2,
512.5500,5.28727844E+2,
512.700,5.77014954E+2,
512.8500,5.36903381E+2,
513.00,5.42196899E+2,
513.1500,5.52329712E+2,
513.300,5.43291138E+2,
513.4500,5.46237976E+2,
513.600,4.97513763E+2,
513.7500,5.49736328E+2,
513.900,5.58712280E+2,
514.0500,5.19499084E+2,
514.200,5.44169373E+2,
514.3500,5.32653076E+2,
514.500,5.62219788E+2,
514.6500,5.18015808E+2,
514.800,5.01584198E+2,
514.9500,5.37267639E+2,
515.100,4.94109131E+2,
515.2500,4.71520721E+2,
515.400,5.07276123E+2,
515.5500,5.26053223E+2,
515.700,5.02203552E+2,
515.8500,5.64935059E+2,
516.00,5.16644653E+2,
516.1500,5.40393860E+2,
516.300,4.94429535E+2,
516.4500,4.69197632E+2,
516.600,4.84380219E+2,
516.7500,4.66449249E+2,
516.900,5.01315369E+2,
517.0500,4.91977356E+2,
517.200,4.67857544E+2,
517.3500,4.78194916E+2,
517.500,4.31800934E+2,
517.6500,4.63113831E+2,
517.800,5.20448669E+2,
517.9500,4.62813354E+2,
518.100,4.88062866E+2,
518.2500,4.67487183E+2,
518.400,4.67968933E+2,
518.5500,4.70934662E+2,
518.700,4.63954163E+2,
518.8500,4.85594727E+2,
519.00,4.51190765E+2,
519.1500,4.55413116E+2,
519.300,5.05856293E+2,
519.4500,4.75131836E+2,
519.600,4.36830231E+2,
519.7500,4.29771118E+2,
519.900,4.21441101E+2,
520.0500,4.90945709E+2,
520.200,4.44969910E+2,
520.3500,4.69359039E+2,
520.500,4.67345795E+2,
520.6500,4.86763885E+2,
520.800,4.44363892E+2,
520.9500,4.75168915E+2,
521.100,4.47839355E+2,
521.2500,4.66039764E+2,
521.400,4.01873413E+2,
521.5500,4.32750427E+2,
521.700,4.61149841E+2,
521.8500,4.92149414E+2,
522.00,5.19392822E+2,
522.1500,4.68956543E+2,
522.300,4.34997314E+2,
522.4500,4.58430206E+2,
522.600,4.52508667E+2,
522.7500,4.84960999E+2,
522.900,4.53433533E+2,
523.0500,4.15436737E+2,
523.200,4.82628784E+2,
523.3500,4.74149750E+2,
523.500,4.82373444E+2,
523.6500,4.60995636E+2,
523.800,4.76952850E+2,
523.9500,4.77457336E+2,
524.100,4.48255829E+2,
524.2500,4.62962006E+2,
524.400,4.75108551E+2,
524.5500,4.23777039E+2,
524.700,4.77418732E+2,
524.8500,4.59743042E+2,
525.00,4.06926331E+2,
525.1500,4.93236053E+2,
525.300,4.71592346E+2,
525.4500,4.95545380E+2,
525.600,4.62107697E+2,
525.7500,5.08310272E+2,
525.900,4.78738525E+2,
526.0500,4.93629700E+2,
526.200,4.48270416E+2,
526.3500,5.05157867E+2,
526.500,5.03056519E+2,
526.6500,5.08837769E+2,
526.800,5.17260864E+2,
526.9500,4.92761230E+2,
527.100,4.57691559E+2,
527.2500,4.81981079E+2,
527.400,5.26153625E+2,
527.5500,4.55280029E+2,
527.700,5.07468109E+2,
527.8500,5.53138733E+2,
528.00,5.25872559E+2,
528.1500,5.58392395E+2,
528.300,5.16446167E+2,
528.4500,4.99720123E+2,
528.600,5.01630402E+2,
528.7500,5.31592407E+2,
528.900,4.92087006E+2,
529.0500,5.46194580E+2,
529.200,5.44124756E+2,
529.3500,5.20580200E+2,
529.500,5.62798096E+2,
529.6500,5.09634979E+2,
529.800,5.26352295E+2,
529.9500,5.32323669E+2,
530.100,5.66630981E+2,
530.2500,5.37530701E+2,
530.400,5.57038513E+2,
530.5500,5.22446106E+2,
530.700,5.40620544E+2,
530.8500,5.57474792E+2,
531.00,5.70290039E+2,
531.1500,5.62752441E+2,
531.300,5.85132813E+2,
531.4500,5.68054810E+2,
531.600,6.15031250E+2,
531.7500,5.78831604E+2,
531.900,5.68518005E+2,
532.0500,5.52717041E+2,
532.200,6.38252625E+2,
532.3500,5.52580017E+2,
532.500,5.35349731E+2,
532.6500,5.60679260E+2,
532.800,5.51669006E+2,
532.9500,5.30241821E+2,
533.100,6.02539673E+2,
533.2500,5.41112061E+2,
533.400,5.59695557E+2,
533.5500,5.71401001E+2,
533.700,6.19143982E+2,
533.8500,5.83791565E+2,
534.00,5.01156921E+2,
534.1500,5.43424622E+2,
534.300,5.99700256E+2,
534.4500,5.30732300E+2,
534.600,5.48068726E+2,
534.7500,5.54273499E+2,
534.900,5.96830933E+2,
535.0500,5.30334167E+2,
535.200,5.78553772E+2,
535.3500,5.73586243E+2,
535.500,5.72817688E+2,
535.6500,5.83289368E+2,
535.800,5.58604736E+2,
535.9500,5.54993164E+2,
536.100,5.68297974E+2,
536.2500,5.63280884E+2,
536.400,5.49770630E+2,
536.5500,5.91406921E+2,
536.700,6.68543274E+2,
536.8500,5.99796082E+2,
537.00,6.37359863E+2,
537.1500,5.85501587E+2,
537.300,5.81895752E+2,
537.4500,5.35549866E+2,
537.600,5.21893250E+2,
537.7500,5.95284363E+2,
537.900,6.08814026E+2,
538.0500,4.87882843E+2,
538.200,5.47157288E+2,
538.3500,6.09429993E+2,
538.500,6.11546936E+2,
538.6500,5.44682617E+2,
538.800,5.71185730E+2,
538.9500,5.64617859E+2,
539.100,6.08507446E+2,
539.2500,5.50002747E+2,
539.400,5.30384888E+2,
539.5500,5.39656738E+2,
539.700,5.86606262E+2,
539.8500,4.98805695E+2,
540.00,5.55971252E+2,
540.1500,5.50804199E+2,
540.300,5.89272095E+2,
540.4500,6.39480652E+2,
540.600,5.67300232E+2,
540.7500,5.37292603E+2,
540.900,5.23292664E+2,
541.0500,5.57554260E+2,
541.200,5.21577881E+2,
541.3500,4.86981781E+2,
541.500,5.65379456E+2,
541.6500,5.49862854E+2,
541.800,5.90240540E+2,
541.9500,5.03978424E+2,
542.100,5.29639526E+2,
542.2500,5.53881592E+2,
542.400,5.19028687E+2,
542.5500,5.18142517E+2,
542.700,5.64679932E+2,
542.8500,5.40098999E+2,
543.00,5.39228149E+2,
543.1500,5.13072571E+2,
543.300,5.30031799E+2,
543.4500,5.27650879E+2,
543.600,5.77489807E+2,
543.7500,5.37805237E+2,
543.900,5.21958496E+2,
544.0500,5.36017578E+2,
544.200,5.29118774E+2,
544.3500,4.99693573E+2,
544.500,5.51322693E+2,
544.6500,5.75993591E+2,
544.800,5.58560730E+2,
544.9500,5.89318604E+2,
545.100,5.28111755E+2,
545.2500,5.31726868E+2,
545.400,5.41397095E+2,
545.5500,5.63198364E+2,
545.700,5.56249023E+2,
545.8500,5.59903015E+2,
546.00,5.54449219E+2,
546.1500,5.23171814E+2,
546.300,5.32928955E+2,
546.4500,5.22889587E+2,
546.600,5.26560181E+2,
546.7500,5.24125671E+2,
546.900,5.15563843E+2,
547.0500,5.10053314E+2,
547.200,5.19885742E+2,
547.3500,5.03636505E+2,
547.500,5.05794128E+2,
547.6500,5.21808228E+2,
547.800,5.36317688E+2,
547.9500,4.95312042E+2,
548.100,5.16001587E+2,
548.2500,5.16632507E+2,
548.400,5.35847107E+2,
548.5500,5.42701050E+2,
548.700,5.04548889E+2,
548.8500,4.91170868E+2,
549.00,5.21333069E+2,
549.1500,5.73371094E+2,
549.300,5.17895447E+2,
549.4500,5.15386719E+2,
549.600,5.59778198E+2,
549.7500,5.41654175E+2,
549.900,5.28187195E+2,
550.0500,5.08408813E+2,
550.200,5.89126099E+2,
550.3500,4.78143158E+2,
550.500,5.44837646E+2,
550.6500,5.94344116E+2,
550.800,5.61889221E+2,
550.9500,5.86243347E+2,
551.100,5.60029297E+2,
551.2500,5.62263000E+2,
551.400,5.37543213E+2,
551.5500,5.14351135E+2,
551.700,6.00768005E+2,
551.8500,5.47359009E+2,
552.00,5.76661011E+2,
552.1500,5.39068604E+2,
552.300,4.88610443E+2,
552.4500,5.03575989E+2,
552.600,5.72992859E+2,
552.7500,6.12125549E+2,
552.900,5.96801514E+2,
553.0500,5.76631714E+2,
553.200,5.93422791E+2,
553.3500,5.63557495E+2,
553.500,6.27121155E+2,
553.6500,5.48796387E+2,
553.800,6.30268982E+2,
553.9500,5.79258789E+2,
554.100,6.17226746E+2,
554.2500,6.55288269E+2,
554.400,6.17113220E+2,
554.5500,6.53635864E+2,
554.700,6.25128113E+2,
554.8500,6.78043518E+2,
555.00,6.60914063E+2,
555.1500,6.22496826E+2,
555.300,6.70682068E+2,
555.4500,6.92776733E+2,
555.600,6.60809875E+2,
555.7500,6.05781006E+2,
555.900,6.88684021E+2,
556.0500,6.05580261E+2,
556.200,6.37612976E+2,
556.3500,6.74668152E+2,
556.500,7.25022644E+2,
556.6500,6.84552063E+2,
556.800,7.30066284E+2,
556.9500,7.37565552E+2,
557.100,6.57138306E+2,
557.2500,7.42663696E+2,
557.400,7.60191284E+2,
557.5500,6.92820374E+2,
557.700,7.40338257E+2,
557.8500,7.77949707E+2,
558.00,7.95591797E+2,
558.1500,7.81505310E+2,
558.300,8.27698486E+2,
558.4500,8.60581787E+2,
558.600,7.92765686E+2,
558.7500,8.59312500E+2,
558.900,8.18262939E+2,
559.0500,8.61405945E+2,
559.200,7.86526978E+2,
559.3500,8.16232788E+2,
559.500,8.02017578E+2,
559.6500,8.04704956E+2,
559.800,7.73470703E+2,
559.9500,6.79320068E+2,
560.100,7.53273926E+2,
560.2500,7.23556702E+2,
560.400,6.54558167E+2,
560.5500,7.30453613E+2,
560.700,6.86920105E+2,
560.8500,6.79204468E+2,
561.00,6.16654175E+2,
561.1500,6.44836548E+2,
561.300,5.87231140E+2,
561.4500,5.14013794E+2,
561.600,5.49051758E+2,
561.7500,5.96234558E+2,
561.900,5.84868408E+2,
562.0500,5.40655457E+2,
562.200,5.62056824E+2,
562.3500,5.64460571E+2,
562.500,5.91138123E+2,
562.6500,4.84235107E+2,
562.800,5.68219177E+2,
562.9500,5.18441711E+2,
563.100,5.15600403E+2,
563.2500,4.84859070E+2,
563.400,4.94202972E+2,
563.5500,4.87831451E+2,
563.700,4.67436829E+2,
563.8500,4.46988556E+2,
564.00,5.07222076E+2,
564.1500,4.63967896E+2,
564.300,4.59310852E+2,
564.4500,4.91645569E+2,
564.600,4.35837830E+2,
564.7500,4.87659485E+2,
564.900,4.45847809E+2,
565.0500,4.35807007E+2,
565.200,4.68303253E+2,
565.3500,4.54701080E+2,
565.500,4.25055939E+2,
565.6500,4.73686462E+2,
565.800,4.88561920E+2,
565.9500,5.08830322E+2,
566.100,4.02199982E+2,
566.2500,4.77846619E+2,
566.400,4.21077209E+2,
566.5500,4.61044006E+2,
566.700,4.79551422E+2,
566.8500,3.79419525E+2,
567.00,4.37477997E+2,
567.1500,4.84856567E+2,
567.300,4.13243713E+2,
567.4500,3.84821625E+2,
567.600,4.06977264E+2,
567.7500,4.87132538E+2,
567.900,4.09740967E+2,
568.0500,4.37456573E+2,
568.200,4.83437256E+2,
568.3500,4.78578735E+2,
568.500,4.93748138E+2,
568.6500,4.68820801E+2,
568.800,4.91317505E+2,
568.9500,4.59007050E+2,
569.100,4.90715210E+2,
569.2500,4.73010223E+2,
569.400,4.82793671E+2,
569.5500,4.72381256E+2,
569.700,5.35556824E+2,
569.8500,4.93854462E+2,
570.00,4.94481537E+2,
570.1500,4.95082367E+2,
570.300,4.75337158E+2,
570.4500,4.87023376E+2,
570.600,4.11595978E+2,
570.7500,5.01193359E+2,
570.900,4.64626587E+2,
571.0500,5.41464417E+2,
571.200,5.25317566E+2,
571.3500,4.88617096E+2,
571.500,5.67590210E+2,
571.6500,5.49542969E+2,
571.800,4.88412262E+2,
571.9500,4.96458618E+2,
572.100,4.97035217E+2,
572.2500,5.53954590E+2,
572.400,5.35804993E+2,
572.5500,5.53372803E+2,
572.700,4.97487610E+2,
572.8500,4.86748413E+2,
573.00,5.60980103E+2,
573.1500,5.76800781E+2,
573.300,5.24492798E+2,
573.4500,5.83906921E+2,
573.600,5.39067444E+2,
573.7500,5.09320068E+2,
573.900,6.05080933E+2,
574.0500,5.94389343E+2,
574.200,6.18007080E+2,
574.3500,5.92026062E+2,
574.500,5.50683105E+2,
574.6500,5.93471924E+2,
574.800,6.38278870E+2,
574.9500,6.62083313E+2,
575.100,6.62889893E+2,
575.2500,5.63662842E+2,
575.400,7.06881165E+2,
575.5500,5.57321106E+2,
575.700,6.37159668E+2,
575.8500,6.93991455E+2,
576.00,6.15476807E+2,
576.1500,6.64681396E+2,
576.300,7.27585754E+2,
576.4500,7.14880737E+2,
576.600,6.71021484E+2,
576.7500,7.92579529E+2,
576.900,7.05808899E+2,
577.0500,7.65226685E+2,
577.200,7.48550354E+2,
577.3500,7.20090393E+2,
577.500,7.60129089E+2,
577.6500,7.33572021E+2,
577.800,7.50150940E+2,
577.9500,6.92056519E+2,
578.100,7.89301270E+2,
578.2500,7.68520691E+2,
578.400,8.02928650E+2,
578.5500,7.86060547E+2,
578.700,7.77061279E+2,
578.8500,7.85853882E+2,
579.00,8.87804504E+2,
579.1500,8.86820740E+2,
579.300,8.83845032E+2,
579.4500,8.72906555E+2,
579.600,8.69902771E+2,
579.7500,8.01126099E+2,
579.900,8.51897034E+2,
580.0500,8.92803162E+2,
580.200,9.27824707E+2,
580.3500,9.22884644E+2,
580.500,9.27951660E+2,
580.6500,8.84871216E+2,
580.800,9.70251770E+2,
580.9500,9.02981812E+2,
581.100,8.91957031E+2,
581.2500,8.76886230E+2,
581.400,9.64705688E+2,
581.5500,9.49678223E+2,
581.700,1.07015186E+3,
581.8500,9.74192200E+2,
582.00,9.75335449E+2,
582.1500,9.88695557E+2,
582.300,9.81757446E+2,
582.4500,9.74800049E+2,
582.600,1.17972351E+3,
582.7500,9.75103394E+2,
582.900,1.11311377E+3,
583.0500,1.08377979E+3,
583.200,1.12604517E+3,
583.3500,1.10486328E+3,
583.500,1.13083057E+3,
583.6500,1.09521277E+3,
583.800,1.17059753E+3,
583.9500,1.16788989E+3,
584.100,1.18580530E+3,
584.2500,1.22647986E+3,
584.400,1.14114453E+3,
584.5500,1.16115637E+3,
584.700,1.18328613E+3,
584.8500,1.26148401E+3,
585.00,1.16745068E+3,
585.1500,1.19588123E+3,
585.300,1.23270337E+3,
585.4500,1.26335620E+3,
585.600,1.25233179E+3,
585.7500,1.32277612E+3,
585.900,1.35153967E+3,
586.0500,1.25048596E+3,
586.200,1.34209668E+3,
586.3500,1.21767102E+3,
586.500,1.35358472E+3,
586.6500,1.46034619E+3,
586.800,1.33772144E+3,
586.9500,1.37721021E+3,
587.100,1.30486987E+3,
587.2500,1.37187207E+3,
587.400,1.31839734E+3,
587.5500,1.35801440E+3,
587.700,1.34681445E+3,
587.8500,1.40353052E+3,
588.00,1.51776514E+3,
588.1500,1.38115796E+3,
588.300,1.46581140E+3,
588.4500,1.55705212E+3,
588.600,1.42214502E+3,
588.7500,1.46650208E+3,
588.900,1.57943970E+3,
589.0500,1.49125146E+3,
589.200,1.52518384E+3,
589.3500,1.55704163E+3,
589.500,1.64272449E+3,
589.6500,1.56715198E+3,
589.800,1.62932861E+3,
589.9500,1.66575403E+3,
590.100,1.70885266E+3,
590.2500,1.61583643E+3,
590.400,1.80197156E+3,
590.5500,1.72617285E+3,
590.700,1.76091418E+3,
590.8500,1.74573267E+3,
591.00,1.90247144E+3,
591.1500,1.78505054E+3,
591.300,1.85718372E+3,
591.4500,1.86612805E+3,
591.600,1.98010950E+3,
591.7500,2.02865491E+3,
591.900,1.84479871E+3,
592.0500,1.92618701E+3,
592.200,1.96591455E+3,
592.3500,1.98371338E+3,
592.500,1.97730298E+3,
592.6500,2.05915088E+3,
592.800,2.02628430E+3,
592.9500,2.01766980E+3,
593.100,2.02232495E+3,
593.2500,2.06691040E+3,
593.400,2.08717261E+3,
593.5500,2.08969019E+3,
593.700,2.21907666E+3,
593.8500,2.09026733E+3,
594.00,2.18871655E+3,
594.1500,2.20050488E+3,
594.300,2.16086475E+3,
594.4500,2.22190747E+3,
594.600,2.04761243E+3,
594.7500,2.28156543E+3,
594.900,2.20357007E+3,
595.0500,2.24247998E+3,
595.200,2.34244580E+3,
595.3500,2.24400464E+3,
595.500,2.10912402E+3,
595.6500,2.28851514E+3,
595.800,2.26891235E+3,
595.9500,2.30372339E+3,
596.100,2.31815015E+3,
596.2500,2.25522900E+3,
596.400,2.33341382E+3,
596.5500,2.49165552E+3,
596.700,2.28703467E+3,
596.8500,2.51882422E+3,
597.00,2.27702881E+3,
597.1500,2.42449927E+3,
597.300,2.55167163E+3,
597.4500,2.45149683E+3,
597.600,2.58822778E+3,
597.7500,2.54546460E+3,
597.900,2.55798901E+3,
598.0500,2.60751538E+3,
598.200,2.64557910E+3,
598.3500,2.59797949E+3,
598.500,2.65699536E+3,
598.6500,2.63018408E+3,
598.800,2.53349976E+3,
598.9500,2.58331494E+3,
599.100,2.63797559E+3,
599.2500,2.72550146E+3,
599.400,2.70333594E+3,
599.5500,2.72324854E+3,
599.700,2.67990161E+3,
599.8500,2.64347241E+3,
600.00,2.67746411E+3,
600.1500,2.66009351E+3,
600.300,2.73695752E+3,
600.4500,2.91790601E+3,
600.600,2.72346045E+3,
600.7500,2.85043091E+3,
600.900,2.81653516E+3,
601.0500,2.79452100E+3,
601.200,2.83925732E+3,
601.3500,2.91031445E+3,
601.500,2.79314551E+3,
601.6500,2.91210913E+3,
601.800,3.13191235E+3,
601.9500,3.02888501E+3,
602.100,2.91596509E+3,
602.2500,3.02144263E+3,
602.400,3.10316064E+3,
602.5500,3.18993774E+3,
602.700,3.13449683E+3,
602.8500,2.94584595E+3,
603.00,3.12479712E+3,
603.1500,3.27507495E+3,
603.300,3.19497339E+3,
603.4500,3.31171973E+3,
603.600,3.29233032E+3,
603.7500,3.24846777E+3,
603.900,3.31200903E+3,
604.0500,3.29736255E+3,
604.200,3.38802661E+3,
604.3500,3.45439209E+3,
604.500,3.32669727E+3,
604.6500,3.33897070E+3,
604.800,3.49922314E+3,
604.9500,3.36852344E+3,
605.100,3.46003882E+3,
605.2500,3.54191357E+3,
605.400,3.52727905E+3,
605.5500,3.34863013E+3,
605.700,3.75905396E+3,
605.8500,3.84428735E+3,
606.00,3.62785107E+3,
606.1500,3.75084644E+3,
606.300,3.92425195E+3,
606.4500,3.73974243E+3,
606.600,3.88601880E+3,
606.7500,3.93718774E+3,
606.900,3.79461353E+3,
607.0500,4.02737817E+3,
607.200,3.92248267E+3,
607.3500,3.95890479E+3,
607.500,4.04862793E+3,
607.6500,4.13100195E+3,
607.800,4.16786523E+3,
607.9500,3.99611597E+3,
608.100,4.12715088E+3,
608.2500,4.33004541E+3,
608.400,4.25227734E+3,
608.5500,4.25107617E+3,
608.700,4.31654443E+3,
608.8500,4.52860742E+3,
609.00,4.43516016E+3,
609.1500,4.45757520E+3,
609.300,4.48519824E+3,
609.4500,4.47670996E+3,
609.600,4.61055518E+3,
609.7500,4.53737646E+3,
609.900,4.44318018E+3,
610.0500,4.56722852E+3,
610.200,4.66839258E+3,
610.3500,4.32366504E+3,
610.500,4.66778076E+3,
610.6500,4.49205957E+3,
610.800,4.45733252E+3,
610.9500,4.50389355E+3,
611.100,4.46111914E+3,
611.2500,4.69480518E+3,
611.400,4.51493408E+3,
611.5500,4.51683154E+3,
611.700,4.48166162E+3,
611.8500,4.36681689E+3,
612.00,4.52777148E+3,
612.1500,4.50825146E+3,
612.300,4.69643066E+3,
612.4500,4.71443018E+3,
612.600,4.53739453E+3,
612.7500,4.61939502E+3,
612.900,4.54080469E+3,
613.0500,4.49959277E+3,
613.200,4.46373975E+3,
613.3500,4.31732617E+3,
613.500,4.27833252E+3,
613.6500,4.23649854E+3,
613.800,4.29463525E+3,
613.9500,4.22013477E+3,
614.100,4.40894434E+3,
614.2500,4.37004980E+3,
614.400,4.20298730E+3,
614.5500,4.39822656E+3,
614.700,3.98192041E+3,
614.8500,4.16919727E+3,
615.00,4.42288623E+3,
615.1500,4.02113916E+3,
615.300,4.19028271E+3,
615.4500,4.29108936E+3,
615.600,4.20449072E+3,
615.7500,4.23095996E+3,
615.900,4.18825342E+3,
616.0500,4.32297266E+3,
616.200,4.11907666E+3,
616.3500,4.26805078E+3,
616.500,4.26970508E+3,
616.6500,4.15401904E+3,
616.800,4.14985107E+3,
616.9500,4.05315576E+3,
617.100,3.96464941E+3,
617.2500,3.94056934E+3,
617.400,3.95865479E+3,
617.5500,3.97678027E+3,
617.700,3.86490161E+3,
617.8500,3.77527490E+3,
618.00,3.83568604E+3,
618.1500,3.78855273E+3,
618.300,3.88358789E+3,
618.4500,3.83348511E+3,
618.600,3.74889380E+3,
618.7500,3.54089819E+3,
618.900,3.63037622E+3,
619.0500,3.78915552E+3,
619.200,3.67808423E+3,
619.3500,3.69921753E+3,
619.500,3.76662720E+3,
619.6500,3.71562427E+3,
619.800,3.70210132E+3,
619.9500,3.71175293E+3,
620.100,3.80290649E+3,
620.2500,3.70782861E+3,
620.400,3.46929541E+3,
620.5500,3.68041357E+3,
620.700,3.37351489E+3,
620.8500,3.50885718E+3,
621.00,3.51524634E+3,
621.1500,3.43609082E+3,
621.300,3.38320044E+3,
621.4500,3.29166382E+3,
621.600,3.36569751E+3,
621.7500,3.48153418E+3,
621.900,3.43423779E+3,
622.0500,3.24673340E+3,
622.200,3.27335400E+3,
622.3500,3.09379858E+3,
622.500,3.33281860E+3,
622.6500,3.19170581E+3,
622.800,3.17628735E+3,
622.9500,3.10060010E+3,
623.100,3.02768652E+3,
623.2500,3.03910840E+3,
623.400,3.05056030E+3,
623.5500,2.99836987E+3,
623.700,3.00976440E+3,
623.8500,3.00292969E+3,
624.00,2.80404175E+3,
624.1500,2.93739478E+3,
624.300,2.81426343E+3,
624.4500,2.87454712E+3,
624.600,2.74468921E+3,
624.7500,2.71276855E+3,
624.900,2.77932373E+3,
625.0500,2.47572681E+3,
625.200,2.72469019E+3,
625.3500,2.78866187E+3,
625.500,2.77835645E+3,
625.6500,2.75867261E+3,
625.800,2.64230542E+3,
625.9500,2.50364282E+3,
626.100,2.63972314E+3,
626.2500,2.62905322E+3,
626.400,2.61833325E+3,
626.5500,2.54150317E+3,
626.700,2.62824585E+3,
626.8500,2.58269507E+3,
627.00,2.67298267E+3,
627.1500,2.57661548E+3,
627.300,2.41953882E+3,
627.4500,2.59589233E+3,
627.600,2.57528931E+3,
627.7500,2.40132104E+3,
627.900,2.56581006E+3,
628.0500,2.48731885E+3,
628.200,2.38286426E+3,
628.3500,2.44530981E+3,
628.500,2.42094458E+3,
628.6500,2.48691064E+3,
628.800,2.59194360E+3,
628.9500,2.53202466E+3,
629.100,2.45241919E+3,
629.2500,2.29766577E+3,
629.400,2.41295020E+3,
629.5500,2.33917676E+3,
629.700,2.13090820E+3,
629.8500,2.22026831E+3,
630.00,2.35267822E+3,
630.1500,2.34079077E+3,
630.300,2.43769849E+3,
630.4500,2.28048682E+3,
630.600,2.23855347E+3,
630.7500,2.16326758E+3,
630.900,2.06773511E+3,
631.0500,2.23164893E+3,
631.200,2.29279907E+3,
631.3500,2.24382617E+3,
631.500,2.13433911E+3,
631.6500,2.11841260E+3,
631.800,2.40179370E+3,
631.9500,2.16049023E+3,
632.100,2.21880225E+3,
632.2500,2.11830078E+3,
632.400,2.19031226E+3,
632.5500,2.10971753E+3,
632.700,2.29431079E+3,
632.8500,2.10785083E+3,
633.00,2.14961523E+3,
633.1500,2.16410107E+3,
633.300,2.20264648E+3,
633.4500,2.13820776E+3,
633.600,2.20439087E+3,
633.7500,2.16729053E+3,
633.900,2.13349463E+3,
634.0500,2.01987451E+3,
634.200,1.93358765E+3,
634.3500,2.12521118E+3,
634.500,1.94467517E+3,
634.6500,2.23134009E+3,
634.800,2.26020874E+3,
634.9500,2.04729456E+3,
635.100,2.07246606E+3,
635.2500,2.04497388E+3,
635.400,2.16901782E+3,
635.5500,1.97902625E+3,
635.700,2.19902954E+3,
635.8500,1.96218542E+3,
636.00,1.82037109E+3,
636.1500,1.84195764E+3,
636.300,1.99571802E+3,
636.4500,1.86032800E+3,
636.600,2.00399304E+3,
636.7500,1.80337561E+3,
636.900,1.97630127E+3,
637.0500,2.06694287E+3,
637.200,1.86512671E+3,
637.3500,1.80735498E+3,
637.500,1.90177136E+3,
637.6500,1.85473291E+3,
637.800,1.80384753E+3,
637.9500,1.84403796E+3,
638.100,1.83675195E+3,
638.2500,1.89172046E+3,
638.400,1.76323059E+3,
638.5500,1.68943018E+3,
638.700,1.78866687E+3,
638.8500,1.62961865E+3,
639.00,1.90313623E+3,
639.1500,1.91073328E+3,
639.300,1.77707581E+3,
639.4500,1.76207739E+3,
639.600,1.63128760E+3,
639.7500,1.74683142E+3,
639.900,1.68667688E+3,
640.0500,1.67514111E+3,
640.200,1.58084412E+3,
640.3500,1.67850464E+3,
640.500,1.63671509E+3,
640.6500,1.62504529E+3,
640.800,1.56017090E+3,
640.9500,1.58251025E+3,
641.100,1.52106519E+3,
641.2500,1.62744385E+3,
641.400,1.52370630E+3,
641.5500,1.40800806E+3,
641.700,1.54556323E+3,
641.8500,1.37161377E+3,
642.00,1.46719043E+3,
642.1500,1.39289441E+3,
642.300,1.59744141E+3,
642.4500,1.25888318E+3,
642.600,1.45231714E+3,
642.7500,1.46317419E+3,
642.900,1.35286133E+3,
643.0500,1.38704333E+3,
643.200,1.32319263E+3,
643.3500,1.48333936E+3,
643.500,1.27352490E+3,
643.6500,1.26828284E+3,
643.800,1.42534131E+3,
643.9500,1.46402563E+3,
644.100,1.28021704E+3,
644.2500,1.24304700E+3,
644.400,1.13385339E+3,
644.5500,1.36426184E+3,
644.700,1.15462585E+3,
644.8500,1.27354126E+3,
645.00,1.31243042E+3,
645.1500,1.18615039E+3,
645.300,1.07953491E+3,
645.4500,1.30471301E+3,
645.600,1.14103442E+3,
645.7500,1.34288757E+3,
645.900,1.15002832E+3,
646.0500,1.18930188E+3,
646.200,1.13047876E+3,
646.3500,1.20685327E+3,
646.500,1.16013916E+3,
646.6500,1.27813562E+3,
646.800,1.23136011E+3,
646.9500,1.18437476E+3,
647.100,1.07074878E+3,
647.2500,1.24775513E+3,
647.400,1.18793726E+3,
647.5500,1.19051074E+3,
647.700,1.16378796E+3,
647.8500,1.14952881E+3,
648.00,1.16463367E+3,
648.1500,1.12919202E+3,
648.300,1.05981311E+3,
648.4500,1.04937463E+3,
648.600,1.06856860E+3,
648.7500,9.47610107E+2,
648.900,1.08589612E+3,
649.0500,1.07967737E+3,
649.200,1.04778271E+3,
649.3500,1.17003589E+3,
649.500,1.12959729E+3,
649.6500,1.10619788E+3,
649.800,1.13876624E+3,
649.9500,1.03314282E+3,
650.100,8.92452515E+2,
650.2500,1.11154102E+3,
650.400,9.92175232E+2,
650.5500,1.03363977E+3,
650.700,1.01409155E+3,
650.8500,8.71786621E+2,
651.00,8.73731934E+2,
651.1500,8.80121399E+2,
651.300,8.95355225E+2,
651.4500,1.00791028E+3,
651.600,7.88668518E+2,
651.7500,8.61516907E+2,
651.900,8.90184998E+2,
652.0500,1.04833777E+3,
652.200,1.02386755E+3,
652.3500,9.54470947E+2,
652.500,8.62301514E+2,
652.6500,9.76771790E+2,
652.800,1.05114844E+3,
652.9500,9.35953125E+2,
653.100,9.47117859E+2,
653.2500,9.62868347E+2,
653.400,7.73844666E+2,
653.5500,1.06300183E+3,
653.700,9.32786682E+2,
653.8500,9.25715271E+2,
654.00,7.62444336E+2,
654.1500,8.83877319E+2,
654.300,8.48982544E+2,
654.4500,9.52662842E+2,
654.600,9.08487610E+2,
654.7500,8.54814392E+2,
654.900,8.28830383E+2,
655.0500,7.88725342E+2,
655.200,9.12163574E+2,
655.3500,9.51772217E+2,
655.500,8.45879700E+2,
655.6500,9.27901794E+2,
655.800,7.93129639E+2,
655.9500,8.37545349E+2,
656.100,8.96385925E+2,
656.2500,8.41403198E+2,
656.400,8.86220947E+2,
656.5500,8.45278625E+2,
656.700,7.94572021E+2,
656.8500,8.05996094E+2,
657.00,9.47302063E+2,
657.1500,6.79597656E+2,
657.300,7.19828369E+2,
657.4500,8.90987183E+2,
657.600,7.57162415E+2,
657.7500,7.10278137E+2,
657.900,7.55821167E+2,
658.0500,7.33151184E+2,
658.200,6.90787964E+2,
658.3500,7.70989563E+2,
658.500,6.54672485E+2,
658.6500,6.51284302E+2,
658.800,6.33038879E+2,
658.9500,7.18808533E+2,
659.100,5.96277588E+2,
659.2500,6.82352478E+2,
659.400,7.53852966E+2,
659.5500,6.70556702E+2,
659.700,6.37025146E+2,
659.8500,6.93831604E+2,
660.00,6.04753662E+2,
660.1500,6.06196533E+2,
660.300,6.43088013E+2,
660.4500,7.25835876E+2,
660.600,6.51250305E+2,
660.7500,5.86505005E+2,
660.900,5.67457703E+2,
661.0500,6.25193909E+2,
661.200,6.11313599E+2,
661.3500,6.07660950E+2,
661.500,6.24636414E+2,
661.6500,6.52042419E+2,
661.800,6.48452759E+2,
661.9500,5.40836426E+2,
662.100,5.00464661E+2,
662.2500,5.01702209E+2,
662.400,5.92006775E+2,
662.5500,6.14479248E+2,
662.700,5.21231750E+2,
662.8500,5.70024841E+2,
663.00,6.13766235E+2,
663.1500,5.67529907E+2,
663.300,5.05112579E+2,
663.4500,5.75637695E+2,
663.600,5.39644470E+2,
663.7500,4.82047821E+2,
663.900,5.42289307E+2,
664.0500,5.92045654E+2,
664.200,5.23324219E+2,
664.3500,5.51614441E+2,
664.500,6.72192993E+2,
664.6500,4.51011810E+2,
664.800,4.73877533E+2,
664.9500,4.69551941E+2,
665.100,4.10467468E+2,
665.2500,5.15673462E+2,
665.400,3.95922150E+2,
665.5500,4.79541718E+2,
665.700,5.46982361E+2,
665.8500,4.15365417E+2,
666.00,4.99623566E+2,
666.1500,4.06217896E+2,
666.300,4.90856110E+2,
666.4500,5.08802795E+2,
666.600,5.38041626E+2,
666.7500,3.98877686E+2,
666.900,5.06829102E+2,
667.0500,5.13689941E+2,
667.200,4.80980347E+2,
667.3500,4.82143280E+2,
667.500,3.86647430E+2,
667.6500,5.87074585E+2,
667.800,4.05661682E+2,
667.9500,4.23826538E+2,
668.100,5.39711121E+2,
668.2500,5.75604614E+2,
668.400,3.69314209E+2,
668.5500,4.68589325E+2,
668.700,3.71176300E+2,
668.8500,4.06997040E+2,
669.00,3.73049591E+2,
669.1500,2.80519043E+2,
669.300,3.57425323E+2,
669.4500,4.40608276E+2,
669.600,4.47652588E+2,
669.7500,4.25203491E+2,
669.900,3.61186981E+2,
670.0500,3.44320953E+2,
670.200,5.05917969E+2,
670.3500,4.71426758E+2,
670.500,3.94873138E+2,
670.6500,4.19893707E+2,
670.800,4.81125916E+2,
670.9500,3.61783722E+2,
671.100,2.35750443E+2,
671.2500,4.30246552E+2,
671.400,3.40188110E+2,
671.5500,3.77567352E+2,
671.700,3.60186798E+2,
671.8500,3.24358063E+2,
672.00,3.74241791E+2,
672.1500,3.07488800E+2,
672.300,3.94525970E+2,
672.4500,3.64573608E+2,
672.600,3.53057678E+2,
672.7500,4.22199463E+2,
672.900,4.10763184E+2,
673.0500,3.24411926E+2,
673.200,3.93999908E+2,
673.3500,3.88695526E+2,
673.500,3.33085999E+2,
673.6500,3.84303131E+2,
673.800,3.97876068E+2,
673.9500,4.68493378E+2,
674.100,3.30038818E+2,
674.2500,2.67247803E+2,
674.400,3.38099823E+2,
674.5500,3.13378418E+2,
674.700,3.46235931E+2,
674.8500,2.82837280E+2,
675.00,4.64004974E+2,
675.1500,3.87673431E+2,
675.300,4.27546387E+2,
675.4500,3.76697906E+2,
675.600,3.71164429E+2,
675.7500,4.17828827E+2,
675.900,3.73096588E+2,
676.0500,2.95319305E+2,
676.200,4.34277893E+2,
676.3500,3.62853424E+2,
676.500,3.83656036E+2,
676.6500,3.78038177E+2,
676.800,4.38885529E+2,
676.9500,3.06699677E+2,
677.100,3.47622955E+2,
677.2500,4.02167725E+2,
677.400,3.83074188E+2,
677.5500,4.51476074E+2,
677.700,3.91869507E+2,
677.8500,3.65814697E+2,
678.00,4.34712494E+2,
678.1500,3.54123840E+2,
678.300,2.59456726E+2,
678.4500,3.35435089E+2,
678.600,3.36310028E+2,
678.7500,3.16543640E+2,
678.900,3.24270050E+2,
679.0500,4.15035431E+2,
679.200,3.95293121E+2,
679.3500,2.92014435E+2,
679.500,3.20644714E+2,
679.6500,2.93513367E+2,
679.800,4.13373596E+2,
679.9500,3.02045959E+2,
680.100,3.32126434E+2,
680.2500,2.83442200E+2,
680.400,3.69494751E+2,
680.5500,3.49141357E+2,
680.700,3.35818970E+2,
680.8500,3.08090637E+2,
681.00,3.87978333E+2,
681.1500,4.53881500E+2,
681.300,3.61210236E+2,
681.4500,4.12909454E+2,
681.600,3.77723267E+2,
681.7500,4.66167206E+2,
681.900,3.94410217E+2,
682.0500,3.22249817E+2,
682.200,3.67183441E+2,
682.3500,4.27085205E+2,
682.500,4.06091217E+2,
682.6500,2.81332703E+2,
682.800,3.48907288E+2,
682.9500,4.54066467E+2,
683.100,3.88116180E+2,
683.2500,4.56513153E+2,
683.400,3.60189545E+2,
683.5500,4.96592407E+2,
683.700,4.45118988E+2,
683.8500,3.55541656E+2,
684.00,3.94425720E+2,
684.1500,3.72674835E+2,
684.300,3.88934235E+2,
684.4500,4.74101685E+2,
684.600,4.67717743E+2,
684.7500,4.38231842E+2,
684.900,3.85456635E+2,
685.0500,4.48341522E+2,
685.200,4.18552704E+2,
685.3500,5.05179474E+2,
685.500,3.50688477E+2,
685.6500,3.67269531E+2,
685.800,4.54457306E+2,
685.9500,4.08552917E+2,
686.100,4.96320190E+2,
686.2500,4.66067474E+2,
686.400,3.88123260E+2,
686.5500,5.79793091E+2,
686.700,5.41548828E+2,
686.8500,3.75323242E+2,
687.00,3.60329590E+2,
687.1500,5.13876099E+2,
687.300,5.07235962E+2,
687.4500,4.92484100E+2,
687.600,4.45264862E+2,
687.7500,3.16602753E+2,
687.900,5.04704987E+2,
688.0500,5.55072876E+2,
688.200,3.35599243E+2,
688.3500,5.49931396E+2,
688.500,4.77374451E+2,
688.6500,5.94241028E+2,
688.800,5.04846069E+2,
688.9500,3.31963257E+2,
689.100,4.41053345E+2,
689.2500,4.17218231E+2,
689.400,4.76922150E+2,
689.5500,3.69151489E+2,
689.700,4.62696106E+2,
689.8500,4.63956757E+2,
690.00,6.00559082E+2,
690.1500,4.41032928E+2,
690.300,4.16710052E+2,
690.4500,5.45745117E+2,
690.600,5.13019226E+2,
690.7500,3.77231934E+2,
690.900,4.12640381E+2,
691.0500,4.48240509E+2,
691.200,4.49464722E+2,
691.3500,3.98689728E+2,
691.500,3.04180298E+2,
691.6500,4.44447571E+2,
691.800,3.75756165E+2,
691.9500,5.52036011E+2,
692.100,6.41418823E+2,
692.2500,5.99131165E+2,
692.400,4.94762299E+2,
692.5500,5.75860779E+2,
692.700,5.41915344E+2,
692.8500,5.87954285E+2,
693.00,5.09182587E+2,
693.1500,3.67256653E+2,
693.300,3.77243896E+2,
693.4500,5.13377380E+2,
693.600,4.87691498E+2,
693.7500,4.07525055E+2,
693.900,5.81184143E+2,
694.0500,4.27980652E+2,
694.200,4.38291534E+2,
694.3500,4.30344055E+2,
694.500,4.68258026E+2,
694.6500,4.78759094E+2,
694.800,5.07779236E+2,
694.9500,4.62895416E+2,
695.100,4.36341248E+2,
695.2500,4.00332306E+2,
695.400,6.44208801E+2,
695.5500,4.49411652E+2,
695.700,4.78851471E+2,
695.8500,3.86049316E+2,
696.00,5.66551636E+2,
696.1500,5.87087646E+2,
696.300,5.79247498E+2,
696.4500,3.90430176E+2,
696.600,4.77480133E+2,
696.7500,3.44758301E+2,
696.900,3.64942444E+2,
697.0500,4.81535980E+2,
697.200,4.63552246E+2,
697.3500,5.51990417E+2,
697.500,3.88433716E+2,
697.6500,4.96625305E+2,
697.800,5.66354614E+2,
697.9500,5.58134827E+2,
698.100,4.51676117E+2,
698.2500,5.21857056E+2,
698.400,5.52932007E+2,
698.5500,5.24768311E+2,
698.700,5.16303467E+2,
698.8500,4.38091705E+2,
699.00,5.29175842E+2,
699.1500,4.30547791E+2,
699.300,3.91603485E+2,
699.4500,4.53132904E+2,
699.600,4.64518127E+2,
699.7500,5.46854187E+2,
699.900,4.97632202E+2,
700.0500,5.90698792E+2,
700.200,5.82133789E+2,
700.3500,3.58448151E+2,
700.500,5.13499268E+2,
700.6500,4.53143372E+2,
700.800,6.50633728E+2,
700.9500,5.07466492E+2,
701.100,6.43854797E+2,
701.2500,4.06098236E+2,
701.400,5.63809082E+2,
701.5500,4.71110168E+2,
701.700,3.77908081E+2,
701.8500,5.99974304E+2,
702.00,4.43284058E+2,
702.1500,3.59820740E+2,
702.300,4.66911285E+2,
702.4500,4.46896820E+2,
702.600,5.01455872E+2,
702.7500,5.77705322E+2,
702.900,6.00730774E+2,
703.0500,4.73304565E+2,
703.200,4.74649353E+2,
703.3500,4.97634979E+2,
703.500,5.74993408E+2,
703.6500,4.67833405E+2,
703.800,4.69166626E+2,
703.9500,6.12752014E+2,
704.100,4.60909546E+2,
704.2500,3.85230743E+2,
704.400,5.63004150E+2,
704.5500,6.08965698E+2,
704.700,5.44148621E+2,
704.8500,5.56908142E+2,
705.00,5.02712524E+2,
705.1500,4.81796753E+2,
705.300,4.71990509E+2,
705.4500,4.50853088E+2,
705.600,6.66989502E+2,
705.7500,4.30867706E+2,
705.900,4.32154724E+2,
706.0500,5.47498840E+2,
706.200,4.69024811E+2,
706.3500,6.42496277E+2,
706.500,5.29312866E+2,
706.6500,5.53949036E+2,
706.800,7.06045349E+2,
706.9500,6.26863770E+2,
707.100,5.58846802E+2,
707.2500,5.48807617E+2,
707.400,6.55817444E+2,
707.5500,5.63779236E+2,
707.700,4.35857941E+2,
707.8500,5.31657471E+2,
708.00,7.58362732E+2,
708.1500,5.34763977E+2,
708.300,5.36308899E+2,
708.4500,5.61766235E+2,
708.600,4.67496460E+2,
708.7500,5.89070190E+2,
708.900,5.90780457E+2,
709.0500,5.92469299E+2,
709.200,5.81987244E+2,
709.3500,5.10651520E+2,
709.500,6.33990540E+2,
709.6500,7.58013489E+2,
709.800,6.25261108E+2,
709.9500,4.79472595E+2,
710.100,5.67081848E+2,
710.2500,8.03491272E+2,
710.400,6.81728821E+2,
710.5500,8.20303101E+2,
710.700,4.98509918E+2,
710.8500,5.87348145E+2,
711.00,4.51112854E+2,
711.1500,7.16251587E+2,
711.300,5.54436218E+2,
711.4500,4.67531586E+2,
711.600,5.06850861E+2,
711.7500,4.57440674E+2,
711.900,6.88081299E+2,
712.0500,5.62235962E+2,
712.200,4.99763916E+2,
712.3500,7.45355164E+2,
712.500,5.92828918E+2,
712.6500,6.59143127E+2,
712.800,6.61025269E+2,
712.9500,4.67940796E+2,
713.100,6.77817139E+2,
713.2500,5.88211548E+2,
713.400,5.89857361E+2,
713.5500,5.65218628E+2,
713.700,6.45891968E+2,
713.8500,6.34485168E+2,
714.00,5.16966675E+2,
714.1500,5.58273987E+2,
714.300,5.33161133E+2,
714.4500,6.01469238E+2,
714.600,4.15494934E+2,
714.7500,3.09126404E+2,
714.900,4.31284790E+2,
715.0500,4.46012146E+2,
715.200,5.42173950E+2,
715.3500,6.25292542E+2,
715.500,4.08973083E+2,
715.6500,4.23823456E+2,
715.800,4.11334198E+2,
715.9500,5.77531067E+2,
716.100,5.24055176E+2,
716.2500,4.14944885E+2,
716.400,6.51995544E+2,
716.5500,4.59133301E+2,
716.700,3.90718109E+2,
716.8500,5.59818115E+2,
717.00,6.17621887E+2,
717.1500,4.22331329E+2,
717.300,5.22391541E+2,
717.4500,3.82316498E+2,
717.600,5.53846741E+2,
717.7500,3.41824707E+2,
717.900,5.42806213E+2,
718.0500,4.87080139E+2,
718.200,6.03414063E+2,
718.3500,6.62779663E+2,
718.500,4.33490204E+2,
718.6500,5.94142273E+2,
718.800,5.08655090E+2,
718.9500,5.53847534E+2,
719.100,5.70048035E+2,
719.2500,4.54406219E+2,
719.400,3.23401978E+2,
719.5500,4.57003448E+2,
719.700,4.28741852E+2,
719.8500,5.33754211E+2,
720.00,3.56855347E+2,
720.1500,4.77159576E+2,
720.300,4.63562653E+2,
720.4500,5.99849182E+2,
720.600,4.36130188E+2,
720.7500,3.31801453E+2,
720.900,5.14249329E+2,
721.0500,4.39869354E+2,
721.200,4.86733582E+2,
721.3500,5.94870361E+2,
721.500,5.35356934E+2,
721.6500,4.75506531E+2,
721.800,5.38371948E+2,
721.9500,5.39888794E+2,
722.100,5.25916138E+2,
722.2500,4.18786957E+2,
722.400,5.75472412E+2,
722.5500,4.99075592E+2,
722.700,4.53534271E+2,
722.8500,3.45009674E+2,
723.00,5.03218018E+2,
723.1500,2.83852173E+2,
723.300,3.32087616E+2,
723.4500,4.75741028E+2,
723.600,4.77075775E+2,
723.7500,4.78415649E+2,
723.900,4.15793060E+2,
724.0500,6.09423767E+2,
724.200,6.11191528E+2,
724.3500,4.83920288E+2,
724.500,4.36793945E+2,
724.6500,4.54289948E+2,
724.800,3.41709534E+2,
724.9500,5.22219299E+2,
725.100,5.07363678E+2,
725.2500,3.61102814E+2,
725.400,6.25524353E+2,
725.5500,4.62244202E+2,
725.700,4.80138611E+2,
725.8500,4.15111542E+2,
726.00,4.82925842E+2,
726.1500,1.16894630E+2,
726.300,4.68887817E+2,
726.4500,4.19824310E+2,
726.600,4.04162750E+2,
726.7500,5.06623230E+2,
726.900,4.40309143E+2,
727.0500,3.56627045E+2,
727.200,5.61954651E+2,
727.3500,4.26894318E+2,
727.500,3.93824341E+2,
727.6500,4.46420380E+2,
727.800,4.82086487E+2,
727.9500,3.28034088E+2,
728.100,3.80870331E+2,
728.2500,4.68709290E+2,
728.400,5.57027588E+2,
728.5500,4.36368958E+2,
728.700,3.32549896E+2,
728.8500,3.51013123E+2,
729.00,4.92768158E+2,
729.1500,3.88258240E+2,
729.300,4.60134583E+2,
729.4500,4.61424713E+2,
729.600,5.16109985E+2,
729.7500,2.67703186E+2,
729.900,3.57941650E+2,
730.0500,2.33319626E+2,
730.200,3.95976807E+2,
730.3500,4.87360992E+2,
730.500,4.70654083E+2,
730.6500,4.17541534E+2,
730.800,3.09502716E+2,
730.9500,3.28650482E+2,
731.100,5.30985535E+2,
731.2500,4.77386444E+2,
731.400,5.33959900E+2,
731.5500,3.50815277E+2,
731.700,3.51799286E+2,
731.8500,5.19896423E+2,
732.00,5.95837097E+2,
732.1500,5.60136536E+2,
732.300,4.86789856E+2,
732.4500,4.31811096E+2,
732.600,3.01220428E+2,
732.7500,5.09715698E+2,
732.900,3.59682556E+2,
733.0500,3.60685577E+2,
733.200,4.56891602E+2,
733.3500,5.34549072E+2,
733.500,5.93499512E+2,
733.6500,5.18386169E+2,
733.800,7.31652161E+2,
733.9500,5.02028320E+2,
734.100,4.26011597E+2,
734.2500,5.43759155E+2,
734.400,4.67424744E+2,
734.5500,4.49242401E+2,
734.700,6.46430359E+2,
734.8500,5.69720459E+2,
735.00,4.33454926E+2,
735.1500,4.34690002E+2,
735.300,6.53893555E+2,
735.4500,4.17302521E+2,
735.600,4.58351959E+2,
735.7500,6.59517517E+2,
735.900,4.81023926E+2,
736.0500,5.02484222E+2,
736.200,3.22477020E+2,
736.3500,4.04208923E+2,
736.500,5.87722595E+2,
736.6500,4.87737335E+2,
736.800,3.05679749E+2,
736.9500,5.92620056E+2,
737.100,6.35186340E+2,
737.2500,4.51963135E+2,
737.400,2.88370514E+2,
737.5500,3.30434570E+2,
737.700,4.34840057E+2,
737.8500,2.90658936E+2,
738.00,4.16324677E+2,
738.1500,5.63469666E+2,
738.300,3.97525574E+2,
738.4500,4.82442871E+2,
738.600,5.04703705E+2,
738.7500,5.69242310E+2,
738.900,3.17054779E+2,
739.0500,4.87403625E+2,
739.200,6.16162476E+2,
739.3500,4.47356171E+2,
739.500,6.19398499E+2,
739.6500,4.06879120E+2,
739.800,5.79716248E+2,
739.9500,4.09022461E+2,
740.100,3.23790649E+2,
740.2500,4.11268890E+2,
740.400,4.99230591E+2,
740.5500,4.35316132E+2,
740.700,4.14698303E+2,
740.8500,5.25284607E+2,
741.00,3.51163605E+2,
741.1500,5.28209534E+2,
741.300,3.75188629E+2,
741.4500,4.20496704E+2,
741.600,4.88248352E+2,
741.7500,5.11866333E+2,
741.900,2.67807312E+2,
742.0500,5.81855774E+2,
742.200,2.46838867E+2,
742.3500,4.50018707E+2,
742.500,4.51244110E+2,
742.6500,5.20346008E+2,
742.800,5.21765503E+2,
742.9500,8.87151123E+2,
743.100,2.50907455E+2,
743.2500,3.43085388E+2,
743.400,3.21093079E+2,
743.5500,2.29982712E+2,
743.700,3.68985992E+2,
743.8500,4.16253540E+2,
744.00,2.78268219E+2,
744.1500,2.79041840E+2,
744.300,2.56499695E+2,
744.4500,2.10448166E+2,
744.600,2.57931763E+2,
744.7500,3.99734863E+2,
744.900,2.35795715E+2,
745.0500,3.31029938E+2,
745.200,2.84515503E+2,
745.3500,4.99263916E+2,
745.500,4.76791504E+2,
745.6500,4.54194305E+2,
745.800,3.59558258E+2,
745.9500,4.56692474E+2,
746.100,2.89205780E+2,
746.2500,3.14128143E+2,
746.400,4.11862183E+2,
746.5500,3.40071899E+2,
746.700,2.92257568E+2,
746.8500,2.68608551E+2,
747.00,2.44833557E+2,
747.1500,2.20896072E+2,
747.300,5.41305969E+2,
747.4500,2.46658829E+2,
747.600,3.46179810E+2,
747.7500,3.47040222E+2,
747.900,1.49101685E+2,
748.0500,2.74031799E+2,
748.200,2.49736603E+2,
748.3500,2.75390686E+2,
748.500,3.76463806E+2,
748.6500,3.01918732E+2,
748.800,3.27890656E+2,
748.9500,1.26425461E+2,
749.100,3.80264374E+2,
749.2500,5.84626648E+2,
749.400,3.31323486E+2,
749.5500,3.32208466E+2,
749.700,4.61212006E+2,
749.8500,4.11064148E+2,
750.00,3.60645508E+2,
