Labels,32C_26_575K,
Type,Emission Scan,
Comment,,
Start,450.00,
Stop,750.1500,
Step,0.150,
Fixed/Offset,248.400,
Xaxis,Wavelength,
Yaxis,Counts,
Scan Corr. by File,True,
Corr. by Ref. Det.,False,
Fixed/Offset Corr. by File,False,
Repeats,1,
Dwell Time,0.20,
Lamp,Xe,
Temp,28.40,
Scan Polariser,None,
Scan Slit,0.2520,
Fixed/Offset Polariser,None,
Fixed/Offset Slit,2.9970,
Detector,Red PMT,

450.00,1.50203308E+3,
450.1500,1.56464832E+3,
450.300,1.43967688E+3,
450.4500,1.33382544E+3,
450.600,1.15322144E+3,
450.7500,1.08441589E+3,
450.900,1.00386835E+3,
451.0500,9.14831421E+2,
451.200,9.41908447E+2,
451.3500,9.83286255E+2,
451.500,1.04532239E+3,
451.6500,9.00828857E+2,
451.800,1.03277869E+3,
451.9500,1.18858423E+3,
452.100,1.13604004E+3,
452.2500,1.22578284E+3,
452.400,1.22053467E+3,
452.5500,1.34987866E+3,
452.700,1.14950903E+3,
452.8500,1.06407117E+3,
453.00,1.14619470E+3,
453.1500,1.10659644E+3,
453.300,1.07211658E+3,
453.4500,1.06841565E+3,
453.600,1.01961792E+3,
453.7500,1.04929089E+3,
453.900,1.03698047E+3,
454.0500,9.77164551E+2,
454.200,1.01874316E+3,
454.3500,1.08748303E+3,
454.500,1.07279712E+3,
454.6500,9.99393433E+2,
454.800,1.07556055E+3,
454.9500,1.05710559E+3,
455.100,1.04551733E+3,
455.2500,9.97526306E+2,
455.400,1.06555652E+3,
455.5500,1.02920984E+3,
455.700,1.13863892E+3,
455.8500,1.08331726E+3,
456.00,1.01255249E+3,
456.1500,1.08886719E+3,
456.300,1.08817542E+3,
456.4500,1.03189514E+3,
456.600,1.20405066E+3,
456.7500,1.15044604E+3,
456.900,1.12355212E+3,
457.0500,1.16679431E+3,
457.200,1.23530945E+3,
457.3500,1.08756189E+3,
457.500,1.28634290E+3,
457.6500,1.18296448E+3,
457.800,1.28999426E+3,
457.9500,1.18912085E+3,
458.100,1.18870972E+3,
458.2500,1.17243787E+3,
458.400,1.25069751E+3,
458.5500,1.15513672E+3,
458.700,1.12727539E+3,
458.8500,1.11903015E+3,
459.00,1.09410510E+3,
459.1500,1.15679651E+3,
459.300,1.02169757E+3,
459.4500,1.02980115E+3,
459.600,1.12610889E+3,
459.7500,1.04586084E+3,
459.900,1.09345178E+3,
460.0500,1.05948755E+3,
460.200,1.09302576E+3,
460.3500,1.10444360E+3,
460.500,1.13870105E+3,
460.6500,1.15102039E+3,
460.800,1.12804639E+3,
460.9500,1.13696228E+3,
461.100,1.23071387E+3,
461.2500,1.24425830E+3,
461.400,1.23870667E+3,
461.5500,1.23321802E+3,
461.700,1.25556702E+3,
461.8500,1.24456750E+3,
462.00,1.38594324E+3,
462.1500,1.50072900E+3,
462.300,1.52710742E+3,
462.4500,1.55116772E+3,
462.600,1.51621265E+3,
462.7500,1.54239038E+3,
462.900,1.49902478E+3,
463.0500,1.35113599E+3,
463.200,1.35536877E+3,
463.3500,1.32299915E+3,
463.500,1.29832068E+3,
463.6500,1.20200024E+3,
463.800,1.14356116E+3,
463.9500,1.19736548E+3,
464.100,1.10641187E+3,
464.2500,1.16880652E+3,
464.400,1.16632983E+3,
464.5500,1.06979370E+3,
464.700,1.17515857E+3,
464.8500,1.16851135E+3,
465.00,1.05474841E+3,
465.1500,1.09692517E+3,
465.300,1.20386755E+3,
465.4500,1.10771301E+3,
465.600,1.14751990E+3,
465.7500,1.09763855E+3,
465.900,1.13630615E+3,
466.0500,1.10956372E+3,
466.200,1.21680786E+3,
466.3500,1.30305664E+3,
466.500,1.29605310E+3,
466.6500,1.45214893E+3,
466.800,1.63255505E+3,
466.9500,1.92054150E+3,
467.100,2.05892725E+3,
467.2500,2.23096851E+3,
467.400,2.30416602E+3,
467.5500,2.08734937E+3,
467.700,1.97438416E+3,
467.8500,1.79528296E+3,
468.00,1.67682874E+3,
468.1500,1.60785803E+3,
468.300,1.49523523E+3,
468.4500,1.42252759E+3,
468.600,1.42417847E+3,
468.7500,1.32123120E+3,
468.900,1.35241406E+3,
469.0500,1.27820837E+3,
469.200,1.26506079E+3,
469.3500,1.38148499E+3,
469.500,1.31367847E+3,
469.6500,1.34198120E+3,
469.800,1.25311377E+3,
469.9500,1.24914111E+3,
470.100,1.23825110E+3,
470.2500,1.27581494E+3,
470.400,1.23075146E+3,
470.5500,1.17869824E+3,
470.700,1.15688831E+3,
470.8500,1.15219922E+3,
471.00,1.14751904E+3,
471.1500,1.09182886E+3,
471.300,1.09642737E+3,
471.4500,1.08797668E+3,
471.600,1.10361328E+3,
471.7500,1.03599927E+3,
471.900,1.01355206E+3,
472.0500,1.00921545E+3,
472.200,1.10318274E+3,
472.3500,1.03682813E+3,
472.500,1.06765344E+3,
472.6500,1.12650439E+3,
472.800,1.22537634E+3,
472.9500,1.29217822E+3,
473.100,1.35103394E+3,
473.2500,1.65407654E+3,
473.400,1.71892297E+3,
473.5500,1.65570166E+3,
473.700,1.45545264E+3,
473.8500,1.31726221E+3,
474.00,1.17110229E+3,
474.1500,1.13208386E+3,
474.300,1.09406665E+3,
474.4500,1.08005151E+3,
474.600,1.10203821E+3,
474.7500,1.08802356E+3,
474.900,1.01500885E+3,
475.0500,1.13902942E+3,
475.200,1.06710999E+3,
475.3500,1.06619177E+3,
475.500,1.09628113E+3,
475.6500,1.06135303E+3,
475.800,1.04042480E+3,
475.9500,1.10053223E+3,
476.100,1.02061365E+3,
476.2500,1.05377893E+3,
476.400,1.05892834E+3,
476.5500,1.06007434E+3,
476.700,1.07323376E+3,
476.8500,1.05335376E+3,
477.00,1.04548438E+3,
477.1500,1.03369568E+3,
477.300,1.12509253E+3,
477.4500,1.02913879E+3,
477.600,1.03337207E+3,
477.7500,1.04863391E+3,
477.900,1.03181384E+3,
478.0500,1.07119263E+3,
478.200,1.11368738E+3,
478.3500,1.14918286E+3,
478.500,1.12245300E+3,
478.6500,1.16198828E+3,
478.800,1.10208826E+3,
478.9500,1.15671362E+3,
479.100,1.20542566E+3,
479.2500,1.16269067E+3,
479.400,1.15110962E+3,
479.5500,1.17676208E+3,
479.700,1.16617981E+3,
479.8500,1.13845874E+3,
480.00,1.24778735E+3,
480.1500,1.25843250E+3,
480.300,1.22267957E+3,
480.4500,1.24946606E+3,
480.600,1.39239038E+3,
480.7500,1.51119458E+3,
480.900,1.51994495E+3,
481.0500,1.52262476E+3,
481.200,1.44538000E+3,
481.3500,1.46622034E+3,
481.500,1.37066028E+3,
481.6500,1.36413770E+3,
481.800,1.40623792E+3,
481.9500,1.32877063E+3,
482.100,1.37498425E+3,
482.2500,1.27720435E+3,
482.400,1.32040649E+3,
482.5500,1.32810706E+3,
482.700,1.39777698E+3,
482.8500,1.33234119E+3,
483.00,1.45087231E+3,
483.1500,1.43030347E+3,
483.300,1.44736865E+3,
483.4500,1.46648560E+3,
483.600,1.31341797E+3,
483.7500,1.29883264E+3,
483.900,1.22608618E+3,
484.0500,1.32271216E+3,
484.200,1.35109839E+3,
484.3500,1.35805603E+3,
484.500,1.31389417E+3,
484.6500,1.31469153E+3,
484.800,1.25406250E+3,
484.9500,1.30705884E+3,
485.100,1.30995898E+3,
485.2500,1.22570801E+3,
485.400,1.23576721E+3,
485.5500,1.28589197E+3,
485.700,1.25591492E+3,
485.8500,1.22589404E+3,
486.00,1.15363586E+3,
486.1500,1.21724707E+3,
486.300,1.22220166E+3,
486.4500,1.20859741E+3,
486.600,1.30125879E+3,
486.7500,1.31762781E+3,
486.900,1.16041687E+3,
487.0500,1.19218823E+3,
487.200,1.24256433E+3,
487.3500,1.27229236E+3,
487.500,1.26372644E+3,
487.6500,1.36293811E+3,
487.800,1.39900208E+3,
487.9500,1.37076941E+3,
488.100,1.44836768E+3,
488.2500,1.51979688E+3,
488.400,1.46969153E+3,
488.5500,1.61607837E+3,
488.700,1.58885486E+3,
488.8500,1.58450134E+3,
489.00,1.52285010E+3,
489.1500,1.57384204E+3,
489.300,1.50182776E+3,
489.4500,1.59460596E+3,
489.600,1.56323059E+3,
489.7500,1.61853772E+3,
489.900,1.57981042E+3,
490.0500,1.56622131E+3,
490.200,1.62606519E+3,
490.3500,1.67446863E+3,
490.500,1.69148083E+3,
490.6500,1.72740356E+3,
490.800,1.71086267E+3,
490.9500,1.94444055E+3,
491.100,1.97758191E+3,
491.2500,2.08557813E+3,
491.400,2.11261499E+3,
491.5500,2.11859863E+3,
491.700,2.21218530E+3,
491.8500,2.26155371E+3,
492.00,2.25602222E+3,
492.1500,2.28010791E+3,
492.300,2.28939990E+3,
492.4500,2.15138770E+3,
492.600,2.16905786E+3,
492.7500,2.07847314E+3,
492.900,2.15452856E+3,
493.0500,2.04461536E+3,
493.200,2.02174353E+3,
493.3500,1.86252026E+3,
493.500,1.84265332E+3,
493.6500,1.86327869E+3,
493.800,1.72809155E+3,
493.9500,1.66746484E+3,
494.100,1.79060217E+3,
494.2500,1.71171924E+3,
494.400,1.64877087E+3,
494.5500,1.68429431E+3,
494.700,1.64802588E+3,
494.8500,1.55804578E+3,
495.00,1.60322937E+3,
495.1500,1.63994556E+3,
495.300,1.51431213E+3,
495.4500,1.49503625E+3,
495.600,1.58451917E+3,
495.7500,1.53830676E+3,
495.900,1.55351099E+3,
496.0500,1.58929663E+3,
496.200,1.54094849E+3,
496.3500,1.50440808E+3,
496.500,1.58362183E+3,
496.6500,1.51345972E+3,
496.800,1.54726392E+3,
496.9500,1.47585681E+3,
497.100,1.51192212E+3,
497.2500,1.48611658E+3,
497.400,1.38844250E+3,
497.5500,1.43761499E+3,
497.700,1.40729529E+3,
497.8500,1.43364978E+3,
498.00,1.39124817E+3,
498.1500,1.38049182E+3,
498.300,1.43535132E+3,
498.4500,1.43008008E+3,
498.600,1.41602478E+3,
498.7500,1.37122351E+3,
498.900,1.44711206E+3,
499.0500,1.40115491E+3,
499.200,1.41232092E+3,
499.3500,1.41799609E+3,
499.500,1.34103247E+3,
499.6500,1.33781970E+3,
499.800,1.28492139E+3,
499.9500,1.40759814E+3,
500.100,1.32481494E+3,
500.2500,1.36806641E+3,
500.400,1.35599817E+3,
500.5500,1.28624353E+3,
500.700,1.27407104E+3,
500.8500,1.21521753E+3,
501.00,1.27855139E+3,
501.1500,1.28745996E+3,
501.300,1.19057507E+3,
501.4500,1.24065735E+3,
501.600,1.25065747E+3,
501.7500,1.18139001E+3,
501.900,1.11423376E+3,
502.0500,1.18677881E+3,
502.200,1.15533472E+3,
502.3500,1.10030225E+3,
502.500,1.18983557E+3,
502.6500,1.16278967E+3,
502.800,1.13120007E+3,
502.9500,1.08606189E+3,
503.100,1.20291785E+3,
503.2500,1.09586719E+3,
503.400,1.12389502E+3,
503.5500,1.04703894E+3,
503.700,1.05360925E+3,
503.8500,1.07714099E+3,
504.00,1.12107251E+3,
504.1500,1.15945984E+3,
504.300,1.11178113E+3,
504.4500,1.02317542E+3,
504.600,1.02636987E+3,
504.7500,1.03183887E+3,
504.900,1.04868787E+3,
505.0500,1.06784375E+3,
505.200,1.15996265E+3,
505.3500,1.12679041E+3,
505.500,1.14492200E+3,
505.6500,1.10824060E+3,
505.800,1.13438416E+3,
505.9500,1.18002734E+3,
506.100,1.20402026E+3,
506.2500,1.17073950E+3,
506.400,1.18100562E+3,
506.5500,1.21885706E+3,
506.700,1.26597290E+3,
506.8500,1.25562512E+3,
507.00,1.27981201E+3,
507.1500,1.34450769E+3,
507.300,1.34699780E+3,
507.4500,1.37952759E+3,
507.600,1.40633313E+3,
507.7500,1.46212732E+3,
507.900,1.54351843E+3,
508.0500,1.43370081E+3,
508.200,1.47581824E+3,
508.3500,1.44362537E+3,
508.500,1.41950537E+3,
508.6500,1.41163574E+3,
508.800,1.37809424E+3,
508.9500,1.38299329E+3,
509.100,1.30492981E+3,
509.2500,1.30387634E+3,
509.400,1.28525720E+3,
509.5500,1.26542493E+3,
509.700,1.17752478E+3,
509.8500,1.20567139E+3,
510.00,1.15396057E+3,
510.1500,1.15736768E+3,
510.300,1.15135889E+3,
510.4500,1.08759680E+3,
510.600,1.07914648E+3,
510.7500,1.14268457E+3,
510.900,1.20633301E+3,
511.0500,1.09744031E+3,
511.200,1.07831506E+3,
511.3500,1.06033557E+3,
511.500,1.11583948E+3,
511.6500,1.11684314E+3,
511.800,1.06082397E+3,
511.9500,1.08793066E+3,
512.100,9.92550476E+2,
512.2500,9.75631409E+2,
512.400,9.02634338E+2,
512.5500,9.89425232E+2,
512.700,9.66470154E+2,
512.8500,8.87265747E+2,
513.00,8.90495544E+2,
513.1500,8.53055908E+2,
513.300,8.32326843E+2,
513.4500,8.40366089E+2,
513.600,8.25584473E+2,
513.7500,8.42046875E+2,
513.900,8.39272522E+2,
514.0500,9.14848694E+2,
514.200,8.33749512E+2,
514.3500,8.17700928E+2,
514.500,8.11289185E+2,
514.6500,8.31487976E+2,
514.800,7.86299866E+2,
514.9500,7.50719299E+2,
515.100,7.76977539E+2,
515.2500,6.91482666E+2,
515.400,7.33543152E+2,
515.5500,7.22105408E+2,
515.700,8.41069031E+2,
515.8500,7.61381165E+2,
516.00,7.62142517E+2,
516.1500,8.13036011E+2,
516.300,7.07376953E+2,
516.4500,7.47286011E+2,
516.600,7.22278320E+2,
516.7500,7.16858826E+2,
516.900,7.40914673E+2,
517.0500,7.46575623E+2,
517.200,7.25179199E+2,
517.3500,6.92643127E+2,
517.500,7.26659302E+2,
517.6500,6.97758179E+2,
517.800,7.36787231E+2,
517.9500,6.65758240E+2,
518.100,7.04842102E+2,
518.2500,7.00610779E+2,
518.400,7.83258362E+2,
518.5500,7.75364685E+2,
518.700,6.60481689E+2,
518.8500,6.99754456E+2,
519.00,6.88003601E+2,
519.1500,7.04954529E+2,
519.300,6.90712402E+2,
519.4500,7.08946716E+2,
519.600,7.05937683E+2,
519.7500,7.17955872E+2,
519.900,7.29996155E+2,
520.0500,6.13996033E+2,
520.200,6.97622314E+2,
520.3500,6.85792664E+2,
520.500,6.90311279E+2,
520.6500,7.31406860E+2,
520.800,6.76645020E+2,
520.9500,6.97588379E+2,
521.100,7.09711548E+2,
521.2500,6.47136719E+2,
521.400,6.64295471E+2,
521.5500,6.52298279E+2,
521.700,6.82196899E+2,
521.8500,6.57470947E+2,
522.00,6.47968018E+2,
522.1500,6.62656006E+2,
522.300,6.72268555E+2,
522.4500,6.46143982E+2,
522.600,6.14849304E+2,
522.7500,6.96091797E+2,
522.900,7.04487122E+2,
523.0500,7.07781067E+2,
523.200,6.63614563E+2,
523.3500,6.18065125E+2,
523.500,7.01049377E+2,
523.6500,6.78616455E+2,
523.800,6.65155884E+2,
523.9500,7.61350891E+2,
524.100,7.28577209E+2,
524.2500,6.86683899E+2,
524.400,6.90007813E+2,
524.5500,7.04999084E+2,
524.700,7.12236145E+2,
524.8500,7.23380981E+2,
525.00,6.91644714E+2,
525.1500,6.80639709E+2,
525.300,7.32140625E+2,
525.4500,6.89851318E+2,
525.600,7.06215454E+2,
525.7500,7.17383911E+2,
525.900,7.49500488E+2,
526.0500,7.60739624E+2,
526.200,7.02552429E+2,
526.3500,7.09845215E+2,
526.500,7.28972229E+2,
526.6500,7.75747498E+2,
526.800,7.30482910E+2,
526.9500,7.54952393E+2,
527.100,7.88759521E+2,
527.2500,7.88336182E+2,
527.400,8.24924255E+2,
527.5500,7.86152161E+2,
527.700,7.97639160E+2,
527.8500,8.68839050E+2,
528.00,8.10056213E+2,
528.1500,8.44236145E+2,
528.300,8.79821899E+2,
528.4500,7.86226318E+2,
528.600,8.68514343E+2,
528.7500,8.61500305E+2,
528.900,8.97256470E+2,
529.0500,8.36695068E+2,
529.200,8.59073853E+2,
529.3500,8.10387756E+2,
529.500,8.34123169E+2,
529.6500,8.64631409E+2,
529.800,8.85779541E+2,
529.9500,8.40936584E+2,
530.100,8.66135925E+2,
530.2500,8.50865173E+2,
530.400,8.84231018E+2,
530.5500,8.39162170E+2,
530.700,8.00768799E+2,
530.8500,8.92502197E+2,
531.00,8.97527893E+2,
531.1500,9.46076538E+2,
531.300,8.28711304E+2,
531.4500,9.08615295E+2,
531.600,9.12319153E+2,
531.7500,9.44696899E+2,
531.900,9.01975647E+2,
532.0500,9.07057861E+2,
532.200,9.17659302E+2,
532.3500,9.51589478E+2,
532.500,9.00485657E+2,
532.6500,9.44084961E+2,
532.800,9.32747070E+2,
532.9500,8.99345215E+2,
533.100,8.76922668E+2,
533.2500,8.97252075E+2,
533.400,9.06568604E+2,
533.5500,9.38038452E+2,
533.700,9.37719177E+2,
533.8500,9.05500977E+2,
534.00,9.62054688E+2,
534.1500,9.88171082E+2,
534.300,9.94862366E+2,
534.4500,9.66740723E+2,
534.600,8.93923767E+2,
534.7500,9.24254517E+2,
534.900,9.96581909E+2,
535.0500,9.72512512E+2,
535.200,9.69392761E+2,
535.3500,9.62054138E+2,
535.500,8.90113831E+2,
535.6500,9.22018921E+2,
535.800,9.24441589E+2,
535.9500,9.18415039E+2,
536.100,9.46223145E+2,
536.2500,9.37389771E+2,
536.400,9.53972168E+2,
536.5500,9.63512268E+2,
536.700,1.00139844E+3,
536.8500,1.01242169E+3,
537.00,9.21261780E+2,
537.1500,9.60677368E+2,
537.300,1.02294147E+3,
537.4500,9.74244934E+2,
537.600,9.69637695E+2,
537.7500,9.75010132E+2,
537.900,9.70386658E+2,
538.0500,1.01153418E+3,
538.200,8.95218079E+2,
538.3500,9.37805176E+2,
538.500,9.20191528E+2,
538.6500,9.61458191E+2,
538.800,1.06180115E+3,
538.9500,9.77998779E+2,
539.100,9.57461914E+2,
539.2500,9.28219849E+2,
539.400,8.62778687E+2,
539.5500,8.55059326E+2,
539.700,9.13947083E+2,
539.8500,8.03309143E+2,
540.00,9.13070251E+2,
540.1500,9.06864929E+2,
540.300,8.07520996E+2,
540.4500,8.63808716E+2,
540.600,9.15847168E+2,
540.7500,9.18361572E+2,
540.900,8.22943481E+2,
541.0500,8.72184631E+2,
541.200,8.73203430E+2,
541.3500,8.69819885E+2,
541.500,9.11949768E+2,
541.6500,8.95364929E+2,
541.800,8.89040588E+2,
541.9500,9.56380066E+2,
542.100,8.98469299E+2,
542.2500,8.53716187E+2,
542.400,8.38430908E+2,
542.5500,8.85283508E+2,
542.700,9.42615356E+2,
542.8500,8.27953979E+2,
543.00,8.95742615E+2,
543.1500,9.05684631E+2,
543.300,9.27555664E+2,
543.4500,8.73455994E+2,
543.600,9.68451904E+2,
543.7500,8.50031067E+2,
543.900,8.59960266E+2,
544.0500,1.02412292E+3,
544.200,8.79866089E+2,
544.3500,9.07851685E+2,
544.500,8.77309082E+2,
544.6500,8.84293030E+2,
544.800,8.09988342E+2,
544.9500,8.83224304E+2,
545.100,8.60067749E+2,
545.2500,8.32333801E+2,
545.400,8.65025574E+2,
545.5500,8.56909363E+2,
545.700,8.60897644E+2,
545.8500,7.93575256E+2,
546.00,8.35471436E+2,
546.1500,8.71446106E+2,
546.300,7.88734863E+2,
546.4500,8.87235413E+2,
546.600,8.37917480E+2,
546.7500,8.26682129E+2,
546.900,8.47544067E+2,
547.0500,9.03698059E+2,
547.200,8.98681580E+2,
547.3500,8.56796265E+2,
547.500,8.71687744E+2,
547.6500,8.46591492E+2,
547.800,8.39922791E+2,
547.9500,8.48665527E+2,
548.100,8.29619324E+2,
548.2500,8.27540100E+2,
548.400,9.16825073E+2,
548.5500,8.52815979E+2,
548.700,9.23712585E+2,
548.8500,8.47114319E+2,
549.00,9.13500061E+2,
549.1500,8.70963135E+2,
549.300,8.93837646E+2,
549.4500,8.40236572E+2,
549.600,9.14721375E+2,
549.7500,8.31266968E+2,
549.900,8.91805664E+2,
550.0500,8.94422913E+2,
550.200,8.34202515E+2,
550.3500,8.63488770E+2,
550.500,9.03863647E+2,
550.6500,8.48162109E+2,
550.800,8.33363770E+2,
550.9500,8.94376648E+2,
551.100,8.96996033E+2,
551.2500,9.48719849E+2,
551.400,9.72017639E+2,
551.5500,8.73126892E+2,
551.700,9.10688049E+2,
551.8500,1.00243079E+3,
552.00,9.22338989E+2,
552.1500,8.81967285E+2,
552.300,9.14947021E+2,
552.4500,9.03239502E+2,
552.600,9.12307068E+2,
552.7500,9.91899780E+2,
552.900,9.56165894E+2,
553.0500,9.87823181E+2,
553.200,9.71347900E+2,
553.3500,9.69318909E+2,
553.500,9.26978577E+2,
553.6500,9.95904053E+2,
553.800,9.43787415E+2,
553.9500,9.64352600E+2,
554.100,9.36370239E+2,
554.2500,9.76444397E+2,
554.400,9.53277466E+2,
554.5500,9.07285583E+2,
554.700,1.03374048E+3,
554.8500,9.42089355E+2,
555.00,1.01666534E+3,
555.1500,9.14955994E+2,
555.300,9.88029175E+2,
555.4500,9.72835388E+2,
555.600,9.05129150E+2,
555.7500,9.53817749E+2,
555.900,9.81251465E+2,
556.0500,9.89004700E+2,
556.200,9.04520752E+2,
556.3500,1.01777570E+3,
556.500,1.01734387E+3,
556.6500,9.88797485E+2,
556.800,1.00818677E+3,
556.9500,9.49719238E+2,
557.100,1.01557739E+3,
557.2500,1.01015552E+3,
557.400,1.14777246E+3,
557.5500,1.07253918E+3,
557.700,1.02380115E+3,
557.8500,1.06842871E+3,
558.00,1.05633203E+3,
558.1500,1.11954407E+3,
558.300,1.06897095E+3,
558.4500,1.15079749E+3,
558.600,1.04470398E+3,
558.7500,1.08801404E+3,
558.900,1.03040527E+3,
559.0500,1.19180823E+3,
559.200,1.08695996E+3,
559.3500,1.05451196E+3,
559.500,1.07443286E+3,
559.6500,9.80893005E+2,
559.800,1.12458569E+3,
559.9500,1.01558356E+3,
560.100,1.05084265E+3,
560.2500,1.03170667E+3,
560.400,9.78428101E+2,
560.5500,9.55733704E+2,
560.700,9.53486145E+2,
560.8500,9.23854919E+2,
561.00,9.30120056E+2,
561.1500,9.15805054E+2,
561.300,8.55090942E+2,
561.4500,8.64712158E+2,
561.600,8.82957825E+2,
561.7500,8.13360413E+2,
561.900,7.47044312E+2,
562.0500,8.93031555E+2,
562.200,8.19738220E+2,
562.3500,7.68774536E+2,
562.500,8.11298096E+2,
562.6500,7.74081970E+2,
562.800,7.92379089E+2,
562.9500,7.15032043E+2,
563.100,7.10692444E+2,
563.2500,7.20312256E+2,
563.400,7.02012695E+2,
563.5500,7.30872925E+2,
563.700,7.05531982E+2,
563.8500,7.01158508E+2,
564.00,6.59915222E+2,
564.1500,6.83649658E+2,
564.300,6.74007874E+2,
564.4500,6.94295166E+2,
564.600,6.35229248E+2,
564.7500,6.62580811E+2,
564.900,6.08617676E+2,
565.0500,6.37766357E+2,
565.200,6.65203491E+2,
565.3500,5.95018982E+2,
565.500,6.70485718E+2,
565.6500,6.58887207E+2,
565.800,6.72218384E+2,
565.9500,6.64157471E+2,
566.100,6.50670166E+2,
566.2500,6.15652588E+2,
566.400,6.46846252E+2,
566.5500,6.22499146E+2,
566.700,6.84303711E+2,
566.8500,5.93404968E+2,
567.00,7.11126770E+2,
567.1500,6.47076233E+2,
567.300,6.37008850E+2,
567.4500,6.82922852E+2,
567.600,7.34367859E+2,
567.7500,6.35626465E+2,
567.900,6.52684753E+2,
568.0500,6.00822083E+2,
568.200,6.19744751E+2,
568.3500,6.36891846E+2,
568.500,6.19462646E+2,
568.6500,6.49417175E+2,
568.800,6.83095703E+2,
568.9500,7.15026917E+2,
569.100,6.64662781E+2,
569.2500,5.94012817E+2,
569.400,6.73708252E+2,
569.5500,7.40737915E+2,
569.700,7.38000977E+2,
569.8500,6.96555908E+2,
570.00,6.78989563E+2,
570.1500,7.00135132E+2,
570.300,6.80638428E+2,
570.4500,6.83314148E+2,
570.600,7.37906311E+2,
570.7500,7.44364990E+2,
570.900,7.43402527E+2,
571.0500,7.05206238E+2,
571.200,7.50719788E+2,
571.3500,7.77684448E+2,
571.500,6.92684082E+2,
571.6500,7.92538147E+2,
571.800,7.29811462E+2,
571.9500,8.48663208E+2,
572.100,7.80251526E+2,
572.2500,7.45491455E+2,
572.400,7.31326782E+2,
572.5500,8.05590271E+2,
572.700,7.36809326E+2,
572.8500,7.62195190E+2,
573.00,8.21637512E+2,
573.1500,7.39439697E+2,
573.300,7.97153320E+2,
573.4500,8.55006592E+2,
573.600,7.87721802E+2,
573.7500,7.82984558E+2,
573.900,8.54343811E+2,
574.0500,8.97299255E+2,
574.200,9.09843750E+2,
574.3500,8.00190063E+2,
574.500,8.94859985E+2,
574.6500,9.30410828E+2,
574.800,9.25791870E+2,
574.9500,9.63379211E+2,
575.100,9.89531250E+2,
575.2500,9.94585938E+2,
575.400,9.26457336E+2,
575.5500,9.16012146E+2,
575.700,1.03297107E+3,
575.8500,1.04002063E+3,
576.00,9.15473328E+2,
576.1500,1.00380457E+3,
576.300,1.01085919E+3,
576.4500,9.11084473E+2,
576.600,1.07752441E+3,
576.7500,1.12557971E+3,
576.900,1.03141687E+3,
577.0500,1.07756409E+3,
577.200,1.20002588E+3,
577.3500,1.17601721E+3,
577.500,1.13431628E+3,
577.6500,1.19842920E+3,
577.800,1.19592126E+3,
577.9500,1.17767578E+3,
578.100,1.20658765E+3,
578.2500,1.15475159E+3,
578.400,1.24286255E+3,
578.5500,1.24821680E+3,
578.700,1.23776172E+3,
578.8500,1.32823157E+3,
579.00,1.32972498E+3,
579.1500,1.29352820E+3,
579.300,1.24930005E+3,
579.4500,1.27058606E+3,
579.600,1.39741821E+3,
579.7500,1.26147461E+3,
579.900,1.41251306E+3,
580.0500,1.34220081E+3,
580.200,1.31575134E+3,
580.3500,1.31926465E+3,
580.500,1.40295068E+3,
580.6500,1.41258350E+3,
580.800,1.53070776E+3,
580.9500,1.59278748E+3,
581.100,1.36914392E+3,
581.2500,1.51187280E+3,
581.400,1.50155029E+3,
581.5500,1.57202051E+3,
581.700,1.60421631E+3,
581.8500,1.49470654E+3,
582.00,1.71139941E+3,
582.1500,1.60586902E+3,
582.300,1.63016455E+3,
582.4500,1.63212866E+3,
582.600,1.59741479E+3,
582.7500,1.73397046E+3,
582.900,1.76464282E+3,
583.0500,1.68906055E+3,
583.200,1.55598975E+3,
583.3500,1.58862537E+3,
583.500,1.68906274E+3,
583.6500,1.74453210E+3,
583.800,1.75692480E+3,
583.9500,1.74462573E+3,
584.100,1.70343506E+3,
584.2500,1.71376819E+3,
584.400,1.80267749E+3,
584.5500,1.77588635E+3,
584.700,1.87129150E+3,
584.8500,1.82790686E+3,
585.00,1.98175793E+3,
585.1500,1.97164429E+3,
585.300,1.99064941E+3,
585.4500,1.95757666E+3,
585.600,1.87014868E+3,
585.7500,1.98520911E+3,
585.900,1.98755847E+3,
586.0500,1.98779089E+3,
586.200,2.02782422E+3,
586.3500,2.00705774E+3,
586.500,1.93789612E+3,
586.6500,1.93380139E+3,
586.800,2.10243457E+3,
586.9500,2.08374219E+3,
587.100,2.24023779E+3,
587.2500,2.12650757E+3,
587.400,2.27280688E+3,
587.5500,2.33044604E+3,
587.700,2.22489502E+3,
587.8500,2.22738794E+3,
588.00,2.36592822E+3,
588.1500,2.30902368E+3,
588.300,2.46503467E+3,
588.4500,2.46142212E+3,
588.600,2.40440723E+3,
588.7500,2.33656958E+3,
588.900,2.43764478E+3,
589.0500,2.57540845E+3,
589.200,2.27597754E+3,
589.3500,2.65233984E+3,
589.500,2.63609985E+3,
589.6500,2.59182837E+3,
589.800,2.62718457E+3,
589.9500,2.51589282E+3,
590.100,2.67453809E+3,
590.2500,2.69306079E+3,
590.400,2.74410815E+3,
590.5500,2.86683472E+3,
590.700,2.64897070E+3,
590.8500,2.88926367E+3,
591.00,2.89506519E+3,
591.1500,2.77892480E+3,
591.300,2.84360791E+3,
591.4500,2.86256177E+3,
591.600,3.06971680E+3,
591.7500,3.14156714E+3,
591.900,3.25746265E+3,
592.0500,3.24398877E+3,
592.200,3.32490259E+3,
592.3500,3.09556152E+3,
592.500,3.12356543E+3,
592.6500,3.35246558E+3,
592.800,3.46700098E+3,
592.9500,3.51322314E+3,
593.100,3.39343042E+3,
593.2500,3.46407080E+3,
593.400,3.47936133E+3,
593.5500,3.70586523E+3,
593.700,3.67249390E+3,
593.8500,3.42955396E+3,
594.00,3.77949634E+3,
594.1500,3.60793457E+3,
594.300,3.57683496E+3,
594.4500,3.72035107E+3,
594.600,3.75433008E+3,
594.7500,3.70305273E+3,
594.900,3.95518359E+3,
595.0500,3.70819751E+3,
595.200,3.90933667E+3,
595.3500,3.93039453E+3,
595.500,3.75482837E+3,
595.6500,3.82098291E+3,
595.800,3.86689746E+3,
595.9500,3.93108252E+3,
596.100,3.85221997E+3,
596.2500,4.07124609E+3,
596.400,4.08347437E+3,
596.5500,3.95653003E+3,
596.700,4.13311230E+3,
596.8500,4.12483203E+3,
597.00,4.13484619E+3,
597.1500,4.24574072E+3,
597.300,4.32934375E+3,
597.4500,4.29356934E+3,
597.600,4.28531299E+3,
597.7500,4.43150635E+3,
597.900,4.54343164E+3,
598.0500,4.54003564E+3,
598.200,4.37689453E+3,
598.3500,4.47056396E+3,
598.500,4.52965527E+3,
598.6500,4.62838037E+3,
598.800,4.33882178E+3,
598.9500,4.61921875E+3,
599.100,4.61587402E+3,
599.2500,4.66161182E+3,
599.400,5.06524707E+3,
599.5500,4.62460498E+3,
599.700,4.86039893E+3,
599.8500,4.61081689E+3,
600.00,5.05168604E+3,
600.1500,4.97178564E+3,
600.300,4.93642480E+3,
600.4500,4.95288574E+3,
600.600,5.12776514E+3,
600.7500,4.92906738E+3,
600.900,4.91945313E+3,
601.0500,4.83639697E+3,
601.200,5.04360547E+3,
601.3500,5.15378125E+3,
601.500,4.81346533E+3,
601.6500,5.22937402E+3,
601.800,5.09384375E+3,
601.9500,5.33170020E+3,
602.100,5.48873438E+3,
602.2500,5.45398047E+3,
602.400,5.46724414E+3,
602.5500,5.49498730E+3,
602.700,5.66769189E+3,
602.8500,5.63532080E+3,
603.00,5.79177490E+3,
603.1500,5.75200195E+3,
603.300,5.94046387E+3,
603.4500,5.93724902E+3,
603.600,5.69273389E+3,
603.7500,5.79647705E+3,
603.900,6.05938770E+3,
604.0500,6.20305615E+3,
604.200,6.30535791E+3,
604.3500,6.16241943E+3,
604.500,6.43210645E+3,
604.6500,6.30119922E+3,
604.800,6.55456982E+3,
604.9500,6.67530713E+3,
605.100,6.76673779E+3,
605.2500,6.77669629E+3,
605.400,6.78418262E+3,
605.5500,6.69229199E+3,
605.700,6.97328125E+3,
605.8500,6.97851514E+3,
606.00,7.24572217E+3,
606.1500,7.14185156E+3,
606.300,7.36297803E+3,
606.4500,7.35666455E+3,
606.600,7.45322363E+3,
606.7500,7.53747705E+3,
606.900,7.54138525E+3,
607.0500,7.33603174E+3,
607.200,7.75656396E+3,
607.3500,7.93298730E+3,
607.500,8.07445361E+3,
607.6500,8.17319238E+3,
607.800,8.06380225E+3,
607.9500,8.26966992E+3,
608.100,8.42764746E+3,
608.2500,8.51967090E+3,
608.400,8.03918213E+3,
608.5500,8.73519336E+3,
608.700,8.71259668E+3,
608.8500,8.75667773E+3,
609.00,8.68509375E+3,
609.1500,8.92545703E+3,
609.300,8.94200977E+3,
609.4500,8.91981836E+3,
609.600,8.88975098E+3,
609.7500,9.00474805E+3,
609.900,8.88895703E+3,
610.0500,8.79893750E+3,
610.200,9.42535938E+3,
610.3500,8.83781152E+3,
610.500,9.07420703E+3,
610.6500,9.02862109E+3,
610.800,9.22143457E+3,
610.9500,9.09182422E+3,
611.100,9.17738477E+3,
611.2500,9.15513379E+3,
611.400,9.15125195E+3,
611.5500,9.29531738E+3,
611.700,9.01097168E+3,
611.8500,8.97756055E+3,
612.00,9.34765723E+3,
612.1500,8.59626465E+3,
612.300,8.91069824E+3,
612.4500,8.96728906E+3,
612.600,9.06677246E+3,
612.7500,9.00059375E+3,
612.900,8.71705859E+3,
613.0500,8.65285645E+3,
613.200,8.56715332E+3,
613.3500,8.71814453E+3,
613.500,8.78865527E+3,
613.6500,8.37032617E+3,
613.800,8.57303418E+3,
613.9500,8.55139648E+3,
614.100,8.58712500E+3,
614.2500,8.26964551E+3,
614.400,8.70832813E+3,
614.5500,8.44448633E+3,
614.700,8.44484180E+3,
614.8500,8.76270508E+3,
615.00,8.16026660E+3,
615.1500,8.23729297E+3,
615.300,8.44384668E+3,
615.4500,8.18255908E+3,
615.600,8.38965723E+3,
615.7500,8.24622363E+3,
615.900,8.15490576E+3,
616.0500,8.51553516E+3,
616.200,8.00468359E+3,
616.3500,7.86512939E+3,
616.500,8.10435205E+3,
616.6500,7.90297266E+3,
616.800,7.75403711E+3,
616.9500,7.75313232E+3,
617.100,8.13707813E+3,
617.2500,7.84738672E+3,
617.400,7.63555469E+3,
617.5500,7.73341211E+3,
617.700,7.31136475E+3,
617.8500,7.39478125E+3,
618.00,7.60612012E+3,
618.1500,7.54584180E+3,
618.300,7.31731738E+3,
618.4500,7.23912598E+3,
618.600,7.40063672E+3,
618.7500,7.22205811E+3,
618.900,6.96825781E+3,
619.0500,7.14165332E+3,
619.200,7.08851465E+3,
619.3500,7.14182520E+3,
619.500,6.99599023E+3,
619.6500,7.05505615E+3,
619.800,6.80409717E+3,
619.9500,6.89491504E+3,
620.100,6.71255176E+3,
620.2500,7.14165088E+3,
620.400,6.92106885E+3,
620.5500,6.70549121E+3,
620.700,6.70599658E+3,
620.8500,6.78281201E+3,
621.00,6.72750488E+3,
621.1500,6.56865039E+3,
621.300,6.49184814E+3,
621.4500,6.74303125E+3,
621.600,6.62177295E+3,
621.7500,6.44068945E+3,
621.900,6.46112402E+3,
622.0500,6.13900684E+3,
622.200,6.41839941E+3,
622.3500,6.30118604E+3,
622.500,6.22545361E+3,
622.6500,5.99944678E+3,
622.800,5.95290967E+3,
622.9500,6.07476807E+3,
623.100,5.91363867E+3,
623.2500,5.99967090E+3,
623.400,5.83480176E+3,
623.5500,5.87547070E+3,
623.700,5.83730273E+3,
623.8500,5.60120947E+3,
624.00,5.63551465E+3,
624.1500,5.50227197E+3,
624.300,5.63770361E+3,
624.4500,5.54989844E+3,
624.600,5.37578369E+3,
624.7500,5.73003174E+3,
624.900,5.46004590E+3,
625.0500,5.35892969E+3,
625.200,5.57927441E+3,
625.3500,5.32014746E+3,
625.500,5.12521387E+3,
625.6500,5.08814941E+3,
625.800,5.20671289E+3,
625.9500,4.96045947E+3,
626.100,5.17936230E+3,
626.2500,5.09516162E+3,
626.400,5.09852881E+3,
626.5500,4.88799023E+3,
626.700,4.86887256E+3,
626.8500,4.77072412E+3,
627.00,4.99167627E+3,
627.1500,4.76658008E+3,
627.300,4.83907764E+3,
627.4500,4.92456055E+3,
627.600,4.84460352E+3,
627.7500,4.79625586E+3,
627.900,4.74770850E+3,
628.0500,4.67654395E+3,
628.200,4.56019873E+3,
628.3500,4.66861133E+3,
628.500,4.52275000E+3,
628.6500,4.34078955E+3,
628.800,4.24871680E+3,
628.9500,4.51938818E+3,
629.100,4.58651123E+3,
629.2500,4.56604150E+3,
629.400,4.44113232E+3,
629.5500,4.52153711E+3,
629.700,4.36656152E+3,
629.8500,4.78817090E+3,
630.00,4.20919092E+3,
630.1500,4.33918750E+3,
630.300,4.37400293E+3,
630.4500,4.26682373E+3,
630.600,4.19563184E+3,
630.7500,4.21372656E+3,
630.900,4.31166016E+3,
631.0500,4.19350146E+3,
631.200,4.08164941E+3,
631.3500,4.11646826E+3,
631.500,4.20501660E+3,
631.6500,4.16296631E+3,
631.800,4.26200684E+3,
631.9500,4.05471094E+3,
632.100,4.28225439E+3,
632.2500,4.08771143E+3,
632.400,4.02461401E+3,
632.5500,3.97143286E+3,
632.700,4.12227051E+3,
632.8500,4.17136182E+3,
633.00,4.19670508E+3,
633.1500,4.18780957E+3,
633.300,4.13768213E+3,
633.4500,3.89140039E+3,
633.600,4.11945557E+3,
633.7500,4.15857471E+3,
633.900,4.16325391E+3,
634.0500,4.10904150E+3,
634.200,3.97131836E+3,
634.3500,4.02085791E+3,
634.500,4.08800000E+3,
634.6500,4.22173730E+3,
634.800,4.01309497E+3,
634.9500,4.03499316E+3,
635.100,3.97281177E+3,
635.2500,3.99843433E+3,
635.400,3.78784595E+3,
635.5500,3.85556714E+3,
635.700,3.99791357E+3,
635.8500,4.16210400E+3,
636.00,3.71896143E+3,
636.1500,3.79792407E+3,
636.300,3.98429565E+3,
636.4500,3.50958032E+3,
636.600,3.91119214E+3,
636.7500,3.89773413E+3,
636.900,3.84460791E+3,
637.0500,3.77676978E+3,
637.200,3.78808691E+3,
637.3500,3.57124634E+3,
637.500,3.60392920E+3,
637.6500,3.33124585E+3,
637.800,3.62591577E+3,
637.9500,3.61139307E+3,
638.100,3.64789185E+3,
638.2500,3.32517529E+3,
638.400,3.40156567E+3,
638.5500,3.24635596E+3,
638.700,3.64002930E+3,
638.8500,3.32944775E+3,
639.00,3.06945508E+3,
639.1500,3.27236255E+3,
639.300,3.33108765E+3,
639.4500,3.39749390E+3,
639.600,3.23271167E+3,
639.7500,3.24678735E+3,
639.900,3.37335376E+3,
640.0500,3.12868286E+3,
640.200,3.11275732E+3,
640.3500,3.05525562E+3,
640.500,3.03907373E+3,
640.6500,3.00008374E+3,
640.800,2.91155981E+3,
640.9500,3.14980396E+3,
641.100,2.79433789E+3,
641.2500,3.09061523E+3,
641.400,3.15460791E+3,
641.5500,3.11142920E+3,
641.700,2.91427100E+3,
641.8500,2.89734155E+3,
642.00,2.86102124E+3,
642.1500,2.86704102E+3,
642.300,2.79552246E+3,
642.4500,2.82471631E+3,
642.600,2.88905981E+3,
642.7500,2.83660718E+3,
642.900,2.56496240E+3,
643.0500,2.74274121E+3,
643.200,2.70528101E+3,
643.3500,2.74634204E+3,
643.500,2.66927661E+3,
643.6500,2.59188013E+3,
643.800,2.52998096E+3,
643.9500,2.28530835E+3,
644.100,2.48091748E+3,
644.2500,2.45820508E+3,
644.400,2.64698877E+3,
644.5500,2.49647925E+3,
644.700,2.57385327E+3,
644.8500,2.41450562E+3,
645.00,2.32694702E+3,
645.1500,2.34405908E+3,
645.300,2.40974829E+3,
645.4500,2.48381689E+3,
645.600,2.30643262E+3,
645.7500,2.37243481E+3,
645.900,2.18179126E+3,
646.0500,2.41129932E+3,
646.200,2.26095752E+3,
646.3500,2.06068140E+3,
646.500,2.22154297E+3,
646.6500,2.18519971E+3,
646.800,2.35115405E+3,
646.9500,2.13684399E+3,
647.100,2.29505469E+3,
647.2500,2.17109375E+3,
647.400,2.28000586E+3,
647.5500,1.99253918E+3,
647.700,2.20198730E+3,
647.8500,2.29486206E+3,
648.00,2.04756885E+3,
648.1500,2.20360962E+3,
648.300,2.18296167E+3,
648.4500,1.94218945E+3,
648.600,2.14137744E+3,
648.7500,2.05669629E+3,
648.900,2.03552295E+3,
649.0500,2.12521460E+3,
649.200,2.06990552E+3,
649.3500,1.73576758E+3,
649.500,1.87264038E+3,
649.6500,2.01009485E+3,
649.800,1.79873315E+3,
649.9500,2.03170349E+3,
650.100,2.03617810E+3,
650.2500,2.01466797E+3,
650.400,1.74500989E+3,
650.5500,1.84485083E+3,
650.700,1.88393738E+3,
650.8500,1.85309424E+3,
651.00,1.66843286E+3,
651.1500,1.92306519E+3,
651.300,1.85686975E+3,
651.4500,1.77268433E+3,
651.600,1.65709009E+3,
651.7500,1.87402136E+3,
651.900,2.11864014E+3,
652.0500,1.94946228E+3,
652.200,1.70346533E+3,
652.3500,1.95375269E+3,
652.500,1.98059888E+3,
652.6500,2.07957861E+3,
652.800,1.98951257E+3,
652.9500,2.03468066E+3,
653.100,1.78094409E+3,
653.2500,1.74860535E+3,
653.400,1.93916370E+3,
653.5500,1.71083997E+3,
653.700,1.76497876E+3,
653.8500,1.72311365E+3,
654.00,1.69023804E+3,
654.1500,1.81378992E+3,
654.300,1.47187732E+3,
654.4500,1.62322656E+3,
654.600,1.63156958E+3,
654.7500,1.39371912E+3,
654.900,1.79269495E+3,
655.0500,1.71279407E+3,
655.200,1.53430591E+3,
655.3500,1.37842871E+3,
655.500,1.62596875E+3,
655.6500,1.75218005E+3,
655.800,1.62874829E+3,
655.9500,1.46215540E+3,
656.100,1.45129150E+3,
656.2500,1.68280640E+3,
656.400,1.55803369E+3,
656.5500,1.54728967E+3,
656.700,1.39768091E+3,
656.8500,1.54002820E+3,
657.00,1.69264124E+3,
657.1500,1.40739380E+3,
657.300,1.32371118E+3,
657.4500,1.35100769E+3,
657.600,1.39783838E+3,
657.7500,1.40596155E+3,
657.900,1.34097302E+3,
658.0500,1.43208862E+3,
658.200,1.42566870E+3,
658.3500,1.06563525E+3,
658.500,1.43240381E+3,
658.6500,1.43085193E+3,
658.800,1.22651282E+3,
658.9500,1.28889807E+3,
659.100,1.25218286E+3,
659.2500,1.17543933E+3,
659.400,1.11829846E+3,
659.5500,1.31108850E+3,
659.700,1.21385889E+3,
659.8500,1.17146924E+3,
660.00,1.08855664E+3,
660.1500,1.24775464E+3,
660.300,1.27098499E+3,
660.4500,1.13189795E+3,
660.600,1.06336963E+3,
660.7500,1.15770984E+3,
660.900,9.50875000E+2,
661.0500,1.13252344E+3,
661.200,1.06337744E+3,
661.3500,1.09172986E+3,
661.500,1.13054028E+3,
661.6500,1.13331189E+3,
661.800,9.64897705E+2,
661.9500,9.62064758E+2,
662.100,9.85289795E+2,
662.2500,1.06611719E+3,
662.400,8.85390625E+2,
662.5500,1.05039185E+3,
662.700,9.74018982E+2,
662.8500,1.03976758E+3,
663.00,9.36522583E+2,
663.1500,1.09262769E+3,
663.300,9.67689392E+2,
663.4500,8.90106384E+2,
663.600,9.29684509E+2,
663.7500,9.21246948E+2,
663.900,9.07394958E+2,
664.0500,8.77304016E+2,
664.200,9.44141602E+2,
664.3500,9.46397278E+2,
664.500,7.37243896E+2,
664.6500,8.20515503E+2,
664.800,7.46220947E+2,
664.9500,8.02606201E+2,
665.100,8.97555542E+2,
665.2500,7.57052551E+2,
665.400,7.97343201E+2,
665.5500,7.05532654E+2,
665.700,7.07209534E+2,
665.8500,7.47657776E+2,
666.00,9.10425171E+2,
666.1500,8.12435791E+2,
666.300,8.47842346E+2,
666.4500,6.03853882E+2,
666.600,6.61342773E+2,
666.7500,6.34833496E+2,
666.900,6.87035034E+2,
667.0500,6.09654053E+2,
667.200,5.60200684E+2,
667.3500,6.92017395E+2,
667.500,8.47212769E+2,
667.6500,5.35776855E+2,
667.800,7.94182739E+2,
667.9500,7.21650574E+2,
668.100,8.26791504E+2,
668.2500,7.36773926E+2,
668.400,5.77053467E+2,
668.5500,5.95860474E+2,
668.700,7.36552917E+2,
668.8500,8.43065308E+2,
669.00,6.12034485E+2,
669.1500,5.78570557E+2,
669.300,6.79694031E+2,
669.4500,6.28601135E+2,
669.600,6.89149353E+2,
669.7500,5.19693176E+2,
669.900,6.51320740E+2,
670.0500,6.23339661E+2,
670.200,5.65437744E+2,
670.3500,5.96742737E+2,
670.500,6.58121887E+2,
670.6500,4.79878510E+2,
670.800,4.87140015E+2,
670.9500,5.84883667E+2,
671.100,6.04488281E+2,
671.2500,5.51442749E+2,
671.400,5.95329163E+2,
671.5500,4.81093872E+2,
671.700,5.06703461E+2,
671.8500,5.26316833E+2,
672.00,6.07375977E+2,
672.1500,6.39576721E+2,
672.300,5.11650879E+2,
672.4500,6.36459045E+2,
672.600,6.00817444E+2,
672.7500,5.52584595E+2,
672.900,5.47684265E+2,
673.0500,4.67901825E+2,
673.200,4.56539551E+2,
673.3500,6.01851135E+2,
673.500,5.59333069E+2,
673.6500,6.11104980E+2,
673.800,6.12602844E+2,
673.9500,5.50796265E+2,
674.100,5.90261780E+2,
674.2500,6.55393433E+2,
674.400,4.84822357E+2,
674.5500,5.75593018E+2,
674.700,5.89883423E+2,
674.8500,4.69252747E+2,
675.00,6.05784241E+2,
675.1500,4.97514252E+2,
675.300,6.73709412E+2,
675.4500,5.19583313E+2,
675.600,5.73025757E+2,
675.7500,6.26743225E+2,
675.900,4.71279907E+2,
676.0500,4.65948242E+2,
676.200,5.65877258E+2,
676.3500,4.15632111E+2,
676.500,5.49025024E+2,
676.6500,5.04050873E+2,
676.800,5.51931824E+2,
676.9500,6.20066772E+2,
677.100,5.81599915E+2,
677.2500,4.62492889E+2,
677.400,4.97324371E+2,
677.5500,4.91906738E+2,
677.700,5.67535156E+2,
677.8500,4.80978607E+2,
678.00,5.43390625E+2,
678.1500,4.90325317E+2,
678.300,5.53052490E+2,
678.4500,5.68185974E+2,
678.600,4.94169861E+2,
678.7500,3.85357483E+2,
678.900,6.34741333E+2,
679.0500,4.28869934E+2,
679.200,5.61732300E+2,
679.3500,4.38021637E+2,
679.500,5.29760864E+2,
679.6500,4.75212128E+2,
679.800,5.74519226E+2,
679.9500,5.19799988E+2,
680.100,4.16924652E+2,
680.2500,4.32249329E+2,
680.400,4.12128754E+2,
680.5500,5.27274658E+2,
680.700,4.00124725E+2,
680.8500,4.44223724E+2,
681.00,3.59239197E+2,
681.1500,5.04312775E+2,
681.300,4.98470093E+2,
681.4500,4.20153503E+2,
681.600,5.81112732E+2,
681.7500,4.66167206E+2,
681.900,5.11272522E+2,
682.0500,4.54079315E+2,
682.200,5.06713165E+2,
682.3500,4.49175812E+2,
682.500,5.68527710E+2,
682.6500,5.33051392E+2,
682.800,5.04802032E+2,
682.9500,7.22040100E+2,
683.100,4.55290131E+2,
683.2500,7.10963135E+2,
683.400,7.12875122E+2,
683.5500,6.24502563E+2,
683.700,5.28107300E+2,
683.8500,6.43000854E+2,
684.00,6.44734314E+2,
684.1500,6.38871155E+2,
684.300,6.78728394E+2,
684.4500,5.35276123E+2,
684.600,4.83052765E+2,
684.7500,6.68880188E+2,
684.900,5.85894104E+2,
685.0500,5.87481995E+2,
685.200,5.89074158E+2,
685.3500,4.97407471E+2,
685.500,5.92273926E+2,
685.6500,4.29783508E+2,
685.800,7.36534241E+2,
685.9500,6.83540466E+2,
686.100,5.98735474E+2,
686.2500,8.05743774E+2,
686.400,6.25749756E+2,
686.5500,5.87735474E+2,
686.700,7.72503479E+2,
686.8500,7.58632080E+2,
687.00,7.68703125E+2,
687.1500,6.50374451E+2,
687.300,7.00468689E+2,
687.4500,6.78174866E+2,
687.600,6.80040894E+2,
687.7500,7.06267700E+2,
687.900,7.73338318E+2,
688.0500,8.32609314E+2,
688.200,8.84017517E+2,
688.3500,1.00136761E+3,
688.500,6.91369873E+2,
688.6500,7.84068054E+2,
688.800,8.11064148E+2,
688.9500,7.05421936E+2,
689.100,6.90706177E+2,
689.2500,7.50992798E+2,
689.400,7.36300903E+2,
689.5500,7.88641846E+2,
689.700,6.81425171E+2,
689.8500,6.24232727E+2,
690.00,6.76686279E+2,
690.1500,6.86993591E+2,
690.300,6.03804382E+2,
690.4500,6.48072327E+2,
690.600,6.24173401E+2,
690.7500,5.91568237E+2,
690.900,6.53347229E+2,
691.0500,6.80980774E+2,
691.200,6.56909973E+2,
691.3500,6.76039124E+2,
691.500,7.30032715E+2,
691.6500,9.06324463E+2,
691.800,7.60250854E+2,
691.9500,6.22135803E+2,
692.100,7.11711304E+2,
692.2500,6.16752625E+2,
692.400,6.27287903E+2,
692.5500,6.55595337E+2,
692.700,8.26198792E+2,
692.8500,7.12671875E+2,
693.00,6.07445923E+2,
693.1500,8.06173157E+2,
693.300,7.18559814E+2,
693.4500,8.10595886E+2,
693.600,8.03787842E+2,
693.7500,6.42984009E+2,
693.900,5.53941101E+2,
694.0500,6.10100098E+2,
694.200,4.20029388E+2,
694.3500,6.86719238E+2,
694.500,5.87617920E+2,
694.6500,6.35276489E+2,
694.800,7.38587952E+2,
694.9500,8.33211731E+2,
695.100,6.96289185E+2,
695.2500,6.42393677E+2,
695.400,7.93590515E+2,
695.5500,7.95833130E+2,
695.700,6.10300903E+2,
695.8500,6.30861084E+2,
696.00,6.23206787E+2,
696.1500,7.10186646E+2,
696.300,9.68577759E+2,
696.4500,8.47519165E+2,
696.600,7.92617004E+2,
696.7500,7.37399719E+2,
696.900,7.39488647E+2,
697.0500,8.76395508E+2,
697.200,8.69160461E+2,
697.3500,6.48830811E+2,
697.500,7.67156616E+2,
697.6500,7.20593567E+2,
697.800,8.59296692E+2,
697.9500,9.10641052E+2,
698.100,5.69504639E+2,
698.2500,8.27094238E+2,
698.400,7.10912598E+2,
698.5500,6.43583801E+2,
698.700,8.14170898E+2,
698.8500,7.86573730E+2,
699.00,8.58662659E+2,
699.1500,6.80866272E+2,
699.300,8.53494812E+2,
699.4500,7.65291138E+2,
699.600,7.16973633E+2,
699.7500,6.98758118E+2,
699.900,8.12460693E+2,
700.0500,8.14756958E+2,
700.200,7.35326904E+2,
700.3500,8.60275574E+2,
700.500,8.11328857E+2,
700.6500,7.51806030E+2,
700.800,7.64236389E+2,
700.9500,8.69942566E+2,
701.100,8.51549866E+2,
701.2500,6.56004822E+2,
701.400,8.66595459E+2,
701.5500,9.31751221E+2,
701.700,7.76811035E+2,
701.8500,8.31543335E+2,
702.00,6.86034851E+2,
702.1500,7.09058533E+2,
702.300,8.70152893E+2,
702.4500,7.23547241E+2,
702.600,6.08148621E+2,
702.7500,9.30747498E+2,
702.900,9.76187500E+2,
703.0500,8.49796814E+2,
703.200,1.06796106E+3,
703.3500,7.46452515E+2,
703.500,8.78763489E+2,
703.6500,1.03358545E+3,
703.800,8.40135620E+2,
703.9500,7.98766052E+2,
704.100,8.55974854E+2,
704.2500,9.02540588E+2,
704.400,8.16907959E+2,
704.5500,9.18984619E+2,
704.700,1.03277197E+3,
704.8500,8.13085938E+2,
705.00,8.71368347E+2,
705.1500,9.18775208E+2,
705.300,9.77694641E+2,
705.4500,9.46791504E+2,
705.600,8.36563049E+2,
705.7500,8.16380920E+2,
705.900,6.70977051E+2,
706.0500,1.07218530E+3,
706.200,1.12108362E+3,
706.3500,9.52271301E+2,
706.500,1.21972095E+3,
706.6500,8.54004761E+2,
706.800,1.09957886E+3,
706.9500,1.04477295E+3,
707.100,9.77981934E+2,
707.2500,1.06258496E+3,
707.400,9.60304138E+2,
707.5500,9.98359070E+2,
707.700,8.95275757E+2,
707.8500,9.21539612E+2,
708.00,9.24254578E+2,
708.1500,1.11706250E+3,
708.300,1.14412561E+3,
708.4500,9.92055298E+2,
708.600,1.27063135E+3,
708.7500,1.14207483E+3,
708.900,1.10922046E+3,
709.0500,8.10111084E+2,
709.200,1.04272717E+3,
709.3500,1.10641162E+3,
709.500,9.87562195E+2,
709.6500,1.02698596E+3,
709.800,8.82721558E+2,
709.9500,1.06959265E+3,
710.100,1.17114734E+3,
710.2500,9.64189514E+2,
710.400,1.04118579E+3,
710.5500,1.09373743E+3,
710.700,1.10918457E+3,
710.8500,1.03723181E+3,
711.00,9.64880249E+2,
711.1500,9.29870483E+2,
711.300,8.06452637E+2,
711.4500,1.13723901E+3,
711.600,1.25445581E+3,
711.7500,1.05465491E+3,
711.900,1.00663751E+3,
712.0500,9.20022522E+2,
712.200,9.86713379E+2,
712.3500,1.20798950E+3,
712.500,1.00523163E+3,
712.6500,1.04687439E+3,
712.800,8.68405701E+2,
712.9500,1.11785852E+3,
713.100,1.26438965E+3,
713.2500,9.67281189E+2,
713.400,1.03552734E+3,
713.5500,8.80689514E+2,
713.700,9.09521362E+2,
713.8500,8.19543396E+2,
714.00,9.41144470E+2,
714.1500,9.30456604E+2,
714.300,1.22627063E+3,
714.4500,8.82154907E+2,
714.600,9.65020447E+2,
714.7500,9.67700073E+2,
714.900,7.95181335E+2,
715.0500,1.10827258E+3,
715.200,8.13260925E+2,
715.3500,8.29192322E+2,
715.500,9.54270508E+2,
715.6500,7.38273132E+2,
715.800,8.63801819E+2,
715.9500,7.56290710E+2,
716.100,6.89546265E+2,
716.2500,7.33069275E+2,
716.400,8.87823730E+2,
716.5500,8.90440369E+2,
716.700,9.76795288E+2,
716.8500,1.02166809E+3,
717.00,7.29916748E+2,
717.1500,7.46118713E+2,
717.300,6.77697083E+2,
717.4500,7.92952759E+2,
717.600,8.80474304E+2,
717.7500,9.82746033E+2,
717.900,8.71346741E+2,
718.0500,7.73597900E+2,
718.200,7.61451050E+2,
718.3500,1.02298602E+3,
718.500,7.94732056E+2,
718.6500,7.68037598E+2,
718.800,7.55716125E+2,
718.9500,6.70447021E+2,
719.100,6.57747742E+2,
719.2500,9.38128967E+2,
719.400,7.35004456E+2,
719.5500,7.07618225E+2,
719.700,1.00532574E+3,
719.8500,7.11672241E+2,
720.00,5.79889954E+2,
720.1500,9.09585449E+2,
720.300,4.78516266E+2,
720.4500,6.74830322E+2,
720.600,9.02338318E+2,
720.7500,8.14421753E+2,
720.900,7.56249023E+2,
721.0500,7.58395447E+2,
721.200,6.99679504E+2,
721.3500,9.45691345E+2,
721.500,8.41275146E+2,
721.6500,8.43640625E+2,
721.800,1.09212598E+3,
721.9500,7.55844299E+2,
722.100,7.88874207E+2,
722.2500,9.15127014E+2,
722.400,7.77665405E+2,
722.5500,5.92652283E+2,
722.700,9.07068542E+2,
722.8500,8.46841919E+2,
723.00,6.76199219E+2,
723.1500,7.09630432E+2,
723.300,5.37665649E+2,
723.4500,4.91599091E+2,
723.600,6.83808594E+2,
723.7500,9.56831299E+2,
723.900,7.67617981E+2,
724.0500,6.09423767E+2,
724.200,9.16787292E+2,
724.3500,5.64573669E+2,
724.500,8.73587891E+2,
724.6500,6.97659546E+2,
724.800,6.02059631E+2,
724.9500,6.69093506E+2,
725.100,6.21929688E+2,
725.2500,7.38619385E+2,
725.400,7.73674866E+2,
725.5500,6.76857544E+2,
725.700,6.12590637E+2,
725.8500,6.47573975E+2,
726.00,8.49283386E+2,
726.1500,6.01172363E+2,
726.300,6.53093750E+2,
726.4500,5.54168091E+2,
726.600,7.57805176E+2,
726.7500,6.75497681E+2,
726.900,7.62073547E+2,
727.0500,4.41538239E+2,
727.200,6.30070374E+2,
727.3500,6.83030945E+2,
727.500,7.36280273E+2,
727.6500,9.10010742E+2,
727.800,8.95303528E+2,
727.9500,7.07863037E+2,
728.100,5.53993225E+2,
728.2500,5.38147705E+2,
728.400,8.00727173E+2,
728.5500,5.41097534E+2,
728.700,6.30094543E+2,
728.8500,7.37127563E+2,
729.00,6.68756775E+2,
729.1500,5.11794922E+2,
729.300,6.54806885E+2,
729.4500,5.67907349E+2,
729.600,7.29672791E+2,
729.7500,4.64018890E+2,
729.900,4.65324127E+2,
730.0500,5.92272888E+2,
730.200,5.03970490E+2,
730.3500,4.69310577E+2,
730.500,7.42185303E+2,
730.6500,7.08005188E+2,
730.800,7.64653748E+2,
730.9500,5.84267517E+2,
731.100,4.39436279E+2,
731.2500,5.50830505E+2,
731.400,7.18083984E+2,
731.5500,7.20094543E+2,
731.700,6.48051270E+2,
731.8500,7.42709167E+2,
732.00,6.70316711E+2,
732.1500,5.22794128E+2,
732.300,6.55294067E+2,
732.4500,6.94652588E+2,
732.600,7.53051025E+2,
732.7500,7.55134399E+2,
732.900,6.62573120E+2,
733.0500,6.83404236E+2,
733.200,7.99560303E+2,
733.3500,4.77275970E+2,
733.500,5.93499512E+2,
733.6500,5.18386169E+2,
733.800,7.89414185E+2,
733.9500,6.95116150E+2,
734.100,8.71387329E+2,
734.2500,7.18538940E+2,
734.400,5.25852844E+2,
734.5500,6.64097473E+2,
734.700,7.44374329E+2,
734.8500,7.07239197E+2,
735.00,6.89587341E+2,
735.1500,4.93965912E+2,
735.300,6.34078613E+2,
735.4500,6.75632690E+2,
735.600,7.97133850E+2,
735.7500,4.79649109E+2,
735.900,8.41791870E+2,
736.0500,5.62782349E+2,
736.200,8.26347351E+2,
736.3500,8.69049194E+2,
736.500,5.87722595E+2,
736.6500,6.50316467E+2,
736.800,6.72495422E+2,
736.9500,8.37842163E+2,
737.100,4.91757141E+2,
737.2500,6.16313354E+2,
737.400,5.56143127E+2,
737.5500,7.02173462E+2,
737.700,7.45440063E+2,
737.8500,6.22840576E+2,
738.00,4.37140930E+2,
738.1500,1.02259308E+3,
738.300,7.32283936E+2,
738.4500,6.29273315E+2,
738.600,8.20143494E+2,
738.7500,6.95740601E+2,
738.900,4.86150635E+2,
739.0500,8.26467041E+2,
739.200,9.56114197E+2,
739.3500,9.37317688E+2,
739.500,7.90267029E+2,
739.6500,7.49514160E+2,
739.800,7.51484009E+2,
739.9500,7.74989929E+2,
740.100,9.49785889E+2,
740.2500,6.06080444E+2,
740.400,8.89932739E+2,
740.5500,8.70632263E+2,
740.700,7.42091675E+2,
740.8500,8.09813721E+2,
741.00,7.68170410E+2,
741.1500,9.02357910E+2,
741.300,8.38656921E+2,
741.4500,7.52467834E+2,
741.600,9.54303589E+2,
741.7500,7.12161865E+2,
741.900,6.91835571E+2,
742.0500,5.81855774E+2,
742.200,6.95636841E+2,
742.3500,4.05016815E+2,
742.500,7.44552734E+2,
742.6500,4.52474762E+2,
742.800,5.67136414E+2,
742.9500,8.64403625E+2,
743.100,6.15863770E+2,
743.2500,4.57447205E+2,
743.400,4.58704376E+2,
743.5500,3.44974060E+2,
743.700,4.38170837E+2,
743.8500,5.31879517E+2,
744.00,4.63780365E+2,
744.1500,3.72055786E+2,
744.300,6.76226440E+2,
744.4500,3.97513214E+2,
744.600,7.03450195E+2,
744.7500,3.05679596E+2,
744.900,7.07387146E+2,
745.0500,4.49254913E+2,
745.200,5.69031006E+2,
745.3500,4.99263916E+2,
745.500,1.90716599E+2,
745.6500,4.06384369E+2,
745.800,5.99263733E+2,
745.9500,3.36510254E+2,
746.100,3.61507233E+2,
746.2500,2.89964447E+2,
746.400,6.05679688E+2,
746.5500,5.10107849E+2,
746.700,5.35805542E+2,
746.8500,5.12798096E+2,
747.00,2.69316895E+2,
747.1500,3.92704132E+2,
747.300,5.65910767E+2,
747.4500,3.20656494E+2,
747.600,3.70906921E+2,
747.7500,3.47040222E+2,
747.900,6.21257019E+2,
748.0500,6.72623535E+2,
748.200,3.49631256E+2,
748.3500,3.75532745E+2,
748.500,3.76463806E+2,
748.6500,8.05116577E+2,
748.800,4.79224823E+2,
748.9500,3.53991272E+2,
749.100,4.81668182E+2,
749.2500,4.06696777E+2,
749.400,4.84242004E+2,
749.5500,4.08871948E+2,
749.700,5.12457764E+2,
749.8500,3.33989624E+2,
750.00,4.12166290E+2,
750.1500,7.23248047E+2,
