Labels,32C_8_100K,
Type,Emission Scan,
Comment,,
Start,252.00,
Stop,750.00,
Step,0.150,
Fixed/Offset,248.400,
Xaxis,Wavelength,
Yaxis,Counts,
Scan Corr. by File,True,
Corr. by Ref. Det.,False,
Fixed/Offset Corr. by File,False,
Repeats,1,
Dwell Time,0.20,
Lamp,Xe,
Temp,28.0,
Scan Polariser,None,
Scan Slit,0.2520,
Fixed/Offset Polariser,None,
Fixed/Offset Slit,2.9970,
Detector,Red PMT,

252.00,4.30128359E+4,
252.1500,2.51251641E+4,
252.300,1.92403750E+4,
252.4500,1.98498359E+4,
252.600,2.31953164E+4,
252.7500,2.22384668E+4,
252.900,2.07913027E+4,
253.0500,2.09008145E+4,
253.200,1.98069883E+4,
253.3500,2.28589082E+4,
253.500,1.87731777E+4,
253.6500,2.12664199E+4,
253.800,1.59969287E+4,
253.9500,2.06172715E+4,
254.100,1.92894707E+4,
254.2500,1.91857266E+4,
254.400,1.70293828E+4,
254.5500,1.85529297E+4,
254.700,1.72566465E+4,
254.8500,1.64903262E+4,
255.00,1.63665703E+4,
255.1500,1.85830371E+4,
255.300,1.90624434E+4,
255.4500,1.69128926E+4,
255.600,1.65034766E+4,
255.7500,1.73700664E+4,
255.900,1.64679277E+4,
256.0500,1.73598242E+4,
256.200,1.78462109E+4,
256.3500,1.76066191E+4,
256.500,1.83038223E+4,
256.6500,1.83487324E+4,
256.800,1.80539043E+4,
256.9500,1.91512461E+4,
257.100,1.90021406E+4,
257.2500,2.12070293E+4,
257.400,1.92827734E+4,
257.5500,2.07888125E+4,
257.700,2.11747402E+4,
257.8500,2.33559961E+4,
258.00,2.30952832E+4,
258.1500,2.63305781E+4,
258.300,2.42414355E+4,
258.4500,2.92433359E+4,
258.600,3.19084141E+4,
258.7500,3.38512109E+4,
258.900,3.48783516E+4,
259.0500,3.78673906E+4,
259.200,4.20261563E+4,
259.3500,4.03301953E+4,
259.500,4.23332227E+4,
259.6500,4.54903164E+4,
259.800,4.90093555E+4,
259.9500,5.19388086E+4,
260.100,5.76203242E+4,
260.2500,5.77576055E+4,
260.400,6.47882031E+4,
260.5500,6.88542188E+4,
260.700,7.22370781E+4,
260.8500,7.21591172E+4,
261.00,7.69517422E+4,
261.1500,8.39815156E+4,
261.300,8.55386875E+4,
261.4500,9.05927109E+4,
261.600,9.14539297E+4,
261.7500,1.00637500E+5,
261.900,1.04912961E+5,
262.0500,1.08690898E+5,
262.200,1.16186859E+5,
262.3500,1.16117828E+5,
262.500,1.23348633E+5,
262.6500,1.27837547E+5,
262.800,1.36932578E+5,
262.9500,1.39230125E+5,
263.100,1.44460500E+5,
263.2500,1.46028375E+5,
263.400,1.56059656E+5,
263.5500,1.53617141E+5,
263.700,1.68006531E+5,
263.8500,1.68007109E+5,
264.00,1.79672313E+5,
264.1500,1.79468781E+5,
264.300,1.86620203E+5,
264.4500,1.91586125E+5,
264.600,1.93272078E+5,
264.7500,1.98599281E+5,
264.900,2.09173219E+5,
265.0500,2.08802203E+5,
265.200,2.12562516E+5,
265.3500,2.20994797E+5,
265.500,2.29515438E+5,
265.6500,2.30665906E+5,
265.800,2.36815500E+5,
265.9500,2.38461203E+5,
266.100,2.43187609E+5,
266.2500,2.45164594E+5,
266.400,2.48358109E+5,
266.5500,2.56869125E+5,
266.700,2.59298359E+5,
266.8500,2.59028453E+5,
267.00,2.56781422E+5,
267.1500,2.64348531E+5,
267.300,2.68969625E+5,
267.4500,2.58364719E+5,
267.600,2.65230219E+5,
267.7500,2.72129969E+5,
267.900,2.72699094E+5,
268.0500,2.71455844E+5,
268.200,2.65782719E+5,
268.3500,2.64856781E+5,
268.500,2.67066094E+5,
268.6500,2.71002406E+5,
268.800,2.65769750E+5,
268.9500,2.68147000E+5,
269.100,2.65592844E+5,
269.2500,2.68387031E+5,
269.400,2.73690969E+5,
269.5500,2.71787031E+5,
269.700,2.72836813E+5,
269.8500,2.71455875E+5,
270.00,2.73980844E+5,
270.1500,2.73316656E+5,
270.300,2.75450219E+5,
270.4500,2.77483719E+5,
270.600,2.69235594E+5,
270.7500,2.69331031E+5,
270.900,2.69598438E+5,
271.0500,2.66936125E+5,
271.200,2.70774938E+5,
271.3500,2.71817094E+5,
271.500,2.68508188E+5,
271.6500,2.67337250E+5,
271.800,2.66263500E+5,
271.9500,2.74220500E+5,
272.100,2.61206703E+5,
272.2500,2.69688063E+5,
272.400,2.62787219E+5,
272.5500,2.65863469E+5,
272.700,2.57810063E+5,
272.8500,2.61387625E+5,
273.00,2.65245063E+5,
273.1500,2.60364172E+5,
273.300,2.56819609E+5,
273.4500,2.60741797E+5,
273.600,2.59505250E+5,
273.7500,2.61798094E+5,
273.900,2.63907656E+5,
274.0500,2.63786188E+5,
274.200,2.60550328E+5,
274.3500,2.69691938E+5,
274.500,2.67992094E+5,
274.6500,2.68083500E+5,
274.800,2.71118406E+5,
274.9500,2.71459969E+5,
275.100,2.71651219E+5,
275.2500,2.77114656E+5,
275.400,2.73694875E+5,
275.5500,2.78329531E+5,
275.700,2.82220156E+5,
275.8500,2.85386156E+5,
276.00,2.75284781E+5,
276.1500,2.80804219E+5,
276.300,2.83328656E+5,
276.4500,2.84359719E+5,
276.600,2.86064125E+5,
276.7500,2.89367906E+5,
276.900,2.93692531E+5,
277.0500,2.92689125E+5,
277.200,2.94944063E+5,
277.3500,2.96564875E+5,
277.500,3.01012781E+5,
277.6500,3.04420719E+5,
277.800,3.11475938E+5,
277.9500,3.12065063E+5,
278.100,3.08639563E+5,
278.2500,3.11546625E+5,
278.400,3.12866563E+5,
278.5500,3.09404719E+5,
278.700,3.13899656E+5,
278.8500,3.13255906E+5,
279.00,3.14176031E+5,
279.1500,3.14410500E+5,
279.300,3.18985594E+5,
279.4500,3.15254063E+5,
279.600,3.20907844E+5,
279.7500,3.23666719E+5,
279.900,3.20357844E+5,
280.0500,3.25187969E+5,
280.200,3.22843156E+5,
280.3500,3.29351375E+5,
280.500,3.32676000E+5,
280.6500,3.33931906E+5,
280.800,3.29746406E+5,
280.9500,3.20364406E+5,
281.100,3.30228625E+5,
281.2500,3.28268250E+5,
281.400,3.33862281E+5,
281.5500,3.23505938E+5,
281.700,3.21186219E+5,
281.8500,3.22301125E+5,
282.00,3.17001188E+5,
282.1500,3.22986688E+5,
282.300,3.20162375E+5,
282.4500,3.17632719E+5,
282.600,3.18099250E+5,
282.7500,3.16829000E+5,
282.900,3.15679125E+5,
283.0500,3.17685281E+5,
283.200,3.11210219E+5,
283.3500,3.11682563E+5,
283.500,3.08932969E+5,
283.6500,3.12485750E+5,
283.800,3.10502813E+5,
283.9500,3.02771031E+5,
284.100,3.01770375E+5,
284.2500,3.02019469E+5,
284.400,2.99926344E+5,
284.5500,2.90552656E+5,
284.700,2.88335094E+5,
284.8500,2.92943688E+5,
285.00,2.96272938E+5,
285.1500,2.92686969E+5,
285.300,2.82340500E+5,
285.4500,2.86496281E+5,
285.600,2.86782063E+5,
285.7500,2.77799969E+5,
285.900,2.71443750E+5,
286.0500,2.66464281E+5,
286.200,2.70984719E+5,
286.3500,2.63586094E+5,
286.500,2.59339234E+5,
286.6500,2.59676844E+5,
286.800,2.56042734E+5,
286.9500,2.49557859E+5,
287.100,2.46475250E+5,
287.2500,2.48615906E+5,
287.400,2.45338828E+5,
287.5500,2.41978344E+5,
287.700,2.43942172E+5,
287.8500,2.43395156E+5,
288.00,2.39617828E+5,
288.1500,2.39329922E+5,
288.300,2.30214469E+5,
288.4500,2.28491109E+5,
288.600,2.21347125E+5,
288.7500,2.20301391E+5,
288.900,2.16377969E+5,
289.0500,2.14217297E+5,
289.200,2.12672438E+5,
289.3500,2.08906000E+5,
289.500,2.09503938E+5,
289.6500,2.04960469E+5,
289.800,1.98663906E+5,
289.9500,2.01492594E+5,
290.100,1.95322813E+5,
290.2500,1.86878813E+5,
290.400,1.88927703E+5,
290.5500,1.85686953E+5,
290.700,1.79157047E+5,
290.8500,1.79707922E+5,
291.00,1.78769391E+5,
291.1500,1.74401656E+5,
291.300,1.73324594E+5,
291.4500,1.69770781E+5,
291.600,1.67750703E+5,
291.7500,1.64608828E+5,
291.900,1.61057141E+5,
292.0500,1.59242375E+5,
292.200,1.57573828E+5,
292.3500,1.53149859E+5,
292.500,1.51890750E+5,
292.6500,1.47733703E+5,
292.800,1.46327516E+5,
292.9500,1.43689078E+5,
293.100,1.45181547E+5,
293.2500,1.39908594E+5,
293.400,1.37269953E+5,
293.5500,1.37076984E+5,
293.700,1.39081547E+5,
293.8500,1.35963297E+5,
294.00,1.32258953E+5,
294.1500,1.27210336E+5,
294.300,1.30324406E+5,
294.4500,1.28559047E+5,
294.600,1.27924570E+5,
294.7500,1.20353633E+5,
294.900,1.22010070E+5,
295.0500,1.19711133E+5,
295.200,1.18298766E+5,
295.3500,1.16809000E+5,
295.500,1.14642836E+5,
295.6500,1.12033313E+5,
295.800,1.13980719E+5,
295.9500,1.11905258E+5,
296.100,1.10545117E+5,
296.2500,1.06377906E+5,
296.400,1.07702523E+5,
296.5500,1.06422227E+5,
296.700,1.04819883E+5,
296.8500,1.03794063E+5,
297.00,1.03355352E+5,
297.1500,1.05948453E+5,
297.300,1.03241289E+5,
297.4500,1.01063320E+5,
297.600,1.03044789E+5,
297.7500,1.01797984E+5,
297.900,1.04416273E+5,
298.0500,1.03093063E+5,
298.200,1.01082547E+5,
298.3500,1.01530273E+5,
298.500,1.03035891E+5,
298.6500,1.02215852E+5,
298.800,1.00160586E+5,
298.9500,1.00017922E+5,
299.100,1.00764500E+5,
299.2500,1.02462000E+5,
299.400,1.01320742E+5,
299.5500,1.00998086E+5,
299.700,1.01437266E+5,
299.8500,1.01735523E+5,
300.00,1.02851367E+5,
300.1500,1.05077563E+5,
300.300,1.02445539E+5,
300.4500,1.03135023E+5,
300.600,1.05133063E+5,
300.7500,1.05992813E+5,
300.900,1.04712258E+5,
301.0500,1.09046953E+5,
301.200,1.06438734E+5,
301.3500,1.08705273E+5,
301.500,1.09935844E+5,
301.6500,1.09766633E+5,
301.800,1.11646453E+5,
301.9500,1.12218391E+5,
302.100,1.12032797E+5,
302.2500,1.11880680E+5,
302.400,1.12844477E+5,
302.5500,1.13283945E+5,
302.700,1.16278492E+5,
302.8500,1.17133492E+5,
303.00,1.19666711E+5,
303.1500,1.19064742E+5,
303.300,1.16465930E+5,
303.4500,1.16960258E+5,
303.600,1.16451164E+5,
303.7500,1.18822008E+5,
303.900,1.20683461E+5,
304.0500,1.23613156E+5,
304.200,1.21493844E+5,
304.3500,1.23391906E+5,
304.500,1.22758867E+5,
304.6500,1.24563117E+5,
304.800,1.25044273E+5,
304.9500,1.24018344E+5,
305.100,1.26197391E+5,
305.2500,1.24795477E+5,
305.400,1.28976094E+5,
305.5500,1.27039641E+5,
305.700,1.27510453E+5,
305.8500,1.29764258E+5,
306.00,1.29597773E+5,
306.1500,1.27568711E+5,
306.300,1.28686117E+5,
306.4500,1.31676656E+5,
306.600,1.35027781E+5,
306.7500,1.32813781E+5,
306.900,1.28714813E+5,
307.0500,1.29385594E+5,
307.200,1.31636453E+5,
307.3500,1.32439453E+5,
307.500,1.32758563E+5,
307.6500,1.31773844E+5,
307.800,1.32721609E+5,
307.9500,1.31160875E+5,
308.100,1.32883563E+5,
308.2500,1.32062938E+5,
308.400,1.31305594E+5,
308.5500,1.32216203E+5,
308.700,1.33312813E+5,
308.8500,1.33770281E+5,
309.00,1.30756867E+5,
309.1500,1.31662000E+5,
309.300,1.30394516E+5,
309.4500,1.34301953E+5,
309.600,1.31457719E+5,
309.7500,1.33905672E+5,
309.900,1.32071969E+5,
310.0500,1.32620391E+5,
310.200,1.31486719E+5,
310.3500,1.31241953E+5,
310.500,1.31560156E+5,
310.6500,1.33177750E+5,
310.800,1.32030172E+5,
310.9500,1.31074563E+5,
311.100,1.28303539E+5,
311.2500,1.30625914E+5,
311.400,1.32910094E+5,
311.5500,1.31346594E+5,
311.700,1.28727055E+5,
311.8500,1.28317836E+5,
312.00,1.28923797E+5,
312.1500,1.29068766E+5,
312.300,1.27132094E+5,
312.4500,1.26765352E+5,
312.600,1.22831273E+5,
312.7500,1.23142695E+5,
312.900,1.22013844E+5,
313.0500,1.22935148E+5,
313.200,1.21023781E+5,
313.3500,1.23649703E+5,
313.500,1.25660539E+5,
313.6500,1.21485648E+5,
313.800,1.21979328E+5,
313.9500,1.20880516E+5,
314.100,1.21582969E+5,
314.2500,1.22192125E+5,
314.400,1.19933289E+5,
314.5500,1.20093125E+5,
314.700,1.20372492E+5,
314.8500,1.19646313E+5,
315.00,1.19437672E+5,
315.1500,1.17062672E+5,
315.300,1.17603250E+5,
315.4500,1.18623125E+5,
315.600,1.19556391E+5,
315.7500,1.16990750E+5,
315.900,1.17286344E+5,
316.0500,1.18126711E+5,
316.200,1.16471656E+5,
316.3500,1.15622086E+5,
316.500,1.14525219E+5,
316.6500,1.15081086E+5,
316.800,1.15797445E+5,
316.9500,1.17149125E+5,
317.100,1.12810609E+5,
317.2500,1.13477469E+5,
317.400,1.11893594E+5,
317.5500,1.12187813E+5,
317.700,1.11834695E+5,
317.8500,1.09591266E+5,
318.00,1.11076023E+5,
318.1500,1.10724023E+5,
318.300,1.10992242E+5,
318.4500,1.07874367E+5,
318.600,1.11456539E+5,
318.7500,1.10700828E+5,
318.900,1.10175422E+5,
319.0500,1.08629383E+5,
319.200,1.06939172E+5,
319.3500,1.06809672E+5,
319.500,1.06764672E+5,
319.6500,1.06133164E+5,
319.800,1.05937414E+5,
319.9500,1.02640430E+5,
320.100,1.04452016E+5,
320.2500,1.02722711E+5,
320.400,1.02909938E+5,
320.5500,1.01856047E+5,
320.700,1.02572141E+5,
320.8500,1.02137672E+5,
321.00,1.05038813E+5,
321.1500,1.03557242E+5,
321.300,1.03325875E+5,
321.4500,1.01353250E+5,
321.600,1.00370773E+5,
321.7500,1.02545102E+5,
321.900,1.00624352E+5,
322.0500,9.77170859E+4,
322.200,9.94556328E+4,
322.3500,9.79319766E+4,
322.500,9.82179375E+4,
322.6500,9.70711563E+4,
322.800,9.76952969E+4,
322.9500,9.73811328E+4,
323.100,9.47047109E+4,
323.2500,9.59130625E+4,
323.400,9.44700625E+4,
323.5500,9.29900313E+4,
323.700,9.21725000E+4,
323.8500,9.32316719E+4,
324.00,9.24788750E+4,
324.1500,9.13670234E+4,
324.300,9.14855391E+4,
324.4500,8.92270234E+4,
324.600,9.09908594E+4,
324.7500,8.80244453E+4,
324.900,8.96004297E+4,
325.0500,9.00559453E+4,
325.200,8.68616172E+4,
325.3500,8.69925078E+4,
325.500,8.55220078E+4,
325.6500,8.59476250E+4,
325.800,8.37703672E+4,
325.9500,8.41816641E+4,
326.100,8.23267266E+4,
326.2500,8.30959922E+4,
326.400,8.26216719E+4,
326.5500,8.27053672E+4,
326.700,8.05144922E+4,
326.8500,7.97814922E+4,
327.00,7.96003125E+4,
327.1500,7.99661719E+4,
327.300,7.83955313E+4,
327.4500,7.73691406E+4,
327.600,7.75802813E+4,
327.7500,7.72577031E+4,
327.900,7.72348359E+4,
328.0500,7.55245703E+4,
328.200,7.53848047E+4,
328.3500,7.29894922E+4,
328.500,7.38208359E+4,
328.6500,7.15722188E+4,
328.800,7.31461016E+4,
328.9500,7.22022656E+4,
329.100,7.12936563E+4,
329.2500,7.15333359E+4,
329.400,6.98572188E+4,
329.5500,6.84071953E+4,
329.700,6.93167734E+4,
329.8500,6.88909297E+4,
330.00,6.68998281E+4,
330.1500,6.53468008E+4,
330.300,6.61045781E+4,
330.4500,6.62482344E+4,
330.600,6.47244570E+4,
330.7500,6.42636094E+4,
330.900,6.24523594E+4,
331.0500,6.29540078E+4,
331.200,6.17571016E+4,
331.3500,6.13707891E+4,
331.500,6.06708047E+4,
331.6500,6.01280039E+4,
331.800,5.93646094E+4,
331.9500,5.84450156E+4,
332.100,5.77941211E+4,
332.2500,5.76390508E+4,
332.400,5.66228984E+4,
332.5500,5.65570156E+4,
332.700,5.51159688E+4,
332.8500,5.31705430E+4,
333.00,5.30679727E+4,
333.1500,5.32601055E+4,
333.300,5.20782617E+4,
333.4500,5.22327930E+4,
333.600,5.12600313E+4,
333.7500,5.13286641E+4,
333.900,5.08251211E+4,
334.0500,4.90133164E+4,
334.200,4.86665703E+4,
334.3500,4.80603477E+4,
334.500,4.90157734E+4,
334.6500,4.79358242E+4,
334.800,4.67978984E+4,
334.9500,4.52926133E+4,
335.100,4.62211094E+4,
335.2500,4.57841094E+4,
335.400,4.45083281E+4,
335.5500,4.38721289E+4,
335.700,4.32512734E+4,
335.8500,4.40445195E+4,
336.00,4.32970938E+4,
336.1500,4.20057148E+4,
336.300,4.14226758E+4,
336.4500,4.14006133E+4,
336.600,4.02080469E+4,
336.7500,3.92227227E+4,
336.900,3.93203594E+4,
337.0500,3.91759766E+4,
337.200,3.84500820E+4,
337.3500,3.69704102E+4,
337.500,3.68033594E+4,
337.6500,3.71654648E+4,
337.800,3.68992891E+4,
337.9500,3.60344844E+4,
338.100,3.51264141E+4,
338.2500,3.53894336E+4,
338.400,3.43908984E+4,
338.5500,3.38731563E+4,
338.700,3.38235156E+4,
338.8500,3.40146328E+4,
339.00,3.40132109E+4,
339.1500,3.27300938E+4,
339.300,3.15657480E+4,
339.4500,3.16221504E+4,
339.600,3.12952656E+4,
339.7500,3.11718848E+4,
339.900,3.02482910E+4,
340.0500,3.01010410E+4,
340.200,2.99844648E+4,
340.3500,2.94739883E+4,
340.500,2.83979746E+4,
340.6500,2.95102773E+4,
340.800,2.87451016E+4,
340.9500,2.75834453E+4,
341.100,2.84795859E+4,
341.2500,2.75852148E+4,
341.400,2.69950449E+4,
341.5500,2.68130000E+4,
341.700,2.66751992E+4,
341.8500,2.57802734E+4,
342.00,2.56761777E+4,
342.1500,2.51603516E+4,
342.300,2.48810371E+4,
342.4500,2.48735664E+4,
342.600,2.48629141E+4,
342.7500,2.35352676E+4,
342.900,2.38757148E+4,
343.0500,2.40315117E+4,
343.200,2.29667344E+4,
343.3500,2.22829766E+4,
343.500,2.18232148E+4,
343.6500,2.22927715E+4,
343.800,2.18709609E+4,
343.9500,2.19590977E+4,
344.100,2.08835117E+4,
344.2500,2.10507051E+4,
344.400,2.10109727E+4,
344.5500,2.05008164E+4,
344.700,1.94108477E+4,
344.8500,1.94875938E+4,
345.00,1.99983164E+4,
345.1500,1.93698652E+4,
345.300,1.94207969E+4,
345.4500,1.89494121E+4,
345.600,1.85008926E+4,
345.7500,1.83258535E+4,
345.900,1.80265508E+4,
346.0500,1.82152012E+4,
346.200,1.78977832E+4,
346.3500,1.74118555E+4,
346.500,1.70320645E+4,
346.6500,1.67489199E+4,
346.800,1.68189922E+4,
346.9500,1.63638037E+4,
347.100,1.64485176E+4,
347.2500,1.63454580E+4,
347.400,1.61353994E+4,
347.5500,1.59066465E+4,
347.700,1.59011992E+4,
347.8500,1.52675791E+4,
348.00,1.57474434E+4,
348.1500,1.50345254E+4,
348.300,1.49899922E+4,
348.4500,1.50260068E+4,
348.600,1.49317549E+4,
348.7500,1.43719014E+4,
348.900,1.46839824E+4,
349.0500,1.41930020E+4,
349.200,1.43079697E+4,
349.3500,1.42967646E+4,
349.500,1.40571611E+4,
349.6500,1.38540645E+4,
349.800,1.38033789E+4,
349.9500,1.37501846E+4,
350.100,1.37861895E+4,
350.2500,1.31323232E+4,
350.400,1.30137725E+4,
350.5500,1.30502275E+4,
350.700,1.28342754E+4,
350.8500,1.26777646E+4,
351.00,1.22320781E+4,
351.1500,1.23471787E+4,
351.300,1.22649434E+4,
351.4500,1.18123691E+4,
351.600,1.24400996E+4,
351.7500,1.23373047E+4,
351.900,1.18394707E+4,
352.0500,1.19504961E+4,
352.200,1.19144561E+4,
352.3500,1.15379990E+4,
352.500,1.15569277E+4,
352.6500,1.14204502E+4,
352.800,1.10210107E+4,
352.9500,1.07883525E+4,
353.100,1.11489463E+4,
353.2500,1.05451348E+4,
353.400,1.07161309E+4,
353.5500,1.05116660E+4,
353.700,1.07113262E+4,
353.8500,1.02849277E+4,
354.00,1.02071250E+4,
354.1500,1.00007930E+4,
354.300,9.98718652E+3,
354.4500,9.79989746E+3,
354.600,9.76494434E+3,
354.7500,9.79332227E+3,
354.900,9.82869434E+3,
355.0500,9.48720703E+3,
355.200,9.28996094E+3,
355.3500,9.79420898E+3,
355.500,9.33416309E+3,
355.6500,8.99141504E+3,
355.800,9.22074805E+3,
355.9500,9.01300000E+3,
356.100,8.79503320E+3,
356.2500,8.66085254E+3,
356.400,8.58137695E+3,
356.5500,8.57243262E+3,
356.700,8.71718555E+3,
356.8500,8.36415723E+3,
357.00,7.89531396E+3,
357.1500,8.25030957E+3,
357.300,8.29487012E+3,
357.4500,8.19241602E+3,
357.600,8.24588672E+3,
357.7500,8.05533105E+3,
357.900,7.93175391E+3,
358.0500,8.11871729E+3,
358.200,7.54887207E+3,
358.3500,7.70409424E+3,
358.500,7.49983203E+3,
358.6500,7.51788379E+3,
358.800,7.54020947E+3,
358.9500,7.34714893E+3,
359.100,7.46250586E+3,
359.2500,7.55715234E+3,
359.400,7.16345508E+3,
359.5500,7.01530127E+3,
359.700,7.18450684E+3,
359.8500,7.13502930E+3,
360.00,6.87550049E+3,
360.1500,7.11623340E+3,
360.300,7.01930957E+3,
360.4500,6.81778906E+3,
360.600,6.95774365E+3,
360.7500,7.01354980E+3,
360.900,6.95203857E+3,
361.0500,6.66194775E+3,
361.200,6.62678369E+3,
361.3500,6.86532861E+3,
361.500,6.70590186E+3,
361.6500,6.66452539E+3,
361.800,6.95245508E+3,
361.9500,6.82531152E+3,
362.100,6.47579346E+3,
362.2500,6.63543848E+3,
362.400,6.39639648E+3,
362.5500,6.42608594E+3,
362.700,6.41466650E+3,
362.8500,6.33977979E+3,
363.00,6.19355566E+3,
363.1500,6.14237891E+3,
363.300,6.55706152E+3,
363.4500,6.50158984E+3,
363.600,6.30391895E+3,
363.7500,6.08665479E+3,
363.900,6.22728906E+3,
364.0500,6.20278564E+3,
364.200,6.32671777E+3,
364.3500,6.21417822E+3,
364.500,6.30765137E+3,
364.6500,5.94240186E+3,
364.800,6.27713281E+3,
364.9500,6.18597119E+3,
365.100,6.15383496E+3,
365.2500,6.06137158E+3,
365.400,6.08493359E+3,
365.5500,6.01310693E+3,
365.700,5.93573340E+3,
365.8500,5.95778320E+3,
366.00,6.01740771E+3,
366.1500,5.85419775E+3,
366.300,5.98702197E+3,
366.4500,6.04085889E+3,
366.600,5.92983936E+3,
366.7500,5.98967773E+3,
366.900,5.95363330E+3,
367.0500,5.76180908E+3,
367.200,5.77348779E+3,
367.3500,5.74244385E+3,
367.500,5.91932666E+3,
367.6500,5.68094531E+3,
367.800,5.82657520E+3,
367.9500,5.86363721E+3,
368.100,5.53472314E+3,
368.2500,5.97058691E+3,
368.400,5.85738477E+3,
368.5500,5.79265430E+3,
368.700,5.97133789E+3,
368.8500,5.86482568E+3,
369.00,5.97428418E+3,
369.1500,5.82571094E+3,
369.300,5.67033643E+3,
369.4500,5.95711182E+3,
369.600,5.93846680E+3,
369.7500,5.88985107E+3,
369.900,5.97518408E+3,
370.0500,6.18764551E+3,
370.200,6.00703906E+3,
370.3500,6.05545264E+3,
370.500,6.20078613E+3,
370.6500,6.12410889E+3,
370.800,6.22805811E+3,
370.9500,6.12409619E+3,
371.100,6.04433545E+3,
371.2500,6.09587598E+3,
371.400,6.18599658E+3,
371.5500,6.08657031E+3,
371.700,6.08488086E+3,
371.8500,6.06318848E+3,
372.00,5.89376563E+3,
372.1500,6.04521436E+3,
372.300,5.85059766E+3,
372.4500,5.77306494E+3,
372.600,5.72856934E+3,
372.7500,5.56688281E+3,
372.900,5.92003662E+3,
373.0500,5.58776221E+3,
373.200,5.68979736E+3,
373.3500,5.40423975E+3,
373.500,5.53149707E+3,
373.6500,5.49403955E+3,
373.800,5.41760400E+3,
373.9500,5.54261719E+3,
374.100,5.36281885E+3,
374.2500,5.48296826E+3,
374.400,5.55498340E+3,
374.5500,5.45737012E+3,
374.700,5.51525928E+3,
374.8500,5.20383105E+3,
375.00,5.41659180E+3,
375.1500,5.49743896E+3,
375.300,5.48545313E+3,
375.4500,5.38298340E+3,
375.600,5.38716699E+3,
375.7500,5.41053125E+3,
375.900,5.41484717E+3,
376.0500,5.58518213E+3,
376.200,5.47371240E+3,
376.3500,5.53840186E+3,
376.500,5.52733350E+3,
376.6500,5.39637354E+3,
376.800,5.55011816E+3,
376.9500,5.50180518E+3,
377.100,5.36900488E+3,
377.2500,5.52123389E+3,
377.400,5.18879980E+3,
377.5500,5.35793945E+3,
377.700,5.37758057E+3,
377.8500,5.25356104E+3,
378.00,5.50297266E+3,
378.1500,5.31224512E+3,
378.300,5.34255908E+3,
378.4500,5.22841064E+3,
378.600,5.15829102E+3,
378.7500,5.43672754E+3,
378.900,4.94199561E+3,
379.0500,5.37012646E+3,
379.200,5.28166504E+3,
379.3500,5.19189111E+3,
379.500,5.19550879E+3,
379.6500,5.09135400E+3,
379.800,5.09027979E+3,
379.9500,5.17362695E+3,
380.100,5.17163184E+3,
380.2500,5.12969189E+3,
380.400,5.06329004E+3,
380.5500,5.19102979E+3,
380.700,5.37089258E+3,
380.8500,5.06561084E+3,
381.00,5.17331299E+3,
381.1500,5.28701855E+3,
381.300,5.51921289E+3,
381.4500,5.24849219E+3,
381.600,5.36975781E+3,
381.7500,4.96133057E+3,
381.900,5.40759326E+3,
382.0500,5.26005127E+3,
382.200,5.30070801E+3,
382.3500,5.19033691E+3,
382.500,5.08370557E+3,
382.6500,5.12953857E+3,
382.800,5.14494287E+3,
382.9500,5.17948877E+3,
383.100,4.95956299E+3,
383.2500,4.86911377E+3,
383.400,4.99768652E+3,
383.5500,4.80647266E+3,
383.700,4.99006494E+3,
383.8500,4.97142725E+3,
384.00,4.75795947E+3,
384.1500,4.95602686E+3,
384.300,4.77122021E+3,
384.4500,4.73414453E+3,
384.600,4.70976660E+3,
384.7500,4.79614551E+3,
384.900,4.71435498E+3,
385.0500,4.85607861E+3,
385.200,4.71319775E+3,
385.3500,4.90485498E+3,
385.500,4.67002734E+3,
385.6500,4.81959814E+3,
385.800,4.68895850E+3,
385.9500,4.80738672E+3,
386.100,4.68038379E+3,
386.2500,4.85340576E+3,
386.400,4.82603760E+3,
386.5500,4.66486377E+3,
386.700,4.66087988E+3,
386.8500,4.70400342E+3,
387.00,4.68495605E+3,
387.1500,4.81280811E+3,
387.300,4.73053711E+3,
387.4500,4.68325977E+3,
387.600,4.88734375E+3,
387.7500,4.61940527E+3,
387.900,4.61920361E+3,
388.0500,4.69958691E+3,
388.200,4.84193213E+3,
388.3500,4.68567090E+3,
388.500,4.70712402E+3,
388.6500,4.82661523E+3,
388.800,4.85825781E+3,
388.9500,4.62041797E+3,
389.100,4.71666797E+3,
389.2500,4.67654639E+3,
389.400,4.83683643E+3,
389.5500,4.65280225E+3,
389.700,4.90358252E+3,
389.8500,4.99249414E+3,
390.00,4.84155371E+3,
390.1500,4.75688037E+3,
390.300,4.80212988E+3,
390.4500,4.85745654E+3,
390.600,4.79226758E+3,
390.7500,4.94021289E+3,
390.900,4.96485107E+3,
391.0500,4.82678613E+3,
391.200,4.81816992E+3,
391.3500,4.92904932E+3,
391.500,4.93622266E+3,
391.6500,4.88604883E+3,
391.800,4.86328857E+3,
391.9500,4.76197217E+3,
392.100,4.93293994E+3,
392.2500,4.98394238E+3,
392.400,4.98356592E+3,
392.5500,4.84516943E+3,
392.700,4.89339063E+3,
392.8500,4.98130420E+3,
393.00,4.66767285E+3,
393.1500,4.93810889E+3,
393.300,4.87124854E+3,
393.4500,4.86677100E+3,
393.600,4.96950879E+3,
393.7500,4.86788184E+3,
393.900,4.69351367E+3,
394.0500,4.75646143E+3,
394.200,4.81975684E+3,
394.3500,4.91507275E+3,
394.500,4.96684424E+3,
394.6500,4.78291797E+3,
394.800,4.91419141E+3,
394.9500,4.80333154E+3,
395.100,4.77750488E+3,
395.2500,4.91108643E+3,
395.400,4.93921289E+3,
395.5500,4.95764648E+3,
395.700,4.86718799E+3,
395.8500,4.87616260E+3,
396.00,4.73126074E+3,
396.1500,4.79154980E+3,
396.300,4.71744141E+3,
396.4500,4.72979492E+3,
396.600,4.80774609E+3,
396.7500,4.85005713E+3,
396.900,4.82554492E+3,
397.0500,4.73872314E+3,
397.200,4.79787793E+3,
397.3500,4.89899951E+3,
397.500,4.77492334E+3,
397.6500,4.75137598E+3,
397.800,4.79958643E+3,
397.9500,4.74239600E+3,
398.100,4.73450244E+3,
398.2500,4.68516895E+3,
398.400,4.78539258E+3,
398.5500,4.84376074E+3,
398.700,4.62665381E+3,
398.8500,4.58179980E+3,
399.00,4.71940771E+3,
399.1500,4.59751270E+3,
399.300,4.72748584E+3,
399.4500,4.54834229E+3,
399.600,4.57797998E+3,
399.7500,4.57555420E+3,
399.900,4.51179541E+3,
400.0500,4.12820947E+3,
400.200,4.19208447E+3,
400.3500,4.20277441E+3,
400.500,4.14346777E+3,
400.6500,4.46182617E+3,
400.800,4.19310791E+3,
400.9500,4.22097070E+3,
401.100,4.09181543E+3,
401.2500,4.30886523E+3,
401.400,4.11724414E+3,
401.5500,4.24757373E+3,
401.700,3.96926074E+3,
401.8500,4.39988721E+3,
402.00,4.28602490E+3,
402.1500,4.22031445E+3,
402.300,4.02513794E+3,
402.4500,4.19014453E+3,
402.600,4.32886865E+3,
402.7500,4.34873438E+3,
402.900,4.33672461E+3,
403.0500,4.30504688E+3,
403.200,4.30216504E+3,
403.3500,4.24039893E+3,
403.500,4.43389014E+3,
403.6500,4.28177295E+3,
403.800,4.22341846E+3,
403.9500,4.35315430E+3,
404.100,4.18994531E+3,
404.2500,4.03023291E+3,
404.400,4.28126514E+3,
404.5500,4.10546045E+3,
404.700,4.07054150E+3,
404.8500,3.98651123E+3,
405.00,3.98914868E+3,
405.1500,3.99208813E+3,
405.300,4.15414258E+3,
405.4500,3.90745020E+3,
405.600,4.01144751E+3,
405.7500,4.00410571E+3,
405.900,3.88875024E+3,
406.0500,3.93480566E+3,
406.200,4.09886426E+3,
406.3500,3.86127246E+3,
406.500,3.98679785E+3,
406.6500,4.02669165E+3,
406.800,4.01358472E+3,
406.9500,4.04461035E+3,
407.100,3.91683936E+3,
407.2500,3.95636572E+3,
407.400,3.92555371E+3,
407.5500,3.83633765E+3,
407.700,3.97964331E+3,
407.8500,3.89062842E+3,
408.00,3.98697412E+3,
408.1500,3.83568237E+3,
408.300,3.76765527E+3,
408.4500,3.98026172E+3,
408.600,3.79034277E+3,
408.7500,3.83577271E+3,
408.900,3.85940845E+3,
409.0500,3.73844775E+3,
409.200,3.74529321E+3,
409.3500,3.77093262E+3,
409.500,3.68684155E+3,
409.6500,3.72984131E+3,
409.800,3.58688818E+3,
409.9500,3.80128931E+3,
410.100,3.68447412E+3,
410.2500,3.67713086E+3,
410.400,3.84074536E+3,
410.5500,3.80319165E+3,
410.700,3.67967969E+3,
410.8500,3.64952368E+3,
411.00,3.78551709E+3,
411.1500,3.56634961E+3,
411.300,3.53052393E+3,
411.4500,3.75042432E+3,
411.600,3.69029028E+3,
411.7500,3.74149316E+3,
411.900,3.61454272E+3,
412.0500,3.81095947E+3,
412.200,3.68842871E+3,
412.3500,3.65281592E+3,
412.500,3.72237500E+3,
412.6500,3.75920605E+3,
412.800,3.69390308E+3,
412.9500,3.65422510E+3,
413.100,3.71361646E+3,
413.2500,3.79409204E+3,
413.400,3.64971118E+3,
413.5500,3.63975659E+3,
413.700,3.90645117E+3,
413.8500,3.85122705E+3,
414.00,3.66083521E+3,
414.1500,3.60167480E+3,
414.300,3.65799121E+3,
414.4500,3.62286133E+3,
414.600,3.70440112E+3,
414.7500,3.76758936E+3,
414.900,3.65677026E+3,
415.0500,3.62750342E+3,
415.200,3.86738306E+3,
415.3500,3.60863745E+3,
415.500,3.70556128E+3,
415.6500,3.59967358E+3,
415.800,3.57776196E+3,
415.9500,3.64943457E+3,
416.100,3.50198315E+3,
416.2500,3.66985498E+3,
416.400,3.67728369E+3,
416.5500,3.74181274E+3,
416.700,3.68937622E+3,
416.8500,3.65788184E+3,
417.00,3.66397217E+3,
417.1500,3.87141382E+3,
417.300,3.55386206E+3,
417.4500,3.74033472E+3,
417.600,3.82676416E+3,
417.7500,3.87153320E+3,
417.900,3.70854126E+3,
418.0500,3.80321118E+3,
418.200,3.64610254E+3,
418.3500,3.83755396E+3,
418.500,3.92932617E+3,
418.6500,3.84150000E+3,
418.800,3.94147681E+3,
418.9500,3.81377124E+3,
419.100,3.93708716E+3,
419.2500,4.03133203E+3,
419.400,4.11171777E+3,
419.5500,4.33928711E+3,
419.700,4.27226855E+3,
419.8500,3.99637842E+3,
420.00,4.11239063E+3,
420.1500,3.91498950E+3,
420.300,4.04995361E+3,
420.4500,4.06544824E+3,
420.600,4.06997412E+3,
420.7500,4.05669922E+3,
420.900,3.81478784E+3,
421.0500,4.05351343E+3,
421.200,4.04444141E+3,
421.3500,3.98071509E+3,
421.500,4.12611035E+3,
421.6500,4.03103052E+3,
421.800,4.08073560E+3,
421.9500,4.04582983E+3,
422.100,3.95669287E+3,
422.2500,4.14715771E+3,
422.400,4.04866968E+3,
422.5500,3.87265991E+3,
422.700,4.05206226E+3,
422.8500,4.12928467E+3,
423.00,3.98477515E+3,
423.1500,4.11128223E+3,
423.300,4.17927393E+3,
423.4500,4.07331909E+3,
423.600,3.92941064E+3,
423.7500,4.22010352E+3,
423.900,4.19027734E+3,
424.0500,4.09263208E+3,
424.200,4.08730786E+3,
424.3500,4.08335229E+3,
424.500,4.04008960E+3,
424.6500,4.20693750E+3,
424.800,3.95366724E+3,
424.9500,4.20037402E+3,
425.100,4.15295801E+3,
425.2500,4.25035107E+3,
425.400,4.10411914E+3,
425.5500,4.10138086E+3,
425.700,4.15274316E+3,
425.8500,4.12838037E+3,
426.00,4.08917700E+3,
426.1500,4.18760303E+3,
426.300,4.01049707E+3,
426.4500,4.00496069E+3,
426.600,4.04396680E+3,
426.7500,4.08969775E+3,
426.900,3.99652515E+3,
427.0500,4.01676221E+3,
427.200,3.99275000E+3,
427.3500,4.04150537E+3,
427.500,4.05657178E+3,
427.6500,4.15780859E+3,
427.800,4.07189307E+3,
427.9500,4.08965112E+3,
428.100,4.08239771E+3,
428.2500,4.04851514E+3,
428.400,4.02943774E+3,
428.5500,4.03457983E+3,
428.700,4.07066235E+3,
428.8500,4.16996484E+3,
429.00,4.02176318E+3,
429.1500,4.18445898E+3,
429.300,3.92346460E+3,
429.4500,3.99335254E+3,
429.600,4.28785205E+3,
429.7500,4.16271191E+3,
429.900,4.00933081E+3,
430.0500,4.01713892E+3,
430.200,4.02184302E+3,
430.3500,4.04268384E+3,
430.500,3.93447729E+3,
430.6500,4.01178101E+3,
430.800,3.86196729E+3,
430.9500,4.03734399E+3,
431.100,3.91155542E+3,
431.2500,3.89719019E+3,
431.400,3.86001245E+3,
431.5500,4.00272681E+3,
431.700,3.90918945E+3,
431.8500,3.85058691E+3,
432.00,3.92346899E+3,
432.1500,4.01691602E+3,
432.300,3.86358984E+3,
432.4500,3.99993750E+3,
432.600,4.07726465E+3,
432.7500,3.93203345E+3,
432.900,3.81230688E+3,
433.0500,4.04402441E+3,
433.200,3.85934717E+3,
433.3500,3.95885205E+3,
433.500,3.79290649E+3,
433.6500,3.84951123E+3,
433.800,3.96512402E+3,
433.9500,3.88496069E+3,
434.100,3.88415918E+3,
434.2500,3.72384521E+3,
434.400,3.90425781E+3,
434.5500,3.78548438E+3,
434.700,3.87335327E+3,
434.8500,3.86862695E+3,
435.00,3.87463452E+3,
435.1500,3.81760767E+3,
435.300,3.97410156E+3,
435.4500,3.74243408E+3,
435.600,3.78207471E+3,
435.7500,3.82978711E+3,
435.900,4.01863574E+3,
436.0500,3.82180811E+3,
436.200,3.81595337E+3,
436.3500,3.89347363E+3,
436.500,3.83381396E+3,
436.6500,3.88983423E+3,
436.800,3.82340698E+3,
436.9500,3.86328760E+3,
437.100,3.95730078E+3,
437.2500,3.91276514E+3,
437.400,3.78870166E+3,
437.5500,3.82628345E+3,
437.700,3.78568677E+3,
437.8500,3.89340405E+3,
438.00,3.86358057E+3,
438.1500,3.88828784E+3,
438.300,4.00212280E+3,
438.4500,3.87965039E+3,
438.600,4.02599829E+3,
438.7500,3.85337842E+3,
438.900,3.86320483E+3,
439.0500,3.89620654E+3,
439.200,3.87811938E+3,
439.3500,3.86812744E+3,
439.500,3.77948486E+3,
439.6500,3.75719165E+3,
439.800,3.74436206E+3,
439.9500,3.72607373E+3,
440.100,3.78247461E+3,
440.2500,3.75871851E+3,
440.400,3.81925220E+3,
440.5500,3.73967065E+3,
440.700,3.70628516E+3,
440.8500,3.66604004E+3,
441.00,3.89153687E+3,
441.1500,3.75850586E+3,
441.300,3.73584839E+3,
441.4500,3.59029468E+3,
441.600,3.77237939E+3,
441.7500,3.66493872E+3,
441.900,3.74741699E+3,
442.0500,3.65641309E+3,
442.200,3.58204468E+3,
442.3500,3.71027295E+3,
442.500,3.58648193E+3,
442.6500,3.70524487E+3,
442.800,3.48933960E+3,
442.9500,3.49695313E+3,
443.100,3.52159912E+3,
443.2500,3.73356543E+3,
443.400,3.52746924E+3,
443.5500,3.48906372E+3,
443.700,3.58567847E+3,
443.8500,3.57757544E+3,
444.00,3.60258276E+3,
444.1500,3.70586548E+3,
444.300,3.75122559E+3,
444.4500,3.61243408E+3,
444.600,3.43173706E+3,
444.7500,3.45606885E+3,
444.900,3.46375757E+3,
445.0500,3.58165283E+3,
445.200,3.66705493E+3,
445.3500,3.49466187E+3,
445.500,3.65272461E+3,
445.6500,3.68114282E+3,
445.800,3.52202661E+3,
445.9500,3.54609473E+3,
446.100,3.43934521E+3,
446.2500,3.56617993E+3,
446.400,3.51451807E+3,
446.5500,3.52473145E+3,
446.700,3.66497876E+3,
446.8500,3.54940527E+3,
447.00,3.59082544E+3,
447.1500,3.62985767E+3,
447.300,3.51794312E+3,
447.4500,3.63548315E+3,
447.600,3.52577173E+3,
447.7500,3.60791479E+3,
447.900,3.78257324E+3,
448.0500,3.65840356E+3,
448.200,3.60696362E+3,
448.3500,3.75452759E+3,
448.500,3.60051001E+3,
448.6500,3.70064404E+3,
448.800,3.61867700E+3,
448.9500,3.70474365E+3,
449.100,3.78061694E+3,
449.2500,3.80235889E+3,
449.400,3.72335132E+3,
449.5500,3.83865430E+3,
449.700,3.81352710E+3,
449.8500,4.23065088E+3,
450.00,4.52150439E+3,
450.1500,2.44524658E+2,
450.300,1.95895752E+2,
450.4500,2.07726913E+2,
450.600,2.18092209E+2,
450.7500,2.22242218E+2,
450.900,2.67592651E+2,
451.0500,2.90649567E+2,
451.200,3.14498932E+2,
451.3500,2.90696899E+2,
451.500,3.86038513E+2,
451.6500,3.79714447E+2,
451.800,4.05167023E+2,
451.9500,4.05199158E+2,
452.100,4.84837189E+2,
452.2500,5.71085449E+2,
452.400,5.93773621E+2,
452.5500,6.14718262E+2,
452.700,5.65408936E+2,
452.8500,6.40614258E+2,
453.00,6.14805237E+2,
453.1500,6.64571777E+2,
453.300,7.57953491E+2,
453.4500,7.68349976E+2,
453.600,8.07260254E+2,
453.7500,8.30750977E+2,
453.900,8.62910583E+2,
454.0500,8.26375427E+2,
454.200,9.67365662E+2,
454.3500,9.94186890E+2,
454.500,9.74348755E+2,
454.6500,1.02383905E+3,
454.800,1.13983545E+3,
454.9500,1.15643091E+3,
455.100,1.16246875E+3,
455.2500,1.18499976E+3,
455.400,1.27255518E+3,
455.5500,1.35480249E+3,
455.700,1.36746289E+3,
455.8500,1.40994556E+3,
456.00,1.40594739E+3,
456.1500,1.48762622E+3,
456.300,1.55358167E+3,
456.4500,1.59884131E+3,
456.600,1.60408496E+3,
456.7500,1.70082983E+3,
456.900,1.68467871E+3,
457.0500,1.78761938E+3,
457.200,1.80870850E+3,
457.3500,1.83087793E+3,
457.500,1.98084143E+3,
457.6500,1.99554395E+3,
457.800,2.05772632E+3,
457.9500,2.08563086E+3,
458.100,2.04309485E+3,
458.2500,2.04314551E+3,
458.400,2.22577612E+3,
458.5500,2.07997510E+3,
458.700,2.11879272E+3,
458.8500,2.25735400E+3,
459.00,2.05864526E+3,
459.1500,2.22644531E+3,
459.300,2.22515991E+3,
459.4500,2.17074048E+3,
459.600,2.26516162E+3,
459.7500,2.19712769E+3,
459.900,2.21021826E+3,
460.0500,2.29187964E+3,
460.200,2.41829077E+3,
460.3500,2.35269507E+3,
460.500,2.30947827E+3,
460.6500,2.46973145E+3,
460.800,2.51169019E+3,
460.9500,2.55109424E+3,
461.100,2.55497119E+3,
461.2500,2.62215088E+3,
461.400,2.60050073E+3,
461.5500,2.66267847E+3,
461.700,2.65780225E+3,
461.8500,2.65633228E+3,
462.00,2.94623291E+3,
462.1500,2.85072485E+3,
462.300,2.98619531E+3,
462.4500,3.18656665E+3,
462.600,3.05315063E+3,
462.7500,3.17832495E+3,
462.900,3.02516650E+3,
463.0500,2.96514160E+3,
463.200,2.85641821E+3,
463.3500,2.94095508E+3,
463.500,2.86940698E+3,
463.6500,2.73824658E+3,
463.800,2.78515796E+3,
463.9500,2.83614624E+3,
464.100,2.67560156E+3,
464.2500,2.71447632E+3,
464.400,2.72885156E+3,
464.5500,2.72945288E+3,
464.700,2.66889673E+3,
464.8500,2.87495898E+3,
465.00,2.80916040E+3,
465.1500,2.84927881E+3,
465.300,2.83379858E+3,
465.4500,2.72225708E+3,
465.600,2.85210864E+3,
465.7500,2.73784790E+3,
465.900,2.92549438E+3,
466.0500,2.98824438E+3,
466.200,3.00678003E+3,
466.3500,2.99941089E+3,
466.500,3.04272754E+3,
466.6500,3.33364673E+3,
466.800,3.47639331E+3,
466.9500,3.81329395E+3,
467.100,4.03870435E+3,
467.2500,3.90958496E+3,
467.400,4.01870337E+3,
467.5500,3.75169727E+3,
467.700,3.70836401E+3,
467.8500,3.62428516E+3,
468.00,3.43224292E+3,
468.1500,3.45837329E+3,
468.300,3.24918213E+3,
468.4500,3.25512573E+3,
468.600,3.12587354E+3,
468.7500,2.98673389E+3,
468.900,2.98789160E+3,
469.0500,3.00444800E+3,
469.200,3.03249951E+3,
469.3500,3.17488525E+3,
469.500,3.13806348E+3,
469.6500,3.05078418E+3,
469.800,3.17872827E+3,
469.9500,3.05928589E+3,
470.100,3.16016211E+3,
470.2500,2.98697925E+3,
470.400,2.99529858E+3,
470.5500,2.90597900E+3,
470.700,2.98577783E+3,
470.8500,2.90161157E+3,
471.00,2.98033398E+3,
471.1500,2.80641187E+3,
471.300,2.81336011E+3,
471.4500,2.82131201E+3,
471.600,2.68178027E+3,
471.7500,2.86730078E+3,
471.900,2.73488623E+3,
472.0500,2.79513599E+3,
472.200,2.88971777E+3,
472.3500,2.81195801E+3,
472.500,2.65511206E+3,
472.6500,2.79673486E+3,
472.800,2.86121362E+3,
472.9500,3.16989038E+3,
473.100,3.24348218E+3,
473.2500,3.44824414E+3,
473.400,3.52389233E+3,
473.5500,3.32140747E+3,
473.700,3.08495947E+3,
473.8500,2.95258789E+3,
474.00,2.83424756E+3,
474.1500,2.85721167E+3,
474.300,2.87617529E+3,
474.4500,2.76613208E+3,
474.600,2.76809595E+3,
474.7500,2.67105786E+3,
474.900,2.74202393E+3,
475.0500,2.78307178E+3,
475.200,2.75028345E+3,
475.3500,2.73749243E+3,
475.500,2.69769165E+3,
475.6500,2.70690039E+3,
475.800,2.67209106E+3,
475.9500,2.66228760E+3,
476.100,2.75565674E+3,
476.2500,2.66997363E+3,
476.400,2.71938403E+3,
476.5500,2.74778467E+3,
476.700,2.74015015E+3,
476.8500,2.72149756E+3,
477.00,2.65076367E+3,
477.1500,2.76653833E+3,
477.300,2.63990991E+3,
477.4500,2.60541479E+3,
477.600,2.68015234E+3,
477.7500,2.59652173E+3,
477.900,2.57101123E+3,
478.0500,2.60476367E+3,
478.200,2.64676343E+3,
478.3500,2.56533740E+3,
478.500,2.78404468E+3,
478.6500,2.62627417E+3,
478.800,2.70649609E+3,
478.9500,2.59883716E+3,
479.100,2.59181592E+3,
479.2500,2.69349976E+3,
479.400,2.68156226E+3,
479.5500,2.72094800E+3,
479.700,2.67677539E+3,
479.8500,2.62953735E+3,
480.00,2.66187915E+3,
480.1500,2.71853687E+3,
480.300,2.76212622E+3,
480.4500,2.85217358E+3,
480.600,2.90796533E+3,
480.7500,3.01026733E+3,
480.900,3.02473096E+3,
481.0500,2.93302466E+3,
481.200,2.86243921E+3,
481.3500,2.91523877E+3,
481.500,2.88304321E+3,
481.6500,2.82043335E+3,
481.800,2.85300171E+3,
481.9500,2.73153076E+3,
482.100,2.79357056E+3,
482.2500,2.80295117E+3,
482.400,2.90469165E+3,
482.5500,2.80750488E+3,
482.700,2.96316553E+3,
482.8500,2.94822412E+3,
483.00,2.89157715E+3,
483.1500,2.86874536E+3,
483.300,2.84486353E+3,
483.4500,2.80872729E+3,
483.600,2.75012817E+3,
483.7500,2.77709595E+3,
483.900,2.75512402E+3,
484.0500,2.85260889E+3,
484.200,2.86763745E+3,
484.3500,2.77333643E+3,
484.500,2.86705005E+3,
484.6500,2.71532422E+3,
484.800,2.75484277E+3,
484.9500,2.77289063E+3,
485.100,2.70601855E+3,
485.2500,2.63911865E+3,
485.400,2.80921533E+3,
485.5500,2.74844043E+3,
485.700,2.80473975E+3,
485.8500,2.66467383E+3,
486.00,2.67569409E+3,
486.1500,2.75064917E+3,
486.300,2.62577588E+3,
486.4500,2.71831299E+3,
486.600,2.73150854E+3,
486.7500,2.66933203E+3,
486.900,2.73209497E+3,
487.0500,2.83519556E+3,
487.200,2.82758398E+3,
487.3500,2.94935791E+3,
487.500,3.10545239E+3,
487.6500,3.46175952E+3,
487.800,3.84440405E+3,
487.9500,4.80547559E+3,
488.100,6.24615039E+3,
488.2500,7.98334863E+3,
488.400,9.45529395E+3,
488.5500,1.16442939E+4,
488.700,1.23372969E+4,
488.8500,1.16234932E+4,
489.00,9.28292676E+3,
489.1500,6.87904590E+3,
489.300,5.27099902E+3,
489.4500,4.71911523E+3,
489.600,4.61032910E+3,
489.7500,4.90158838E+3,
489.900,5.74628662E+3,
490.0500,6.48773486E+3,
490.200,7.37854541E+3,
490.3500,9.17499805E+3,
490.500,1.02390693E+4,
490.6500,1.13740000E+4,
490.800,1.18689141E+4,
490.9500,1.16887148E+4,
491.100,1.20600938E+4,
491.2500,1.23997666E+4,
491.400,1.29696680E+4,
491.5500,1.46277178E+4,
491.700,1.61048350E+4,
491.8500,1.85836113E+4,
492.00,1.91476445E+4,
492.1500,1.92312070E+4,
492.300,1.88510195E+4,
492.4500,1.64120137E+4,
492.600,1.55503945E+4,
492.7500,1.29920488E+4,
492.900,1.22281211E+4,
493.0500,1.14851465E+4,
493.200,1.05535010E+4,
493.3500,1.01538770E+4,
493.500,9.79622266E+3,
493.6500,9.13934668E+3,
493.800,8.85500293E+3,
493.9500,8.37898438E+3,
494.100,8.03793311E+3,
494.2500,8.05363916E+3,
494.400,7.76742529E+3,
494.5500,8.43218652E+3,
494.700,8.68617969E+3,
494.8500,8.79458887E+3,
495.00,8.78071484E+3,
495.1500,9.08955566E+3,
495.300,9.52790723E+3,
495.4500,9.66122754E+3,
495.600,9.53619824E+3,
495.7500,9.75267090E+3,
495.900,9.51094141E+3,
496.0500,9.21835352E+3,
496.200,9.00795703E+3,
496.3500,8.47162305E+3,
496.500,8.15191748E+3,
496.6500,7.76772217E+3,
496.800,7.29068262E+3,
496.9500,7.15682031E+3,
497.100,7.02413818E+3,
497.2500,6.95767822E+3,
497.400,6.84210645E+3,
497.5500,6.86896924E+3,
497.700,7.06590869E+3,
497.8500,7.28826563E+3,
498.00,7.42799854E+3,
498.1500,7.62604395E+3,
498.300,7.95898047E+3,
498.4500,7.83806494E+3,
498.600,7.76512012E+3,
498.7500,7.57025098E+3,
498.900,7.20921045E+3,
499.0500,6.77719531E+3,
499.200,6.56773242E+3,
499.3500,6.17070508E+3,
499.500,5.76302344E+3,
499.6500,5.53436182E+3,
499.800,5.24455566E+3,
499.9500,4.83378467E+3,
500.100,4.70430957E+3,
500.2500,4.48827637E+3,
500.400,4.35381836E+3,
500.5500,4.20579492E+3,
500.700,4.16181738E+3,
500.8500,4.08330859E+3,
501.00,3.93905005E+3,
501.1500,4.02484326E+3,
501.300,3.73989844E+3,
501.4500,3.71751318E+3,
501.600,3.72073389E+3,
501.7500,3.49392188E+3,
501.900,3.44552002E+3,
502.0500,3.45743066E+3,
502.200,3.28912158E+3,
502.3500,3.31435229E+3,
502.500,3.34858545E+3,
502.6500,3.23920044E+3,
502.800,3.25655371E+3,
502.9500,3.29079004E+3,
503.100,3.21828345E+3,
503.2500,3.19975195E+3,
503.400,3.14284863E+3,
503.5500,3.12193652E+3,
503.700,3.26810840E+3,
503.8500,3.10709375E+3,
504.00,3.23877954E+3,
504.1500,3.33231567E+3,
504.300,3.19367969E+3,
504.4500,3.35878320E+3,
504.600,3.38792896E+3,
504.7500,3.49325195E+3,
504.900,3.65334692E+3,
505.0500,3.84560400E+3,
505.200,3.87185962E+3,
505.3500,4.20037354E+3,
505.500,4.38563330E+3,
505.6500,4.92653027E+3,
505.800,5.08986328E+3,
505.9500,5.63918018E+3,
506.100,6.25838525E+3,
506.2500,6.97513086E+3,
506.400,7.73449756E+3,
506.5500,8.81230371E+3,
506.700,9.20791113E+3,
506.8500,1.06653320E+4,
507.00,1.12959824E+4,
507.1500,1.25629629E+4,
507.300,1.29701943E+4,
507.4500,1.33157920E+4,
507.600,1.29831377E+4,
507.7500,1.24506563E+4,
507.900,1.18799961E+4,
508.0500,1.06889600E+4,
508.200,9.65842285E+3,
508.3500,8.79658398E+3,
508.500,7.93526758E+3,
508.6500,7.05002686E+3,
508.800,6.64679980E+3,
508.9500,5.87392871E+3,
509.100,5.47322852E+3,
509.2500,5.23889355E+3,
509.400,4.80274268E+3,
509.5500,4.82736279E+3,
509.700,4.70306201E+3,
509.8500,4.89312402E+3,
510.00,5.00362939E+3,
510.1500,5.48691211E+3,
510.300,5.31179102E+3,
510.4500,5.65008350E+3,
510.600,5.78493262E+3,
510.7500,5.92590576E+3,
510.900,6.07774561E+3,
511.0500,5.67050293E+3,
511.200,5.31937207E+3,
511.3500,4.74722314E+3,
511.500,4.17639404E+3,
511.6500,3.77424243E+3,
511.800,3.59824878E+3,
511.9500,3.33037573E+3,
512.100,3.24899756E+3,
512.2500,3.00551660E+3,
512.400,2.91299316E+3,
512.5500,2.74628174E+3,
512.700,2.65331299E+3,
512.8500,2.60200952E+3,
513.00,2.65353296E+3,
513.1500,2.57953564E+3,
513.300,2.45740308E+3,
513.4500,2.40104590E+3,
513.600,2.53924414E+3,
513.7500,2.38539844E+3,
513.900,2.25772754E+3,
514.0500,2.27446582E+3,
514.200,2.24183301E+3,
514.3500,2.14993848E+3,
514.500,2.14006226E+3,
514.6500,2.19067432E+3,
514.800,2.18807031E+3,
514.9500,2.26064746E+3,
515.100,2.17553809E+3,
515.2500,2.27375073E+3,
515.400,2.06073315E+3,
515.5500,2.07133447E+3,
515.700,2.14533545E+3,
515.8500,1.99862646E+3,
516.00,2.09344897E+3,
516.1500,1.97818384E+3,
516.300,2.01565710E+3,
516.4500,1.99807141E+3,
516.600,1.82102515E+3,
516.7500,2.00573181E+3,
516.900,1.98928821E+3,
517.0500,1.99496814E+3,
517.200,1.88497339E+3,
517.3500,2.00644763E+3,
517.500,1.90485901E+3,
517.6500,1.82775586E+3,
517.800,1.83455066E+3,
517.9500,1.90198975E+3,
518.100,1.91756775E+3,
518.2500,1.92946960E+3,
518.400,1.77877844E+3,
518.5500,1.77563489E+3,
518.700,1.88940051E+3,
518.8500,1.92370313E+3,
519.00,1.75740051E+3,
519.1500,1.78921204E+3,
519.300,1.86854565E+3,
519.4500,1.71672632E+3,
519.600,1.87123633E+3,
519.7500,1.84438220E+3,
519.900,1.80241321E+3,
520.0500,1.80180847E+3,
520.200,1.81633203E+3,
520.3500,1.68491162E+3,
520.500,1.71444104E+3,
520.6500,1.80077417E+3,
520.800,1.79639148E+3,
520.9500,1.68078369E+3,
521.100,1.72051355E+3,
521.2500,1.63240552E+3,
521.400,1.74948047E+3,
521.5500,1.74496143E+3,
521.700,1.65912317E+3,
521.8500,1.72824646E+3,
522.00,1.68929968E+3,
522.1500,1.69359583E+3,
522.300,1.68513623E+3,
522.4500,1.68559290E+3,
522.600,1.70393872E+3,
522.7500,1.70696045E+3,
522.900,1.68692639E+3,
523.0500,1.62969165E+3,
523.200,1.71487244E+3,
523.3500,1.58692468E+3,
523.500,1.61434314E+3,
523.6500,1.64052637E+3,
523.800,1.58038965E+3,
523.9500,1.62851660E+3,
524.100,1.58633545E+3,
524.2500,1.57639856E+3,
524.400,1.58455823E+3,
524.5500,1.51885840E+3,
524.700,1.57236829E+3,
524.8500,1.54286719E+3,
525.00,1.55100037E+3,
525.1500,1.55649158E+3,
525.300,1.54505115E+3,
525.4500,1.64834045E+3,
525.600,1.58343762E+3,
525.7500,1.58373279E+3,
525.900,1.54085779E+3,
526.0500,1.54766650E+3,
526.200,1.50340979E+3,
526.3500,1.55352515E+3,
526.500,1.51310999E+3,
526.6500,1.49890198E+3,
526.800,1.53467224E+3,
526.9500,1.49672937E+3,
527.100,1.52871692E+3,
527.2500,1.47499414E+3,
527.400,1.46476941E+3,
527.5500,1.52995264E+3,
527.700,1.44953027E+3,
527.8500,1.57319641E+3,
528.00,1.54441858E+3,
528.1500,1.61800842E+3,
528.300,1.46681348E+3,
528.4500,1.52447961E+3,
528.600,1.46753650E+3,
528.7500,1.50662378E+3,
528.900,1.47759827E+3,
529.0500,1.43777686E+3,
529.200,1.47691003E+3,
529.3500,1.53088220E+3,
529.500,1.51915186E+3,
529.6500,1.45225806E+3,
529.800,1.41751648E+3,
529.9500,1.44738123E+3,
530.100,1.37205713E+3,
530.2500,1.55856885E+3,
530.400,1.52103967E+3,
530.5500,1.45364539E+3,
530.700,1.44029993E+3,
530.8500,1.29128040E+3,
531.00,1.48139624E+3,
531.1500,1.46261255E+3,
531.300,1.47507898E+3,
531.4500,1.50800171E+3,
531.600,1.49189478E+3,
531.7500,1.44707910E+3,
531.900,1.41446179E+3,
532.0500,1.49397766E+3,
532.200,1.37374963E+3,
532.3500,1.38213635E+3,
532.500,1.39190918E+3,
532.6500,1.36871704E+3,
532.800,1.42113232E+3,
532.9500,1.41030554E+3,
533.100,1.44361401E+3,
533.2500,1.37624670E+3,
533.400,1.35708899E+3,
533.5500,1.43887903E+3,
533.700,1.40727136E+3,
533.8500,1.29377148E+3,
534.00,1.31883398E+3,
534.1500,1.42735828E+3,
534.300,1.39698157E+3,
534.4500,1.34981531E+3,
534.600,1.31927039E+3,
534.7500,1.45758569E+3,
534.900,1.39912830E+3,
535.0500,1.40069788E+3,
535.200,1.41906775E+3,
535.3500,1.38558301E+3,
535.500,1.34780640E+3,
535.6500,1.28323669E+3,
535.800,1.33389746E+3,
535.9500,1.37057947E+3,
536.100,1.36504395E+3,
536.2500,1.32985120E+3,
536.400,1.33132117E+3,
536.5500,1.42475305E+3,
536.700,1.32008960E+3,
536.8500,1.39101709E+3,
537.00,1.38828040E+3,
537.1500,1.43959497E+3,
537.300,1.36439624E+3,
537.4500,1.41436438E+3,
537.600,1.43449414E+3,
537.7500,1.42611292E+3,
537.900,1.31766785E+3,
538.0500,1.35920435E+3,
538.200,1.41945776E+3,
538.3500,1.31636938E+3,
538.500,1.29487170E+3,
538.6500,1.32937048E+3,
538.800,1.30495068E+3,
538.9500,1.38993933E+3,
539.100,1.30497510E+3,
539.2500,1.42481030E+3,
539.400,1.25731567E+3,
539.5500,1.29199316E+3,
539.700,1.36874792E+3,
539.8500,1.40216675E+3,
540.00,1.22226575E+3,
540.1500,1.31960474E+3,
540.300,1.29203357E+3,
540.4500,1.21195422E+3,
540.600,1.26585315E+3,
540.7500,1.27606995E+3,
540.900,1.32723389E+3,
541.0500,1.33022791E+3,
541.200,1.27171240E+3,
541.3500,1.30839746E+3,
541.500,1.31285522E+3,
541.6500,1.19529016E+3,
541.800,1.25260522E+3,
541.9500,1.30710193E+3,
542.100,1.25402185E+3,
542.2500,1.27023523E+3,
542.400,1.33232153E+3,
542.5500,1.36641577E+3,
542.700,1.40799463E+3,
542.8500,1.32205627E+3,
543.00,1.34435669E+3,
543.1500,1.26706616E+3,
543.300,1.30423560E+3,
543.4500,1.32061780E+3,
543.600,1.33255457E+3,
543.7500,1.41024487E+3,
543.900,1.16805042E+3,
544.0500,1.31608777E+3,
544.200,1.33104102E+3,
544.3500,1.37303247E+3,
544.500,1.33999951E+3,
544.6500,1.31591223E+3,
544.800,1.27369910E+3,
544.9500,1.32935803E+3,
545.100,1.41986682E+3,
545.2500,1.35046533E+3,
545.400,1.50169641E+3,
545.5500,1.68656714E+3,
545.700,1.62024573E+3,
545.8500,1.55376953E+3,
546.00,1.45979651E+3,
546.1500,1.56647388E+3,
546.300,1.53483545E+3,
546.4500,1.36591565E+3,
546.600,1.40568750E+3,
546.7500,1.41345837E+3,
546.900,1.30191333E+3,
547.0500,1.25445544E+3,
547.200,1.45997412E+3,
547.3500,1.36811084E+3,
547.500,1.30061353E+3,
547.6500,1.35608569E+3,
547.800,1.40860449E+3,
547.9500,1.43038708E+3,
548.100,1.53255652E+3,
548.2500,1.46172974E+3,
548.400,1.51152246E+3,
548.5500,1.60949634E+3,
548.700,1.74651538E+3,
548.8500,1.79059863E+3,
549.00,1.66048474E+3,
549.1500,1.71388086E+3,
549.300,1.65040186E+3,
549.4500,1.59613708E+3,
549.600,1.53235461E+3,
549.7500,1.60617688E+3,
549.900,1.50776282E+3,
550.0500,1.72451013E+3,
550.200,1.63070105E+3,
550.3500,1.80562036E+3,
550.500,2.04235388E+3,
550.6500,2.00374365E+3,
550.800,2.15916968E+3,
550.9500,2.22804077E+3,
551.100,2.35718652E+3,
551.2500,2.16510864E+3,
551.400,2.07564600E+3,
551.5500,2.15900464E+3,
551.700,2.05500806E+3,
551.8500,2.01600061E+3,
552.00,1.87016577E+3,
552.1500,1.91704285E+3,
552.300,1.81552319E+3,
552.4500,1.80328162E+3,
552.600,1.79580530E+3,
552.7500,1.62325439E+3,
552.900,1.57221912E+3,
553.0500,1.59176062E+3,
553.200,1.62588196E+3,
553.3500,1.60050415E+3,
553.500,1.62664587E+3,
553.6500,1.69319836E+3,
553.800,1.59506543E+3,
553.9500,1.64231189E+3,
554.100,1.51471741E+3,
554.2500,1.55549866E+3,
554.400,1.70842920E+3,
554.5500,1.71701355E+3,
554.700,1.64910095E+3,
554.8500,1.71466858E+3,
555.00,1.73306360E+3,
555.1500,1.74658557E+3,
555.300,1.87463806E+3,
555.4500,1.84740454E+3,
555.600,1.84141394E+3,
555.7500,1.88465198E+3,
555.900,1.77184106E+3,
556.0500,1.72294165E+3,
556.200,1.72666260E+3,
556.3500,1.77657214E+3,
556.500,1.78035181E+3,
556.6500,1.72791528E+3,
556.800,1.69355505E+3,
556.9500,1.62430164E+3,
557.100,1.69428931E+3,
557.2500,1.77607935E+3,
557.400,1.73995654E+3,
557.5500,1.70373853E+3,
557.700,1.69410742E+3,
557.8500,1.58761914E+3,
558.00,1.72322510E+3,
558.1500,1.68349976E+3,
558.300,1.83970239E+3,
558.4500,1.74464917E+3,
558.600,1.65271570E+3,
558.7500,1.82961255E+3,
558.900,1.82509680E+3,
559.0500,1.73798340E+3,
559.200,1.77728088E+3,
559.3500,1.63415637E+3,
559.500,1.75462488E+3,
559.6500,1.73985681E+3,
559.800,1.87430957E+3,
559.9500,1.66263599E+3,
560.100,1.71059583E+3,
560.2500,1.73313110E+3,
560.400,1.69776025E+3,
560.5500,1.71008069E+3,
560.700,1.76514551E+3,
560.8500,1.51238538E+3,
561.00,1.72834460E+3,
561.1500,1.57436145E+3,
561.300,1.53332581E+3,
561.4500,1.54891785E+3,
561.600,1.51634729E+3,
561.7500,1.48713989E+3,
561.900,1.46820947E+3,
562.0500,1.40604968E+3,
562.200,1.46653589E+3,
562.3500,1.47175366E+3,
562.500,1.39723560E+3,
562.6500,1.45444092E+3,
562.800,1.41272852E+3,
562.9500,1.32915930E+3,
563.100,1.38306396E+3,
563.2500,1.45457727E+3,
563.400,1.31321777E+3,
563.5500,1.29913538E+3,
563.700,1.30252063E+3,
563.8500,1.20248743E+3,
564.00,1.51113562E+3,
564.1500,1.30051611E+3,
564.300,1.26002515E+3,
564.4500,1.22647058E+3,
564.600,1.39750525E+3,
564.7500,1.28805713E+3,
564.900,1.25615857E+3,
565.0500,1.33399463E+3,
565.200,1.23816541E+3,
565.3500,1.15984363E+3,
565.500,1.29650952E+3,
565.6500,1.25900879E+3,
565.800,1.33195532E+3,
565.9500,1.27118311E+3,
566.100,1.31206628E+3,
566.2500,1.23488452E+3,
566.400,1.24710522E+3,
566.5500,1.25576196E+3,
566.700,1.26443518E+3,
566.8500,1.29110583E+3,
567.00,1.31423425E+3,
567.1500,1.25089392E+3,
567.300,1.28845410E+3,
567.4500,1.38391248E+3,
567.600,1.30956299E+3,
567.7500,1.24590039E+3,
567.900,1.37245093E+3,
568.0500,1.32326074E+3,
568.200,1.36125757E+3,
568.3500,1.39752332E+3,
568.500,1.55776636E+3,
568.6500,1.60894922E+3,
568.800,1.43011743E+3,
568.9500,1.38799341E+3,
569.100,1.51425989E+3,
569.2500,1.49786572E+3,
569.400,1.52548120E+3,
569.5500,1.51272290E+3,
569.700,1.54777771E+3,
569.8500,1.56080188E+3,
570.00,1.58492407E+3,
570.1500,1.61271228E+3,
570.300,1.40011768E+3,
570.4500,1.46292188E+3,
570.600,1.52401819E+3,
570.7500,1.47016724E+3,
570.900,1.56114526E+3,
571.0500,1.35459143E+3,
571.200,1.49771387E+3,
571.3500,1.40430847E+3,
571.500,1.34989380E+3,
571.6500,1.51778540E+3,
571.800,1.48956384E+3,
571.9500,1.47813525E+3,
572.100,1.41420654E+3,
572.2500,1.39709229E+3,
572.400,1.30097217E+3,
572.5500,1.29873206E+3,
572.700,1.44912109E+3,
572.8500,1.33950208E+3,
573.00,1.32595288E+3,
573.1500,1.36351929E+3,
573.300,1.49584583E+3,
573.4500,1.53559937E+3,
573.600,1.50900989E+3,
573.7500,1.41583374E+3,
573.900,1.38711951E+3,
574.0500,1.43072559E+3,
574.200,1.34664514E+3,
574.3500,1.37311914E+3,
574.500,1.39774072E+3,
574.6500,1.42050378E+3,
574.800,1.36281165E+3,
574.9500,1.47769324E+3,
575.100,1.34883740E+3,
575.2500,1.40434766E+3,
575.400,1.48310217E+3,
575.5500,1.48297546E+3,
575.700,1.42685156E+3,
575.8500,1.39764917E+3,
576.00,1.57353027E+3,
576.1500,1.51152039E+3,
576.300,1.43964966E+3,
576.4500,1.54826074E+3,
576.600,1.45874304E+3,
576.7500,1.54621167E+3,
576.900,1.43306506E+3,
577.0500,1.52264490E+3,
577.200,1.55377942E+3,
577.3500,1.44996533E+3,
577.500,1.51046265E+3,
577.6500,1.45929834E+3,
577.800,1.44138953E+3,
577.9500,1.53353442E+3,
578.100,1.49790161E+3,
578.2500,1.47004211E+3,
578.400,1.40857751E+3,
578.5500,1.50102014E+3,
578.700,1.52841821E+3,
578.8500,1.45887805E+3,
579.00,1.57942004E+3,
579.1500,1.45422729E+3,
579.300,1.55318384E+3,
579.4500,1.59867163E+3,
579.600,1.55069702E+3,
579.7500,1.64609485E+3,
579.900,1.65790735E+3,
580.0500,1.72768408E+3,
580.200,1.61369507E+3,
580.3500,1.70363391E+3,
580.500,1.50316150E+3,
580.6500,1.63129309E+3,
580.800,1.74163208E+3,
580.9500,1.58072095E+3,
581.100,1.62887939E+3,
581.2500,1.56428442E+3,
581.400,1.70538977E+3,
581.5500,1.51544397E+3,
581.700,1.65276770E+3,
581.8500,1.73167310E+3,
582.00,1.76614807E+3,
582.1500,1.72970972E+3,
582.300,1.79277441E+3,
582.4500,1.59549731E+3,
582.600,1.71966675E+3,
582.7500,1.79720935E+3,
582.900,1.61350439E+3,
583.0500,1.69928491E+3,
583.200,1.71773083E+3,
583.3500,1.70136731E+3,
583.500,1.73216150E+3,
583.6500,1.74247729E+3,
583.800,1.74046655E+3,
583.9500,1.74256592E+3,
584.100,1.69724902E+3,
584.2500,1.77984106E+3,
584.400,1.75512988E+3,
584.5500,1.67239648E+3,
584.700,1.75524243E+3,
584.8500,1.70341919E+3,
585.00,1.63484644E+3,
585.1500,1.73246802E+3,
585.300,1.73869482E+3,
585.4500,1.73867834E+3,
585.600,1.76370142E+3,
585.7500,1.72608704E+3,
585.900,1.85993628E+3,
586.0500,1.86001929E+3,
586.200,1.91039075E+3,
586.3500,1.78451880E+3,
586.500,1.74242505E+3,
586.6500,1.73600232E+3,
586.800,1.80961060E+3,
586.9500,1.84963757E+3,
587.100,1.78627905E+3,
587.2500,1.82211670E+3,
587.400,1.95960815E+3,
587.5500,1.78596899E+3,
587.700,2.01704016E+3,
587.8500,2.07663159E+3,
588.00,1.94503528E+3,
588.1500,1.94936926E+3,
588.300,2.02188232E+3,
588.4500,2.01137000E+3,
588.600,1.80223865E+3,
588.7500,1.87053845E+3,
588.900,1.88120251E+3,
589.0500,1.93262769E+3,
589.200,1.68392310E+3,
589.3500,1.89851794E+3,
589.500,1.93944690E+3,
589.6500,1.89866492E+3,
589.800,1.90303857E+3,
589.9500,1.78874365E+3,
590.100,1.97457910E+3,
590.2500,1.84296204E+3,
590.400,1.82146399E+3,
590.5500,1.88664624E+3,
590.700,1.90204785E+3,
590.8500,1.94356885E+3,
591.00,1.95688989E+3,
591.1500,1.86351428E+3,
591.300,1.94447791E+3,
591.4500,1.89235010E+3,
591.600,1.89477979E+3,
591.7500,1.93664246E+3,
591.900,1.89305737E+3,
592.0500,2.08432324E+3,
592.200,2.01429272E+3,
592.3500,1.81858838E+3,
592.500,1.94423767E+3,
592.6500,2.16288086E+3,
592.800,1.86939636E+3,
592.9500,2.00439563E+3,
593.100,1.94036987E+3,
593.2500,1.96711328E+3,
593.400,2.01612000E+3,
593.5500,2.00299023E+3,
593.700,1.99872693E+3,
593.8500,2.09026855E+3,
594.00,2.23780103E+3,
594.1500,2.20944092E+3,
594.300,2.23020923E+3,
594.4500,2.20398901E+3,
594.600,2.19114844E+3,
594.7500,1.91103564E+3,
594.900,2.11362842E+3,
595.0500,2.07361865E+3,
595.200,2.13502979E+3,
595.3500,2.07920459E+3,
595.500,1.89210791E+3,
595.6500,2.22739771E+3,
595.800,2.18731299E+3,
595.9500,2.12895825E+3,
596.100,2.09542700E+3,
596.2500,2.08455078E+3,
596.400,2.27644580E+3,
596.5500,2.04671704E+3,
596.700,1.95574585E+3,
596.8500,2.17337354E+3,
597.00,2.18539795E+3,
597.1500,2.01391711E+3,
597.300,2.09691821E+3,
597.4500,2.13873560E+3,
597.600,2.10005786E+3,
597.7500,2.25956104E+3,
597.900,2.14012256E+3,
598.0500,2.23303174E+3,
598.200,2.28450269E+3,
598.3500,2.26425269E+3,
598.500,2.28803271E+3,
598.6500,2.35368945E+3,
598.800,2.40089233E+3,
598.9500,2.45053857E+3,
599.100,2.37907739E+3,
599.2500,2.35182520E+3,
599.400,2.25433887E+3,
599.5500,2.50314063E+3,
599.700,2.33524243E+3,
599.8500,2.26549951E+3,
600.00,2.38362476E+3,
600.1500,2.51178735E+3,
600.300,2.48707153E+3,
600.4500,2.44103149E+3,
600.600,2.53433276E+3,
600.7500,2.30117847E+3,
600.900,2.34948340E+3,
601.0500,2.55234497E+3,
601.200,2.43976392E+3,
601.3500,2.42208789E+3,
601.500,2.44489673E+3,
601.6500,2.62543726E+3,
601.800,2.49308838E+3,
601.9500,2.56640503E+3,
602.100,2.43837207E+3,
602.2500,2.41571191E+3,
602.400,2.58075098E+3,
602.5500,2.58715283E+3,
602.700,2.86403174E+3,
602.8500,2.75236011E+3,
603.00,3.03032642E+3,
603.1500,3.26779712E+3,
603.300,3.33589233E+3,
603.4500,3.55018311E+3,
603.600,3.88207642E+3,
603.7500,4.11488867E+3,
603.900,4.67103271E+3,
604.0500,4.70981885E+3,
604.200,5.06733057E+3,
604.3500,5.37677197E+3,
604.500,5.40680469E+3,
604.6500,5.50585449E+3,
604.800,5.29692090E+3,
604.9500,5.14909912E+3,
605.100,4.84504346E+3,
605.2500,4.40386182E+3,
605.400,4.88411572E+3,
605.5500,5.19683545E+3,
605.700,5.62489795E+3,
605.8500,6.61476514E+3,
606.00,7.58754834E+3,
606.1500,9.94061719E+3,
606.300,1.10344561E+4,
606.4500,1.35001689E+4,
606.600,1.52905303E+4,
606.7500,1.58442900E+4,
606.900,1.59011172E+4,
607.0500,1.41500430E+4,
607.200,1.25150684E+4,
607.3500,1.09533916E+4,
607.500,9.17401855E+3,
607.6500,8.19603027E+3,
607.800,7.80966406E+3,
607.9500,7.27954883E+3,
608.100,7.78525000E+3,
608.2500,8.13670703E+3,
608.400,8.95714258E+3,
608.5500,9.59053027E+3,
608.700,9.66413477E+3,
608.8500,9.94341504E+3,
609.00,1.02312256E+4,
609.1500,1.04147500E+4,
609.300,1.07020234E+4,
609.4500,1.08092383E+4,
609.600,1.07044609E+4,
609.7500,1.12734365E+4,
609.900,1.11715732E+4,
610.0500,1.15923340E+4,
610.200,1.21346953E+4,
610.3500,1.22586465E+4,
610.500,1.26730508E+4,
610.6500,1.36725107E+4,
610.800,1.45807217E+4,
610.9500,1.60354365E+4,
611.100,1.69475176E+4,
611.2500,1.98304141E+4,
611.400,2.09122461E+4,
611.5500,2.27533086E+4,
611.700,2.47748789E+4,
611.8500,2.55248008E+4,
612.00,2.50049824E+4,
612.1500,2.37673965E+4,
612.300,2.26137266E+4,
612.4500,2.19259688E+4,
612.600,2.01777773E+4,
612.7500,1.82527656E+4,
612.900,1.66594453E+4,
613.0500,1.54613096E+4,
613.200,1.38967510E+4,
613.3500,1.34960215E+4,
613.500,1.23898994E+4,
613.6500,1.17611465E+4,
613.800,1.15957861E+4,
613.9500,1.13837930E+4,
614.100,1.09436299E+4,
614.2500,1.06763008E+4,
614.400,1.08030127E+4,
614.5500,1.15930928E+4,
614.700,1.07979189E+4,
614.8500,1.12839336E+4,
615.00,1.09653584E+4,
615.1500,1.15278154E+4,
615.300,1.15033311E+4,
615.4500,1.05527178E+4,
615.600,1.11033896E+4,
615.7500,1.11332314E+4,
615.900,1.09941650E+4,
616.0500,1.12486084E+4,
616.200,1.13649824E+4,
616.3500,1.13814688E+4,
616.500,1.12724678E+4,
616.6500,1.13474287E+4,
616.800,1.14029951E+4,
616.9500,1.14446992E+4,
617.100,1.14138105E+4,
617.2500,1.13632412E+4,
617.400,1.13575361E+4,
617.5500,1.13969043E+4,
617.700,1.14278955E+4,
617.8500,1.13003359E+4,
618.00,1.14503174E+4,
618.1500,1.16214492E+4,
618.300,1.07937549E+4,
618.4500,1.10811680E+4,
618.600,1.05894824E+4,
618.7500,1.05253701E+4,
618.900,1.10000977E+4,
619.0500,1.03763682E+4,
619.200,1.12270791E+4,
619.3500,1.16627705E+4,
619.500,1.23108623E+4,
619.6500,1.36789385E+4,
619.800,1.38923018E+4,
619.9500,1.53407500E+4,
620.100,1.52872764E+4,
620.2500,1.62567295E+4,
620.400,1.67244570E+4,
620.5500,1.74307656E+4,
620.700,1.74449688E+4,
620.8500,1.76969727E+4,
621.00,1.73409004E+4,
621.1500,1.69918516E+4,
621.300,1.67182070E+4,
621.4500,1.56627598E+4,
621.600,1.52167451E+4,
621.7500,1.43594727E+4,
621.900,1.36745098E+4,
622.0500,1.24507754E+4,
622.200,1.26309092E+4,
622.3500,1.18431211E+4,
622.500,1.12860674E+4,
622.6500,1.11919678E+4,
622.800,1.07699277E+4,
622.9500,1.04697930E+4,
623.100,1.02742305E+4,
623.2500,9.67620703E+3,
623.400,9.30602441E+3,
623.5500,9.66511914E+3,
623.700,9.31478027E+3,
623.8500,9.30086719E+3,
624.00,9.44230566E+3,
624.1500,9.32821289E+3,
624.300,8.98728906E+3,
624.4500,9.24880957E+3,
624.600,9.02615918E+3,
624.7500,9.07639453E+3,
624.900,9.25619531E+3,
625.0500,8.85334668E+3,
625.200,9.26270898E+3,
625.3500,9.69524805E+3,
625.500,9.65750488E+3,
625.6500,9.49207324E+3,
625.800,9.65002344E+3,
625.9500,9.67430078E+3,
626.100,9.51739063E+3,
626.2500,9.60748242E+3,
626.400,8.89103027E+3,
626.5500,8.95187891E+3,
626.700,8.94675000E+3,
626.8500,8.60687891E+3,
627.00,8.36374707E+3,
627.1500,8.04043457E+3,
627.300,7.94447021E+3,
627.4500,7.26913477E+3,
627.600,7.00873877E+3,
627.7500,6.80800049E+3,
627.900,6.41452490E+3,
628.0500,6.35292041E+3,
628.200,5.89935547E+3,
628.3500,6.09075195E+3,
628.500,5.83476660E+3,
628.6500,5.91367969E+3,
628.800,5.65309033E+3,
628.9500,5.44336670E+3,
629.100,5.40181885E+3,
629.2500,5.30480908E+3,
629.400,5.28892578E+3,
629.5500,5.12266650E+3,
629.700,5.19797559E+3,
629.8500,5.15876221E+3,
630.00,5.07337305E+3,
630.1500,5.07665186E+3,
630.300,5.07001709E+3,
630.4500,4.87495361E+3,
630.600,4.90097510E+3,
630.7500,5.13941943E+3,
630.900,5.41866309E+3,
631.0500,5.49918311E+3,
631.200,5.36988867E+3,
631.3500,5.40390967E+3,
631.500,5.60892285E+3,
631.6500,5.71064990E+3,
631.800,5.43935645E+3,
631.9500,5.93882031E+3,
632.100,6.11605908E+3,
632.2500,6.04697021E+3,
632.400,6.48956299E+3,
632.5500,6.65529248E+3,
632.700,7.04292139E+3,
632.8500,7.05004492E+3,
633.00,6.87945264E+3,
633.1500,6.74569482E+3,
633.300,6.57019971E+3,
633.4500,6.96464404E+3,
633.600,6.63383887E+3,
633.7500,6.81592139E+3,
633.900,6.68748584E+3,
634.0500,6.75601221E+3,
634.200,6.42909229E+3,
634.3500,6.86258887E+3,
634.500,6.67044482E+3,
634.6500,6.11436084E+3,
634.800,6.45174121E+3,
634.9500,6.18044580E+3,
635.100,6.22793604E+3,
635.2500,6.15956006E+3,
635.400,6.44709717E+3,
635.5500,6.36115576E+3,
635.700,6.36691650E+3,
635.8500,6.30879883E+3,
636.00,5.93753857E+3,
636.1500,6.00328516E+3,
636.300,5.76223438E+3,
636.4500,6.02102295E+3,
636.600,5.47064990E+3,
636.7500,5.40653418E+3,
636.900,5.25213770E+3,
637.0500,5.22326904E+3,
637.200,5.44356738E+3,
637.3500,5.16128418E+3,
637.500,5.06292188E+3,
637.6500,4.69502002E+3,
637.800,4.66085059E+3,
637.9500,4.45125195E+3,
638.100,4.51504346E+3,
638.2500,4.89427686E+3,
638.400,4.51093164E+3,
638.5500,4.68181982E+3,
638.700,4.58783838E+3,
638.8500,4.61910059E+3,
639.00,4.69859912E+3,
639.1500,4.67109375E+3,
639.300,4.63601123E+3,
639.4500,4.86527100E+3,
639.600,4.98718604E+3,
639.7500,5.03476465E+3,
639.900,5.07877148E+3,
640.0500,4.99537598E+3,
640.200,5.46520361E+3,
640.3500,4.95253174E+3,
640.500,5.26167969E+3,
640.6500,5.58348926E+3,
640.800,5.84589600E+3,
640.9500,5.78224902E+3,
641.100,5.76403662E+3,
641.2500,5.68841309E+3,
641.400,5.59330371E+3,
641.5500,5.38649414E+3,
641.700,5.55172461E+3,
641.8500,5.05493652E+3,
642.00,4.75292480E+3,
642.1500,4.29862695E+3,
642.300,4.37357764E+3,
642.4500,3.79607690E+3,
642.600,3.87025000E+3,
642.7500,3.42968042E+3,
642.900,3.45644336E+3,
643.0500,3.00917871E+3,
643.200,2.92123218E+3,
643.3500,3.10045483E+3,
643.500,2.86641675E+3,
643.6500,2.91191406E+3,
643.800,3.03280957E+3,
643.9500,2.63842017E+3,
644.100,2.75922559E+3,
644.2500,2.66537964E+3,
644.400,2.38348755E+3,
644.5500,2.66851221E+3,
644.700,2.52173486E+3,
644.8500,2.33013867E+3,
645.00,2.33499878E+3,
645.1500,2.46912939E+3,
645.300,2.42187793E+3,
645.4500,2.28122168E+3,
645.600,2.26988696E+3,
645.7500,2.29104761E+3,
645.900,2.19402563E+3,
646.0500,2.48077734E+3,
646.200,2.29372510E+3,
646.3500,2.49991016E+3,
646.500,2.23388477E+3,
646.6500,2.15221558E+3,
646.800,2.31809741E+3,
646.9500,2.46813770E+3,
647.100,2.48181323E+3,
647.2500,2.44559985E+3,
647.400,2.60095728E+3,
647.5500,2.54811084E+3,
647.700,2.53689038E+3,
647.8500,2.73117969E+3,
648.00,2.67403247E+3,
648.1500,2.65865723E+3,
648.300,2.31385498E+3,
648.4500,2.30185400E+3,
648.600,2.45940381E+3,
648.7500,2.32440674E+3,
648.900,2.24418530E+3,
649.0500,2.26177466E+3,
649.200,2.33505859E+3,
649.3500,2.25006909E+3,
649.500,2.34509546E+3,
649.6500,2.52660742E+3,
649.800,2.35948926E+3,
649.9500,2.16570947E+3,
650.100,2.38709399E+3,
650.2500,2.63122583E+3,
650.400,2.76329492E+3,
650.5500,2.80434766E+3,
650.700,3.39196143E+3,
650.8500,3.98218115E+3,
651.00,3.90764526E+3,
651.1500,4.78786035E+3,
651.300,5.60148340E+3,
651.4500,6.50721045E+3,
651.600,6.94737207E+3,
651.7500,7.42503223E+3,
651.900,7.45975000E+3,
652.0500,7.74877783E+3,
652.200,7.43086426E+3,
652.3500,6.75299365E+3,
652.500,5.70376514E+3,
652.6500,5.29347314E+3,
652.800,4.59257129E+3,
652.9500,4.12814111E+3,
653.100,3.83831958E+3,
653.2500,3.40637402E+3,
653.400,3.20917920E+3,
653.5500,3.04757617E+3,
653.700,3.31505078E+3,
653.8500,2.91004565E+3,
654.00,2.82931152E+3,
654.1500,3.13039893E+3,
654.300,3.17445654E+3,
654.4500,3.31119702E+3,
654.600,3.30022046E+3,
654.7500,3.26594849E+3,
654.900,3.35257227E+3,
655.0500,3.37425098E+3,
655.200,3.35863306E+3,
655.3500,2.79436572E+3,
655.500,3.11095776E+3,
655.6500,3.12754712E+3,
655.800,3.39440601E+3,
655.9500,3.21295630E+3,
656.100,2.91681152E+3,
656.2500,2.93302686E+3,
656.400,2.91595288E+3,
656.5500,2.79371753E+3,
656.700,2.65176440E+3,
656.8500,2.63388013E+3,
657.00,2.75535059E+3,
657.1500,2.57861523E+3,
657.300,2.48799731E+3,
657.4500,2.61969604E+3,
657.600,2.84421265E+3,
657.7500,2.49083838E+3,
657.900,2.59417334E+3,
658.0500,2.53181543E+3,
658.200,2.85623682E+3,
658.3500,2.85806323E+3,
658.500,2.66791357E+3,
658.6500,2.94064746E+3,
658.800,2.88329419E+3,
658.9500,2.58771069E+3,
659.100,2.46958301E+3,
659.2500,2.48535693E+3,
659.400,2.66594360E+3,
659.5500,2.44703149E+3,
659.700,2.39260620E+3,
659.8500,2.32282739E+3,
660.00,2.20735083E+3,
660.1500,2.52581909E+3,
660.300,2.34448633E+3,
660.4500,2.20796240E+3,
660.600,2.12673926E+3,
660.7500,2.35111987E+3,
660.900,2.34140186E+3,
661.0500,2.36241309E+3,
661.200,2.36306104E+3,
661.3500,2.56968481E+3,
661.500,3.22126538E+3,
661.6500,2.94454077E+3,
661.800,3.16963721E+3,
661.9500,3.14621191E+3,
662.100,3.20088843E+3,
662.2500,3.33945532E+3,
662.400,3.39487061E+3,
662.5500,3.39801758E+3,
662.700,3.22215991E+3,
662.8500,3.20902881E+3,
663.00,2.82544092E+3,
663.1500,2.95964209E+3,
663.300,2.56809863E+3,
663.4500,2.39849023E+3,
663.600,2.36695532E+3,
663.7500,2.09958594E+3,
663.900,1.96512756E+3,
664.0500,1.72231458E+3,
664.200,1.81275195E+3,
664.3500,1.68188318E+3,
664.500,1.63711523E+3,
664.6500,1.60299377E+3,
664.800,1.50878247E+3,
664.9500,1.31583740E+3,
665.100,1.51599316E+3,
665.2500,1.48118982E+3,
665.400,1.43521777E+3,
665.5500,1.38901733E+3,
665.700,1.17684082E+3,
665.8500,1.22948169E+3,
666.00,1.03255530E+3,
666.1500,1.12961963E+3,
666.300,1.31080884E+3,
666.4500,1.17975159E+3,
666.600,1.21059363E+3,
666.7500,9.88767273E+2,
666.900,1.32338708E+3,
667.0500,1.12898889E+3,
667.200,1.10342554E+3,
667.3500,1.14012708E+3,
667.500,1.12582629E+3,
667.6500,1.29384399E+3,
667.800,1.11414124E+3,
667.9500,1.15693188E+3,
668.100,1.14832153E+3,
668.2500,8.97943237E+2,
668.400,1.10794263E+3,
668.5500,9.95029175E+2,
668.700,1.05553259E+3,
668.8500,1.13959167E+3,
669.00,9.85084045E+2,
669.1500,1.05194641E+3,
669.300,1.06055713E+3,
669.4500,1.02221118E+3,
669.600,9.77767456E+2,
669.7500,1.03938635E+3,
669.900,1.02434998E+3,
670.0500,1.00327997E+3,
670.200,1.10111560E+3,
670.3500,7.81732971E+2,
670.500,7.77780457E+2,
670.6500,1.22968872E+3,
670.800,9.68265930E+2,
670.9500,1.13358899E+3,
671.100,8.88597778E+2,
671.2500,9.02911804E+2,
671.400,9.65891235E+2,
671.5500,9.19559204E+2,
671.700,7.93631958E+2,
671.8500,9.11874573E+2,
672.00,8.65050659E+2,
672.1500,7.74871765E+2,
672.300,8.75354553E+2,
672.4500,8.77448364E+2,
672.600,1.00342712E+3,
672.7500,9.80992859E+2,
672.900,8.65092163E+2,
673.0500,8.79655457E+2,
673.200,8.94317200E+2,
673.3500,9.27853821E+2,
673.500,8.73565125E+2,
673.6500,7.30805969E+2,
673.800,9.59954956E+2,
673.9500,8.16697876E+2,
674.100,8.06056396E+2,
674.2500,7.69928223E+2,
674.400,9.24990051E+2,
674.5500,8.82575989E+2,
674.700,9.16884033E+2,
674.8500,8.48511841E+2,
675.00,7.73341614E+2,
675.1500,8.65804016E+2,
675.300,8.22702881E+2,
675.4500,7.40406250E+2,
675.600,9.70236816E+2,
675.7500,8.94414795E+2,
675.900,8.31285400E+2,
676.0500,8.26894043E+2,
676.200,7.63276306E+2,
676.3500,9.23626892E+2,
676.500,8.73148254E+2,
676.6500,6.89753845E+2,
676.800,8.24572815E+2,
676.9500,7.33412292E+2,
677.100,6.55135559E+2,
677.2500,8.24443848E+2,
677.400,7.72868958E+2,
677.5500,9.23167480E+2,
677.700,6.89149841E+2,
677.8500,7.51952454E+2,
678.00,9.10179260E+2,
678.1500,8.44449158E+2,
678.300,8.05681396E+2,
678.4500,8.42010559E+2,
678.600,7.82435608E+2,
678.7500,7.50070801E+2,
678.900,9.03816467E+2,
679.0500,7.26312012E+2,
679.200,8.39130981E+2,
679.3500,1.00814502E+3,
679.500,7.04024292E+2,
679.6500,7.05829773E+2,
679.800,6.44582581E+2,
679.9500,8.07797302E+2,
680.100,7.91450195E+2,
680.2500,7.72379944E+2,
680.400,6.82144165E+2,
680.5500,5.91402710E+2,
680.700,6.50202698E+2,
680.8500,6.52005798E+2,
681.00,7.90326233E+2,
681.1500,7.34855774E+2,
681.300,6.86299438E+2,
681.4500,7.17158569E+2,
681.600,7.62710449E+2,
681.7500,6.26412170E+2,
681.900,5.25880310E+2,
682.0500,6.22528076E+2,
682.200,6.38899231E+2,
682.3500,5.96446594E+2,
682.500,7.67881592E+2,
682.6500,7.03331726E+2,
682.800,1.03929834E+3,
682.9500,8.63470642E+2,
683.100,6.26956909E+2,
683.2500,9.20510132E+2,
683.400,6.22827759E+2,
683.5500,4.81544128E+2,
683.700,7.39350220E+2,
683.8500,5.74918396E+2,
684.00,4.39936371E+2,
684.1500,6.61687927E+2,
684.300,6.63476074E+2,
684.4500,6.34684509E+2,
684.600,5.98065308E+2,
684.7500,6.91945007E+2,
684.900,7.32367615E+2,
685.0500,6.02942017E+2,
685.200,6.43330994E+2,
685.3500,7.15023254E+2,
685.500,5.14343140E+2,
685.6500,7.81424561E+2,
685.800,4.93634674E+2,
685.9500,4.71407227E+2,
686.100,7.32663147E+2,
686.2500,6.71453125E+2,
686.400,5.70303589E+2,
686.5500,7.06871033E+2,
686.700,5.09692993E+2,
686.8500,8.22516846E+2,
687.00,6.96637207E+2,
687.1500,6.34315796E+2,
687.300,6.76314636E+2,
687.4500,6.37807312E+2,
687.600,7.77189575E+2,
687.7500,7.38739807E+2,
687.900,7.16355469E+2,
688.0500,7.59143738E+2,
688.200,8.18534729E+2,
688.3500,6.23802795E+2,
688.500,6.83139282E+2,
688.6500,6.85027893E+2,
688.800,7.11750183E+2,
688.9500,6.47328369E+2,
689.100,7.57280273E+2,
689.2500,6.50860413E+2,
689.400,7.44667969E+2,
689.5500,7.13133545E+2,
689.700,6.64599854E+2,
689.8500,6.57975037E+2,
690.00,6.59769104E+2,
690.1500,6.53067993E+2,
690.300,6.37821533E+2,
690.4500,5.79854187E+2,
690.600,5.72871460E+2,
690.7500,5.82994812E+2,
690.900,4.04043701E+2,
691.0500,6.89600830E+2,
691.200,6.74197083E+2,
691.3500,6.76039124E+2,
691.500,6.77887573E+2,
691.6500,4.88020874E+2,
691.800,7.68989380E+2,
691.9500,5.87085876E+2,
692.100,6.06272583E+2,
692.2500,5.46266602E+2,
692.400,6.53793030E+2,
692.5500,7.08751709E+2,
692.700,7.19592529E+2,
692.8500,6.68129883E+2,
693.00,6.78910156E+2,
693.1500,6.27023560E+2,
693.300,5.92811829E+2,
693.4500,8.10595886E+2,
693.600,5.59942078E+2,
693.7500,7.06376770E+2,
693.900,6.35670166E+2,
694.0500,5.64570190E+2,
694.200,6.48306274E+2,
694.3500,5.95156677E+2,
694.500,7.43703918E+2,
694.6500,6.16862671E+2,
694.800,6.55496826E+2,
694.9500,8.42469666E+2,
695.100,7.79843933E+2,
695.2500,8.47214905E+2,
695.400,6.90890564E+2,
695.5500,5.24313599E+2,
695.700,8.16864258E+2,
695.8500,7.43851135E+2,
696.00,8.30942383E+2,
696.1500,7.48063232E+2,
696.300,5.88743347E+2,
696.4500,5.99929321E+2,
696.600,6.39823364E+2,
696.7500,5.93750427E+2,
696.900,6.91469910E+2,
697.0500,6.54888977E+2,
697.200,7.91901733E+2,
697.3500,7.06935120E+2,
697.500,7.47734924E+2,
697.6500,6.42691528E+2,
697.800,7.71414063E+2,
697.9500,8.51890015E+2,
698.100,8.73895081E+2,
698.2500,9.05865112E+2,
698.400,8.78766968E+2,
698.5500,9.01017334E+2,
698.700,9.53175659E+2,
698.8500,7.16877319E+2,
699.00,1.00842938E+3,
699.1500,1.00127393E+3,
699.300,9.53905945E+2,
699.4500,8.15639221E+2,
699.600,1.11080420E+3,
699.7500,8.60789001E+2,
699.900,9.64797119E+2,
700.0500,6.72174500E+2,
700.200,6.94475403E+2,
700.3500,4.81344666E+2,
700.500,6.88088989E+2,
700.6500,5.25234375E+2,
700.800,6.09323608E+2,
700.9500,6.62813354E+2,
701.100,6.02315735E+2,
701.2500,5.62289856E+2,
701.400,6.57777283E+2,
701.5500,6.49085144E+2,
701.700,5.56364685E+2,
701.8500,6.63129517E+2,
702.00,7.70469910E+2,
702.1500,7.83139221E+2,
702.300,7.85259888E+2,
702.4500,8.08670471E+2,
702.600,7.04172058E+2,
702.7500,7.80972046E+2,
702.900,8.79641479E+2,
703.0500,9.78879883E+2,
703.200,1.02481104E+3,
703.3500,8.32997681E+2,
703.500,8.78763489E+2,
703.6500,6.63670654E+2,
703.800,8.07403015E+2,
703.9500,7.76882019E+2,
704.100,6.03572021E+2,
704.2500,9.02540588E+2,
704.400,9.49379578E+2,
704.5500,9.30056763E+2,
704.700,7.99565369E+2,
704.8500,1.09154004E+3,
705.00,1.08362476E+3,
705.1500,1.03082092E+3,
705.300,1.01140826E+3,
705.4500,8.79163574E+2,
705.600,1.23223486E+3,
705.7500,8.73074036E+2,
705.900,1.01215186E+3,
706.0500,9.35310547E+2,
706.200,8.80851440E+2,
706.3500,1.00963702E+3,
706.500,1.02410535E+3,
706.6500,1.06173560E+3,
706.800,1.09957886E+3,
706.9500,1.06799011E+3,
707.100,1.11769360E+3,
707.2500,1.42456458E+3,
707.400,1.14768054E+3,
707.5500,1.26850330E+3,
707.700,1.15443457E+3,
707.8500,1.25234863E+3,
708.00,1.39823132E+3,
708.1500,1.35473547E+3,
708.300,1.26330542E+3,
708.4500,1.18329480E+3,
708.600,1.27063135E+3,
708.7500,1.37048975E+3,
708.900,1.33829858E+3,
709.0500,1.28166821E+3,
709.200,9.45729248E+2,
709.3500,1.04561975E+3,
709.500,1.29236536E+3,
709.6500,9.04725769E+2,
709.800,9.80801758E+2,
709.9500,1.13106348E+3,
710.100,1.04786865E+3,
710.2500,8.52936890E+2,
710.400,7.56099243E+2,
710.5500,7.58158875E+2,
710.700,1.04687085E+3,
710.8500,8.49780334E+2,
711.00,8.77163879E+2,
711.1500,1.16862097E+3,
711.300,1.07106995E+3,
711.4500,8.97155212E+2,
711.600,9.63016602E+2,
711.7500,6.86161011E+2,
711.900,8.53730530E+2,
712.0500,8.05019714E+2,
712.200,9.48270020E+2,
712.3500,7.19653259E+2,
712.500,8.50580627E+2,
712.6500,8.27160034E+2,
712.800,7.38793762E+2,
712.9500,9.61878296E+2,
713.100,8.21201538E+2,
713.2500,7.71210693E+2,
713.400,7.86476440E+2,
713.5500,9.06979858E+2,
713.700,7.77706665E+2,
713.8500,6.74140503E+2,
714.00,6.89288940E+2,
714.1500,8.37410950E+2,
714.300,7.99742615E+2,
714.4500,8.42056946E+2,
714.600,7.90780640E+2,
714.7500,8.73618103E+2,
714.900,8.35614258E+2,
715.0500,8.10932129E+2,
715.200,5.28619629E+2,
715.3500,8.56378906E+2,
715.500,4.90767700E+2,
715.6500,6.56242798E+2,
715.800,7.12980103E+2,
715.9500,8.25044373E+2,
716.100,5.79218872E+2,
716.2500,6.50080322E+2,
716.400,6.65867798E+2,
716.5500,4.59133881E+2,
716.700,6.41894043E+2,
716.8500,5.87809021E+2,
717.00,5.33400696E+2,
717.1500,5.20875305E+2,
717.300,4.65917358E+2,
717.4500,7.07993530E+2,
717.600,5.82249146E+2,
717.7500,5.41222473E+2,
717.900,4.85668701E+2,
718.0500,5.15732544E+2,
718.200,7.47084045E+2,
718.3500,5.18697144E+2,
718.500,7.22483643E+2,
718.6500,6.52107361E+2,
718.800,6.83051941E+2,
718.9500,7.14171875E+2,
719.100,5.40814819E+2,
719.2500,5.86330566E+2,
719.400,8.52605225E+2,
719.5500,8.10813477E+2,
719.700,6.06152283E+2,
719.8500,6.96845764E+2,
720.00,7.13710693E+2,
720.1500,6.56094421E+2,
720.300,7.17775208E+2,
720.4500,5.39864258E+2,
720.600,7.06831665E+2,
720.7500,5.88193481E+2,
720.900,7.41124023E+2,
721.0500,6.82556641E+2,
721.200,8.51783752E+2,
721.3500,7.93160461E+2,
721.500,7.64795593E+2,
721.6500,8.74318420E+2,
721.800,6.76811218E+2,
721.9500,7.40418945E+2,
722.100,7.57937988E+2,
722.2500,8.53084534E+2,
722.400,1.16649817E+3,
722.5500,9.04575500E+2,
722.700,1.12601611E+3,
722.8500,7.52748352E+2,
723.00,9.12082642E+2,
723.1500,5.36165222E+2,
723.300,8.85567871E+2,
723.4500,6.50179443E+2,
723.600,5.40685852E+2,
723.7500,7.33570679E+2,
723.900,5.27737366E+2,
724.0500,6.25461975E+2,
724.200,7.55947388E+2,
724.3500,8.71056519E+2,
724.500,6.95634827E+2,
724.6500,8.43681335E+2,
724.800,6.50876038E+2,
724.9500,9.79161194E+2,
725.100,1.17839307E+3,
725.2500,7.87860657E+2,
725.400,1.31689331E+3,
725.5500,1.15561182E+3,
725.700,1.39074634E+3,
725.8500,1.16231226E+3,
726.00,9.65851685E+2,
726.1500,6.67969299E+2,
726.300,8.03808594E+2,
726.4500,6.54925903E+2,
726.600,9.76726685E+2,
726.7500,7.76822327E+2,
726.900,5.75788879E+2,
727.0500,7.13254883E+2,
727.200,6.13041443E+2,
727.3500,3.92742767E+2,
727.500,4.79438324E+2,
727.6500,4.63590393E+2,
727.800,5.33739258E+2,
727.9500,4.31623810E+2,
728.100,7.44428406E+2,
728.2500,4.86068909E+2,
728.400,6.78877380E+2,
728.5500,4.18914673E+2,
728.700,6.82602417E+2,
728.8500,4.38766388E+2,
729.00,4.57570435E+2,
729.1500,4.23554443E+2,
729.300,6.90202698E+2,
729.4500,5.85654419E+2,
729.600,4.80516205E+2,
729.7500,5.35406372E+2,
729.900,3.93735809E+2,
730.0500,5.02535187E+2,
730.200,4.85971558E+2,
730.3500,3.42957733E+2,
730.500,6.87879028E+2,
730.6500,3.63079590E+2,
730.800,5.64388000E+2,
730.9500,5.11234100E+2,
731.100,4.39436279E+2,
731.2500,6.05913574E+2,
731.400,4.97135040E+2,
731.5500,6.09311401E+2,
731.700,4.62893768E+2,
731.8500,5.75599609E+2,
732.00,6.70316711E+2,
732.1500,3.17410706E+2,
732.300,5.05513123E+2,
732.4500,6.94652588E+2,
732.600,6.96572205E+2,
732.7500,5.09715698E+2,
732.900,6.43642456E+2,
733.0500,6.64421570E+2,
733.200,7.23411743E+2,
733.3500,9.92734009E+2,
733.500,1.12956360E+3,
733.6500,1.45916113E+3,
733.800,1.67510034E+3,
733.9500,1.79571667E+3,
734.100,2.11069385E+3,
734.2500,2.31097656E+3,
734.400,2.29817163E+3,
734.5500,2.08995630E+3,
734.700,2.58572144E+3,
734.8500,2.49498267E+3,
735.00,1.91114209E+3,
735.1500,1.46213904E+3,
735.300,1.82297815E+3,
735.4500,1.35126538E+3,
735.600,1.69390942E+3,
735.7500,1.43894727E+3,
735.900,8.41791870E+2,
736.0500,1.30646045E+3,
736.200,1.14882434E+3,
736.3500,6.06313416E+2,
736.500,1.09438000E+3,
736.6500,1.54450159E+3,
736.800,1.10044836E+3,
736.9500,1.20567529E+3,
737.100,1.41380176E+3,
737.2500,1.74622119E+3,
737.400,1.48304834E+3,
737.5500,1.81739209E+3,
737.700,2.11208032E+3,
737.8500,2.20070337E+3,
738.00,2.39386694E+3,
738.1500,2.35822485E+3,
738.300,3.30574219E+3,
738.4500,3.14636670E+3,
738.600,3.89042432E+3,
738.7500,4.02686206E+3,
738.900,4.39649268E+3,
739.0500,4.51378613E+3,
739.200,4.41937207E+3,
739.3500,5.49609033E+3,
739.500,4.63480957E+3,
739.6500,3.91888843E+3,
739.800,3.67154004E+3,
739.9500,2.99232227E+3,
740.100,2.80618555E+3,
740.2500,2.57584180E+3,
740.400,1.71474854E+3,
740.5500,1.30594995E+3,
740.700,1.39687854E+3,
740.8500,1.13811658E+3,
741.00,1.09738623E+3,
741.1500,9.90392822E+2,
741.300,8.82797791E+2,
741.4500,8.63124817E+2,
741.600,4.66055237E+2,
741.7500,6.00886536E+2,
741.900,5.35614624E+2,
742.0500,7.60889160E+2,
742.200,8.30276184E+2,
742.3500,6.30026184E+2,
742.500,7.21990540E+2,
742.6500,5.88217224E+2,
742.800,4.76395081E+2,
742.9500,5.68686584E+2,
743.100,4.79005127E+2,
743.2500,3.65957764E+2,
743.400,3.21093079E+2,
743.5500,7.12947205E+2,
743.700,4.15109222E+2,
743.8500,6.24380310E+2,
744.00,3.24646271E+2,
744.1500,6.04590637E+2,
744.300,2.33181793E+2,
744.4500,3.27363831E+2,
744.600,4.22070129E+2,
744.7500,5.17303955E+2,
744.900,4.00852722E+2,
745.0500,5.91125488E+2,
745.200,4.97902100E+2,
745.3500,4.75489441E+2,
745.500,8.34385132E+2,
745.6500,5.25909180E+2,
745.800,8.86911316E+2,
745.9500,1.00953076E+3,
746.100,8.91717834E+2,
746.2500,9.66548157E+2,
746.400,1.11445056E+3,
746.5500,8.50180664E+2,
746.700,9.98546692E+2,
746.8500,7.81406677E+2,
747.00,1.05278430E+3,
747.1500,9.08128296E+2,
747.300,8.36564636E+2,
747.4500,7.64642395E+2,
747.600,9.89085144E+2,
747.7500,5.45348877E+2,
747.900,8.44909485E+2,
748.0500,8.71920288E+2,
748.200,5.49420532E+2,
748.3500,4.50639282E+2,
748.500,4.76854156E+2,
748.6500,1.50959366E+2,
748.800,4.03558136E+2,
748.9500,4.55131653E+2,
749.100,3.80264374E+2,
749.2500,2.03348389E+2,
749.400,4.33269165E+2,
749.5500,4.08872437E+2,
749.700,5.12457764E+2,
749.8500,4.62447174E+2,
750.00,2.31843536E+2,
