Labels,32C_18_375K,
Type,Emission Scan,
Comment,,
Start,254.300,
Stop,750.0500,
Step,0.150,
Fixed/Offset,248.400,
Xaxis,Wavelength,
Yaxis,Counts,
Scan Corr. by File,True,
Corr. by Ref. Det.,False,
Fixed/Offset Corr. by File,False,
Repeats,2,
Dwell Time,0.20,
Lamp,Xe,
Temp,26.20,
Scan Polariser,None,
Scan Slit,0.2520,
Fixed/Offset Polariser,None,
Fixed/Offset Slit,2.9970,
Detector,Red PMT,

254.300,8.83354688E+3,
254.4500,8.97830273E+3,
254.600,8.25637305E+3,
254.7500,9.32328809E+3,
254.900,9.86922852E+3,
255.0500,8.20383008E+3,
255.200,8.86849512E+3,
255.3500,9.44410840E+3,
255.500,9.09095605E+3,
255.6500,8.49360254E+3,
255.800,7.66405957E+3,
255.9500,9.95133105E+3,
256.100,1.02104355E+4,
256.2500,8.54420898E+3,
256.400,8.46062793E+3,
256.5500,7.51253711E+3,
256.700,8.18664795E+3,
256.8500,8.50322266E+3,
257.00,7.48801709E+3,
257.1500,7.20147363E+3,
257.300,8.04239014E+3,
257.4500,9.01301855E+3,
257.600,7.94127100E+3,
257.7500,8.27321094E+3,
257.900,7.94488916E+3,
258.0500,7.91967676E+3,
258.200,6.87471729E+3,
258.3500,7.67301270E+3,
258.500,8.49330469E+3,
258.6500,8.82616113E+3,
258.800,8.69342578E+3,
258.9500,8.56422266E+3,
259.100,7.19981250E+3,
259.2500,8.87711230E+3,
259.400,8.27526367E+3,
259.5500,7.43689551E+3,
259.700,8.24650000E+3,
259.8500,7.30836865E+3,
260.00,8.33932617E+3,
260.1500,9.37835938E+3,
260.300,8.06629053E+3,
260.4500,7.44984814E+3,
260.600,8.11284570E+3,
260.7500,8.90845996E+3,
260.900,9.16092773E+3,
261.0500,1.01028926E+4,
261.200,8.58824414E+3,
261.3500,9.25892285E+3,
261.500,9.69967090E+3,
261.6500,8.28366309E+3,
261.800,9.48048730E+3,
261.9500,9.18802051E+3,
262.100,9.23513379E+3,
262.2500,8.88322852E+3,
262.400,8.50741992E+3,
262.5500,8.33389746E+3,
262.700,9.68927148E+3,
262.8500,9.44175488E+3,
263.00,8.98315332E+3,
263.1500,9.26825000E+3,
263.300,9.15313281E+3,
263.4500,9.51782617E+3,
263.600,9.57851758E+3,
263.7500,9.87025391E+3,
263.900,9.63677734E+3,
264.0500,9.32321973E+3,
264.200,1.08988164E+4,
264.3500,9.55001953E+3,
264.500,9.93330371E+3,
264.6500,9.19526855E+3,
264.800,1.05115938E+4,
264.9500,9.25261328E+3,
265.100,1.06701904E+4,
265.2500,9.74904883E+3,
265.400,1.03350205E+4,
265.5500,1.00200283E+4,
265.700,1.04893252E+4,
265.8500,1.07744395E+4,
266.00,1.05372822E+4,
266.1500,1.05737500E+4,
266.300,1.00557393E+4,
266.4500,1.00479609E+4,
266.600,9.75716895E+3,
266.7500,1.04983936E+4,
266.900,1.17324609E+4,
267.0500,1.05868750E+4,
267.200,1.18190908E+4,
267.3500,9.95520605E+3,
267.500,1.03030234E+4,
267.6500,9.78613672E+3,
267.800,1.04549248E+4,
267.9500,1.10027881E+4,
268.100,1.20536182E+4,
268.2500,1.08617246E+4,
268.400,1.22087217E+4,
268.5500,1.10156543E+4,
268.700,1.06677686E+4,
268.8500,1.13666045E+4,
269.00,1.07784404E+4,
269.1500,1.03822432E+4,
269.300,1.11051709E+4,
269.4500,1.07714092E+4,
269.600,1.03260176E+4,
269.7500,1.08748828E+4,
269.900,1.10302646E+4,
270.0500,9.87129980E+3,
270.200,1.16757891E+4,
270.3500,1.01204287E+4,
270.500,1.18185303E+4,
270.6500,1.03970693E+4,
270.800,1.11703750E+4,
270.9500,1.11885625E+4,
271.100,1.11357979E+4,
271.2500,1.09238965E+4,
271.400,1.22532725E+4,
271.5500,1.08247803E+4,
271.700,1.15766963E+4,
271.8500,1.07102158E+4,
272.00,1.05938047E+4,
272.1500,1.08508945E+4,
272.300,1.06142852E+4,
272.4500,1.05317451E+4,
272.600,1.06827979E+4,
272.7500,1.17544375E+4,
272.900,1.15660195E+4,
273.0500,9.98235645E+3,
273.200,1.05776484E+4,
273.3500,1.03166543E+4,
273.500,1.06615410E+4,
273.6500,9.97913477E+3,
273.800,1.09130537E+4,
273.9500,1.06718984E+4,
274.100,1.09222734E+4,
274.2500,1.04365029E+4,
274.400,1.08486260E+4,
274.5500,1.05802676E+4,
274.700,1.07018926E+4,
274.8500,1.13071182E+4,
275.00,1.05002910E+4,
275.1500,1.07469951E+4,
275.300,1.08313340E+4,
275.4500,1.08000137E+4,
275.600,1.08537178E+4,
275.7500,1.07520596E+4,
275.900,1.06656396E+4,
276.0500,1.00142773E+4,
276.200,1.00426563E+4,
276.3500,1.01246143E+4,
276.500,1.01915313E+4,
276.6500,1.04040225E+4,
276.800,1.00696230E+4,
276.9500,1.06472246E+4,
277.100,9.59778320E+3,
277.2500,9.83221777E+3,
277.400,1.05632793E+4,
277.5500,1.01365088E+4,
277.700,9.62769824E+3,
277.8500,1.05431885E+4,
278.00,9.75250000E+3,
278.1500,1.01228311E+4,
278.300,1.02055283E+4,
278.4500,1.06393643E+4,
278.600,9.02695508E+3,
278.7500,9.86991016E+3,
278.900,9.41611328E+3,
279.0500,1.01853604E+4,
279.200,9.79704199E+3,
279.3500,9.97253516E+3,
279.500,1.00298135E+4,
279.6500,9.74184668E+3,
279.800,9.73112988E+3,
279.9500,9.76561914E+3,
280.100,1.01837373E+4,
280.2500,9.13439844E+3,
280.400,9.58513867E+3,
280.5500,1.04155957E+4,
280.700,9.48304688E+3,
280.8500,9.36745020E+3,
281.00,9.90174902E+3,
281.1500,9.33413379E+3,
281.300,9.28582422E+3,
281.4500,1.00652363E+4,
281.600,9.74913770E+3,
281.7500,9.41586426E+3,
281.900,9.21147168E+3,
282.0500,9.95966211E+3,
282.200,9.35959082E+3,
282.3500,9.32860156E+3,
282.500,9.13562109E+3,
282.6500,9.44865430E+3,
282.800,9.31710059E+3,
282.9500,9.76376660E+3,
283.100,9.12539355E+3,
283.2500,9.02396484E+3,
283.400,9.27446582E+3,
283.5500,9.10532813E+3,
283.700,9.74563379E+3,
283.8500,9.42253906E+3,
284.00,9.16996973E+3,
284.1500,8.70289844E+3,
284.300,9.01914746E+3,
284.4500,8.95879492E+3,
284.600,8.98243164E+3,
284.7500,9.04254883E+3,
284.900,8.36858105E+3,
285.0500,8.91274414E+3,
285.200,9.29492969E+3,
285.3500,9.23043848E+3,
285.500,9.13011230E+3,
285.6500,9.13847168E+3,
285.800,8.71542871E+3,
285.9500,8.76964258E+3,
286.100,9.16924902E+3,
286.2500,8.25250098E+3,
286.400,8.56990625E+3,
286.5500,8.12778076E+3,
286.700,8.72163184E+3,
286.8500,8.38693945E+3,
287.00,8.40036914E+3,
287.1500,8.27074512E+3,
287.300,8.36416309E+3,
287.4500,8.41303125E+3,
287.600,8.26537598E+3,
287.7500,8.14440039E+3,
287.900,8.28270410E+3,
288.0500,8.12524854E+3,
288.200,8.34245605E+3,
288.3500,7.90617090E+3,
288.500,8.53544629E+3,
288.6500,8.59171973E+3,
288.800,8.28956445E+3,
288.9500,7.56591016E+3,
289.100,7.61034766E+3,
289.2500,7.95815088E+3,
289.400,8.58354980E+3,
289.5500,8.25017578E+3,
289.700,8.08710693E+3,
289.8500,7.75398584E+3,
290.00,8.07449170E+3,
290.1500,8.53439551E+3,
290.300,7.92981885E+3,
290.4500,7.49577295E+3,
290.600,7.95511865E+3,
290.7500,7.93203809E+3,
290.900,7.74847852E+3,
291.0500,8.44613770E+3,
291.200,8.55274805E+3,
291.3500,8.12569727E+3,
291.500,7.38872412E+3,
291.6500,7.78882520E+3,
291.800,8.25893457E+3,
291.9500,7.53299707E+3,
292.100,7.29294482E+3,
292.2500,7.79400195E+3,
292.400,7.48269482E+3,
292.5500,7.50670508E+3,
292.700,7.54819580E+3,
292.8500,7.25612646E+3,
293.00,7.32410693E+3,
293.1500,7.49420654E+3,
293.300,7.77712012E+3,
293.4500,7.46651514E+3,
293.600,7.26138623E+3,
293.7500,7.36079443E+3,
293.900,7.15656348E+3,
294.0500,7.22014063E+3,
294.200,6.69475146E+3,
294.3500,7.46286670E+3,
294.500,7.50606104E+3,
294.6500,7.14629541E+3,
294.800,7.83968213E+3,
294.9500,7.67690234E+3,
295.100,7.39309326E+3,
295.2500,6.77861328E+3,
295.400,6.70050732E+3,
295.5500,6.77465332E+3,
295.700,7.01661230E+3,
295.8500,7.19845947E+3,
296.00,7.28722510E+3,
296.1500,7.28817871E+3,
296.300,7.23920117E+3,
296.4500,7.02481641E+3,
296.600,7.08426855E+3,
296.7500,6.88816309E+3,
296.900,6.69329492E+3,
297.0500,6.65385645E+3,
297.200,7.04399658E+3,
297.3500,6.60365479E+3,
297.500,7.28997705E+3,
297.6500,7.34305273E+3,
297.800,7.03470459E+3,
297.9500,7.35192725E+3,
298.100,7.13121826E+3,
298.2500,7.48186377E+3,
298.400,6.70087061E+3,
298.5500,7.04239502E+3,
298.700,6.90356543E+3,
298.8500,6.69567480E+3,
299.00,6.51272852E+3,
299.1500,7.14031445E+3,
299.300,6.97752002E+3,
299.4500,6.75484229E+3,
299.600,7.38039502E+3,
299.7500,6.83138477E+3,
299.900,6.88416016E+3,
300.0500,6.81528711E+3,
300.200,6.80541357E+3,
300.3500,6.98930029E+3,
300.500,7.20104590E+3,
300.6500,6.83499023E+3,
300.800,7.20694482E+3,
300.9500,6.34690820E+3,
301.100,6.68739697E+3,
301.2500,6.28539697E+3,
301.400,6.44930762E+3,
301.5500,6.38208057E+3,
301.700,6.96482129E+3,
301.8500,6.30618750E+3,
302.00,6.56551660E+3,
302.1500,6.63075244E+3,
302.300,6.87015186E+3,
302.4500,6.82863184E+3,
302.600,7.02294141E+3,
302.7500,6.84998877E+3,
302.900,6.78839502E+3,
303.0500,6.46742627E+3,
303.200,6.52845947E+3,
303.3500,6.64278906E+3,
303.500,6.66854541E+3,
303.6500,6.51358008E+3,
303.800,6.16075977E+3,
303.9500,6.71729297E+3,
304.100,6.45849316E+3,
304.2500,6.37217529E+3,
304.400,6.27366895E+3,
304.5500,6.55806982E+3,
304.700,6.64622510E+3,
304.8500,6.32336377E+3,
305.00,6.22684424E+3,
305.1500,6.20105176E+3,
305.300,6.30160059E+3,
305.4500,6.42614648E+3,
305.600,6.36828857E+3,
305.7500,6.52213672E+3,
305.900,6.26646631E+3,
306.0500,6.20996240E+3,
306.200,5.98860498E+3,
306.3500,6.28673389E+3,
306.500,6.07919727E+3,
306.6500,6.64479736E+3,
306.800,6.08974463E+3,
306.9500,6.44071387E+3,
307.100,6.47943311E+3,
307.2500,6.28738965E+3,
307.400,6.17355762E+3,
307.5500,6.28287549E+3,
307.700,6.19911719E+3,
307.8500,6.68318311E+3,
308.00,5.92448877E+3,
308.1500,6.11840674E+3,
308.300,6.01959668E+3,
308.4500,6.55696875E+3,
308.600,6.11253125E+3,
308.7500,5.96444189E+3,
308.900,5.99097949E+3,
309.0500,5.80576221E+3,
309.200,6.15887646E+3,
309.3500,5.67698926E+3,
309.500,6.10383350E+3,
309.6500,6.01389600E+3,
309.800,5.71315869E+3,
309.9500,6.18735400E+3,
310.100,6.15213623E+3,
310.2500,6.44352588E+3,
310.400,6.40742432E+3,
310.5500,5.99023633E+3,
310.700,5.93537939E+3,
310.8500,6.20623682E+3,
311.00,6.12984424E+3,
311.1500,6.06030127E+3,
311.300,5.83609668E+3,
311.4500,6.01042871E+3,
311.600,6.00366943E+3,
311.7500,6.18063281E+3,
311.900,6.31019482E+3,
312.0500,6.36297168E+3,
312.200,5.87701270E+3,
312.3500,6.35791650E+3,
312.500,6.25546387E+3,
312.6500,6.00469873E+3,
312.800,5.89955078E+3,
312.9500,6.31760059E+3,
313.100,6.01634424E+3,
313.2500,5.80585303E+3,
313.400,5.74789990E+3,
313.5500,6.01994727E+3,
313.700,6.03386084E+3,
313.8500,6.07163330E+3,
314.00,5.68292920E+3,
314.1500,5.97090576E+3,
314.300,5.94304639E+3,
314.4500,5.96739307E+3,
314.600,5.84535986E+3,
314.7500,5.58802539E+3,
314.900,5.87522852E+3,
315.0500,5.79706787E+3,
315.200,5.43694482E+3,
315.3500,5.48186426E+3,
315.500,5.62780273E+3,
315.6500,5.50626563E+3,
315.800,5.80651318E+3,
315.9500,5.58479346E+3,
316.100,5.60603711E+3,
316.2500,5.41462158E+3,
316.400,5.47261621E+3,
316.5500,5.52116406E+3,
316.700,5.27808936E+3,
316.8500,5.59031641E+3,
317.00,5.47316895E+3,
317.1500,5.60185352E+3,
317.300,5.87996826E+3,
317.4500,5.42471973E+3,
317.600,5.38086670E+3,
317.7500,5.40292529E+3,
317.900,5.35060254E+3,
318.0500,5.10750879E+3,
318.200,5.27862891E+3,
318.3500,5.13732813E+3,
318.500,5.22533545E+3,
318.6500,5.16662744E+3,
318.800,5.38249463E+3,
318.9500,4.99032324E+3,
319.100,5.07373145E+3,
319.2500,4.87648193E+3,
319.400,5.29448828E+3,
319.5500,5.35106055E+3,
319.700,5.39463428E+3,
319.8500,4.99280762E+3,
320.00,4.94496484E+3,
320.1500,4.91466406E+3,
320.300,5.05105518E+3,
320.4500,5.17004932E+3,
320.600,5.05644678E+3,
320.7500,4.98885938E+3,
320.900,5.00397607E+3,
321.0500,4.72754980E+3,
321.200,5.09200000E+3,
321.3500,4.93152490E+3,
321.500,5.40755859E+3,
321.6500,5.14134863E+3,
321.800,4.88460449E+3,
321.9500,5.21540088E+3,
322.100,4.82313574E+3,
322.2500,5.03645459E+3,
322.400,4.93969922E+3,
322.5500,4.90743262E+3,
322.700,4.87529102E+3,
322.8500,4.87514111E+3,
323.00,4.96633789E+3,
323.1500,4.50650391E+3,
323.300,5.00175293E+3,
323.4500,4.82008789E+3,
323.600,4.77305322E+3,
323.7500,4.50246338E+3,
323.900,4.67173486E+3,
324.0500,4.97305957E+3,
324.200,4.66510059E+3,
324.3500,4.79014648E+3,
324.500,4.93008594E+3,
324.6500,4.69783691E+3,
324.800,4.52456104E+3,
324.9500,4.69099854E+3,
325.100,4.66094385E+3,
325.2500,4.71931396E+3,
325.400,4.42166455E+3,
325.5500,4.59092236E+3,
325.700,4.94213721E+3,
325.8500,4.75988574E+3,
326.00,4.80584229E+3,
326.1500,4.50799756E+3,
326.300,4.95105371E+3,
326.4500,4.59011182E+3,
326.600,4.95586523E+3,
326.7500,4.42770947E+3,
326.900,4.75475928E+3,
327.0500,4.28917822E+3,
327.200,4.72367334E+3,
327.3500,4.45744287E+3,
327.500,4.50020801E+3,
327.6500,4.37986719E+3,
327.800,4.41147754E+3,
327.9500,4.41712061E+3,
328.100,4.33475439E+3,
328.2500,4.20144189E+3,
328.400,4.33986768E+3,
328.5500,4.15214014E+3,
328.700,4.41055908E+3,
328.8500,4.31083301E+3,
329.00,4.41150098E+3,
329.1500,4.53777148E+3,
329.300,4.38816357E+3,
329.4500,4.24631152E+3,
329.600,4.15911230E+3,
329.7500,4.38573340E+3,
329.900,4.20862402E+3,
330.0500,4.14727881E+3,
330.200,4.33754492E+3,
330.3500,4.11559717E+3,
330.500,3.97296997E+3,
330.6500,4.17678369E+3,
330.800,4.21609326E+3,
330.9500,3.73267627E+3,
331.100,4.36204980E+3,
331.2500,4.13201660E+3,
331.400,4.05128564E+3,
331.5500,4.08029932E+3,
331.700,4.11978613E+3,
331.8500,4.16617480E+3,
332.00,4.12097754E+3,
332.1500,4.34612842E+3,
332.300,4.30065479E+3,
332.4500,3.79688013E+3,
332.600,3.98298193E+3,
332.7500,4.36032471E+3,
332.900,4.10955811E+3,
333.0500,4.29757715E+3,
333.200,4.26258105E+3,
333.3500,4.11332715E+3,
333.500,4.16866260E+3,
333.6500,4.30322510E+3,
333.800,4.00288745E+3,
333.9500,3.92727222E+3,
334.100,4.05466333E+3,
334.2500,3.91748511E+3,
334.400,3.96567822E+3,
334.5500,4.09915625E+3,
334.700,3.87038208E+3,
334.8500,3.83998413E+3,
335.00,3.91511499E+3,
335.1500,3.88508008E+3,
335.300,3.87885474E+3,
335.4500,3.77107642E+3,
335.600,3.98470142E+3,
335.7500,3.85681689E+3,
335.900,3.89103027E+3,
336.0500,3.94197705E+3,
336.200,3.87865991E+3,
336.3500,4.16086865E+3,
336.500,3.86304224E+3,
336.6500,3.84354492E+3,
336.800,3.87748047E+3,
336.9500,3.95460034E+3,
337.100,4.05435254E+3,
337.2500,3.93109521E+3,
337.400,3.80161792E+3,
337.5500,3.79498901E+3,
337.700,3.80157544E+3,
337.8500,3.73558472E+3,
338.00,3.76854321E+3,
338.1500,3.56379565E+3,
338.300,3.95971582E+3,
338.4500,3.70956763E+3,
338.600,3.88154492E+3,
338.7500,3.75307275E+3,
338.900,3.84943652E+3,
339.0500,3.78932861E+3,
339.200,3.74502051E+3,
339.3500,3.60723877E+3,
339.500,3.89536694E+3,
339.6500,3.60352344E+3,
339.800,3.78765503E+3,
339.9500,3.80132642E+3,
340.100,3.74127490E+3,
340.2500,3.64634766E+3,
340.400,3.79012061E+3,
340.5500,3.71449194E+3,
340.700,3.50640479E+3,
340.8500,3.69041113E+3,
341.00,3.70359180E+3,
341.1500,3.72000806E+3,
341.300,3.62044165E+3,
341.4500,3.73690845E+3,
341.600,3.81539893E+3,
341.7500,3.45500977E+3,
341.900,3.68886768E+3,
342.0500,3.79789551E+3,
342.200,3.64101563E+3,
342.3500,3.24757495E+3,
342.500,3.63059497E+3,
342.6500,3.59164600E+3,
342.800,3.76400024E+3,
342.9500,3.70960889E+3,
343.100,3.63411353E+3,
343.2500,3.59540625E+3,
343.400,3.51440112E+3,
343.5500,3.53055273E+3,
343.700,3.50133154E+3,
343.8500,3.66194507E+3,
344.00,3.46425610E+3,
344.1500,3.50071606E+3,
344.300,3.54593994E+3,
344.4500,3.69828784E+3,
344.600,3.37978833E+3,
344.7500,3.72466016E+3,
344.900,3.72438794E+3,
345.0500,3.58501758E+3,
345.200,3.40752734E+3,
345.3500,3.60693140E+3,
345.500,3.58553784E+3,
345.6500,3.48535132E+3,
345.800,3.48765210E+3,
345.9500,3.39111572E+3,
346.100,3.50341992E+3,
346.2500,3.75072681E+3,
346.400,3.55574707E+3,
346.5500,3.60032373E+3,
346.700,3.33803784E+3,
346.8500,3.38578027E+3,
347.00,3.46456836E+3,
347.1500,3.58265747E+3,
347.300,3.52156519E+3,
347.4500,3.48621655E+3,
347.600,3.69613599E+3,
347.7500,3.33457007E+3,
347.900,3.61651611E+3,
348.0500,3.62313745E+3,
348.200,3.48771753E+3,
348.3500,3.60859937E+3,
348.500,3.57364844E+3,
348.6500,3.58030298E+3,
348.800,3.82105933E+3,
348.9500,3.56594409E+3,
349.100,3.61058667E+3,
349.2500,3.74496240E+3,
349.400,3.72600952E+3,
349.5500,3.62022729E+3,
349.700,3.41482861E+3,
349.8500,3.66692603E+3,
350.00,3.61329736E+3,
350.1500,3.26110205E+3,
350.300,3.60406909E+3,
350.4500,3.62745825E+3,
350.600,3.63737939E+3,
350.7500,3.56503955E+3,
350.900,3.51425977E+3,
351.0500,3.64270630E+3,
351.200,3.48641333E+3,
351.3500,3.56400146E+3,
351.500,3.71930029E+3,
351.6500,3.77996655E+3,
351.800,3.68213818E+3,
351.9500,3.68564282E+3,
352.100,3.56300464E+3,
352.2500,3.35134155E+3,
352.400,3.48632153E+3,
352.5500,3.62040063E+3,
352.700,3.59856323E+3,
352.8500,3.54137427E+3,
353.00,3.65117383E+3,
353.1500,3.46815454E+3,
353.300,3.66007666E+3,
353.4500,3.41064038E+3,
353.600,3.23756543E+3,
353.7500,3.46803662E+3,
353.900,3.49393726E+3,
354.0500,3.46523608E+3,
354.200,3.49307080E+3,
354.3500,3.38094409E+3,
354.500,3.27686353E+3,
354.6500,3.25868750E+3,
354.800,3.34498047E+3,
354.9500,3.32422168E+3,
355.100,3.35184033E+3,
355.2500,3.25428833E+3,
355.400,3.41607056E+3,
355.5500,3.32127783E+3,
355.700,3.29847437E+3,
355.8500,3.19751831E+3,
356.00,3.35253833E+3,
356.1500,3.43834448E+3,
356.300,3.33799365E+3,
356.4500,3.36704370E+3,
356.600,3.11114111E+3,
356.7500,3.22908740E+3,
356.900,3.27204419E+3,
357.0500,3.20602515E+3,
357.200,3.19794482E+3,
357.3500,3.25878931E+3,
357.500,3.19789209E+3,
357.6500,3.17843384E+3,
357.800,3.33647314E+3,
357.9500,3.29397021E+3,
358.100,3.27423462E+3,
358.2500,3.02708032E+3,
358.400,3.09580420E+3,
358.5500,3.26251221E+3,
358.700,3.20730396E+3,
358.8500,3.17021655E+3,
359.00,3.23306079E+3,
359.1500,3.16286475E+3,
359.300,2.94559888E+3,
359.4500,3.01718140E+3,
359.600,3.19544727E+3,
359.7500,3.11092432E+3,
359.900,3.23770264E+3,
360.0500,3.07981226E+3,
360.200,3.14294360E+3,
360.3500,3.19057324E+3,
360.500,3.07489648E+3,
360.6500,3.12025024E+3,
360.800,3.11202588E+3,
360.9500,3.18450562E+3,
361.100,3.21401953E+3,
361.2500,3.04079883E+3,
361.400,3.07257959E+3,
361.5500,3.19209131E+3,
361.700,3.18761328E+3,
361.8500,3.09160132E+3,
362.00,3.01279736E+3,
362.1500,3.07343311E+3,
362.300,3.31363110E+3,
362.4500,3.21895410E+3,
362.600,3.12879443E+3,
362.7500,3.34106348E+3,
362.900,3.17727930E+3,
363.0500,3.09403491E+3,
363.200,2.87427368E+3,
363.3500,3.14511157E+3,
363.500,3.16041528E+3,
363.6500,3.06382788E+3,
363.800,3.18290234E+3,
363.9500,3.02584033E+3,
364.100,3.10350977E+3,
364.2500,3.12403003E+3,
364.400,3.20907715E+3,
364.5500,3.06434839E+3,
364.700,2.95034204E+3,
364.8500,3.05747803E+3,
365.00,3.06415503E+3,
365.1500,3.15974243E+3,
365.300,3.25500171E+3,
365.4500,2.95781982E+3,
365.600,3.21016187E+3,
365.7500,3.10866895E+3,
365.900,3.12042065E+3,
366.0500,3.17763623E+3,
366.200,2.99820776E+3,
366.3500,3.21104907E+3,
366.500,3.02644775E+3,
366.6500,3.00920654E+3,
366.800,3.18972510E+3,
366.9500,3.16845508E+3,
367.100,3.04990356E+3,
367.2500,3.12847583E+3,
367.400,3.10188696E+3,
367.5500,2.95513428E+3,
367.700,3.15953809E+3,
367.8500,3.11190503E+3,
368.00,3.19577979E+3,
368.1500,3.07200391E+3,
368.300,3.06994556E+3,
368.4500,3.15434766E+3,
368.600,3.10626880E+3,
368.7500,3.11198120E+3,
368.900,3.19982446E+3,
369.0500,3.02394434E+3,
369.200,3.28330518E+3,
369.3500,3.20582324E+3,
369.500,3.19499927E+3,
369.6500,3.20506567E+3,
369.800,3.15673169E+3,
369.9500,3.17449023E+3,
370.100,3.14498389E+3,
370.2500,3.19227051E+3,
370.400,3.27491284E+3,
370.5500,3.04781958E+3,
370.700,3.11008765E+3,
370.8500,3.07192212E+3,
371.00,3.20068188E+3,
371.1500,3.22513428E+3,
371.300,3.19606421E+3,
371.4500,3.00707715E+3,
371.600,3.20644043E+3,
371.7500,2.97986450E+3,
371.900,3.05787476E+3,
372.0500,3.20667651E+3,
372.200,3.18164771E+3,
372.3500,3.08227734E+3,
372.500,3.18106592E+3,
372.6500,3.06413330E+3,
372.800,3.22408569E+3,
372.9500,3.18156445E+3,
373.100,3.00609277E+3,
373.2500,3.05038940E+3,
373.400,3.13936572E+3,
373.5500,3.03490356E+3,
373.700,3.11832129E+3,
373.8500,3.08389307E+3,
374.00,3.05854053E+3,
374.1500,3.12853149E+3,
374.300,3.09912256E+3,
374.4500,3.06105542E+3,
374.600,3.13079150E+3,
374.7500,3.18974707E+3,
374.900,3.10270581E+3,
375.0500,3.17005688E+3,
375.200,3.08786401E+3,
375.3500,3.11607227E+3,
375.500,3.23828589E+3,
375.6500,3.22098193E+3,
375.800,3.15350757E+3,
375.9500,3.09849146E+3,
376.100,3.11112061E+3,
376.2500,3.16167627E+3,
376.400,3.19832202E+3,
376.5500,3.05630688E+3,
376.700,2.98688257E+3,
376.8500,3.07342090E+3,
377.00,3.12895142E+3,
377.1500,3.01264087E+3,
377.300,3.06688599E+3,
377.4500,3.20589185E+3,
377.600,3.08850562E+3,
377.7500,2.99356665E+3,
377.900,3.04765942E+3,
378.0500,3.07975146E+3,
378.200,3.16747705E+3,
378.3500,3.08516260E+3,
378.500,3.03168433E+3,
378.6500,3.17619116E+3,
378.800,2.99228467E+3,
378.9500,3.04291675E+3,
379.100,3.20669604E+3,
379.2500,3.00176587E+3,
379.400,2.97215381E+3,
379.5500,2.91444092E+3,
379.700,3.00617456E+3,
379.8500,2.96853198E+3,
380.00,3.01204541E+3,
380.1500,3.14705566E+3,
380.300,2.95051318E+3,
380.4500,3.00302393E+3,
380.600,2.96674365E+3,
380.7500,2.92243237E+3,
380.900,2.90122021E+3,
381.0500,3.05455396E+3,
381.200,2.92461230E+3,
381.3500,2.95956201E+3,
381.500,2.97168970E+3,
381.6500,2.84443408E+3,
381.800,2.83741699E+3,
381.9500,2.94672583E+3,
382.100,2.84575244E+3,
382.2500,2.80614038E+3,
382.400,2.87747290E+3,
382.5500,2.86207764E+3,
382.700,2.95708325E+3,
382.8500,2.84597241E+3,
383.00,2.91525708E+3,
383.1500,2.93664404E+3,
383.300,2.92627393E+3,
383.4500,2.66270044E+3,
383.600,2.74620068E+3,
383.7500,2.63859521E+3,
383.900,2.67940796E+3,
384.0500,2.75458398E+3,
384.200,2.76188647E+3,
384.3500,2.74259326E+3,
384.500,2.85153833E+3,
384.6500,2.84471240E+3,
384.800,2.64024658E+3,
384.9500,2.56553833E+3,
385.100,2.70170874E+3,
385.2500,2.61430664E+3,
385.400,2.69104102E+3,
385.5500,2.60100342E+3,
385.700,2.68831958E+3,
385.8500,2.52806592E+3,
386.00,2.46350366E+3,
386.1500,2.63784497E+3,
386.300,2.72146143E+3,
386.4500,2.60969019E+3,
386.600,2.56836353E+3,
386.7500,2.59253174E+3,
386.900,2.61058667E+3,
387.0500,2.49698022E+3,
387.200,2.51982104E+3,
387.3500,2.42800488E+3,
387.500,2.65570239E+3,
387.6500,2.58808374E+3,
387.800,2.52822803E+3,
387.9500,2.61090967E+3,
388.100,2.66911426E+3,
388.2500,2.47175732E+3,
388.400,2.64017871E+3,
388.5500,2.67269385E+3,
388.700,2.57002295E+3,
388.8500,2.53295923E+3,
389.00,2.69875977E+3,
389.1500,2.51923975E+3,
389.300,2.61311426E+3,
389.4500,2.41099292E+3,
389.600,2.54883789E+3,
389.7500,2.74775000E+3,
389.900,2.49250977E+3,
390.0500,2.54778125E+3,
390.200,2.62038281E+3,
390.3500,2.55746680E+3,
390.500,2.62695825E+3,
390.6500,2.50634253E+3,
390.800,2.61047778E+3,
390.9500,2.63627930E+3,
391.100,2.54416040E+3,
391.2500,2.66424146E+3,
391.400,2.68765259E+3,
391.5500,2.63779199E+3,
391.700,2.45905884E+3,
391.8500,2.42834131E+3,
392.00,2.46779688E+3,
392.1500,2.38191626E+3,
392.300,2.50307788E+3,
392.4500,2.59832642E+3,
392.600,2.48564063E+3,
392.7500,2.48409448E+3,
392.900,2.41302393E+3,
393.0500,2.46377075E+3,
393.200,2.54777588E+3,
393.3500,2.59198560E+3,
393.500,2.62339258E+3,
393.6500,2.60119141E+3,
393.800,2.58752734E+3,
393.9500,2.49384863E+3,
394.100,2.43227197E+3,
394.2500,2.42671289E+3,
394.400,2.51626392E+3,
394.5500,2.65997314E+3,
394.700,2.47024878E+3,
394.8500,2.50512988E+3,
395.00,2.60380835E+3,
395.1500,2.60652612E+3,
395.300,2.69232080E+3,
395.4500,2.68942603E+3,
395.600,2.64103882E+3,
395.7500,2.64243237E+3,
395.900,2.69062280E+3,
396.0500,2.67419092E+3,
396.200,2.58113013E+3,
396.3500,2.57053955E+3,
396.500,2.62701685E+3,
396.6500,2.56728784E+3,
396.800,2.56093750E+3,
396.9500,2.59820923E+3,
397.100,2.63421655E+3,
397.2500,2.65666016E+3,
397.400,2.63702246E+3,
397.5500,2.57816968E+3,
397.700,2.50595703E+3,
397.8500,2.49746558E+3,
398.00,2.50791504E+3,
398.1500,2.52959399E+3,
398.300,2.40038184E+3,
398.4500,2.43427563E+3,
398.600,2.43047974E+3,
398.7500,2.34076147E+3,
398.900,2.19489087E+3,
399.0500,2.30139819E+3,
399.200,2.27802002E+3,
399.3500,2.24934424E+3,
399.500,2.40924536E+3,
399.6500,2.29904883E+3,
399.800,2.19305176E+3,
399.9500,2.21800464E+3,
400.100,2.32081323E+3,
400.2500,2.26171558E+3,
400.400,2.16860376E+3,
400.5500,2.29045996E+3,
400.700,2.15735376E+3,
400.8500,2.31292114E+3,
401.00,2.26537695E+3,
401.1500,2.20150879E+3,
401.300,2.14249683E+3,
401.4500,2.18064966E+3,
401.600,2.13420068E+3,
401.7500,2.16769653E+3,
401.900,2.17200977E+3,
402.0500,2.26052100E+3,
402.200,2.20384814E+3,
402.3500,2.08025488E+3,
402.500,2.05906982E+3,
402.6500,2.23719922E+3,
402.800,2.26146289E+3,
402.9500,2.19468018E+3,
403.100,2.23105396E+3,
403.2500,2.12665967E+3,
403.400,2.28388940E+3,
403.5500,2.15410669E+3,
403.700,2.16630005E+3,
403.8500,2.26875171E+3,
404.00,2.14407690E+3,
404.1500,2.07983472E+3,
404.300,2.09070874E+3,
404.4500,2.03721069E+3,
404.600,2.12887915E+3,
404.7500,2.12925854E+3,
404.900,2.02227832E+3,
405.0500,2.00201428E+3,
405.200,1.94619519E+3,
405.3500,1.95888611E+3,
405.500,2.09330225E+3,
405.6500,1.98867932E+3,
405.800,1.87244958E+3,
405.9500,1.94737610E+3,
406.100,1.86394775E+3,
406.2500,1.92834802E+3,
406.400,1.89675293E+3,
406.5500,1.80483411E+3,
406.700,2.02661121E+3,
406.8500,1.91272668E+3,
407.00,1.89602869E+3,
407.1500,1.92466919E+3,
407.300,1.79061060E+3,
407.4500,1.89837329E+3,
407.600,1.80561243E+3,
407.7500,1.91314905E+3,
407.900,1.76662927E+3,
408.0500,1.85361572E+3,
408.200,1.76868628E+3,
408.3500,1.90789368E+3,
408.500,1.89284167E+3,
408.6500,1.75593469E+3,
408.800,1.74399609E+3,
408.9500,1.79871265E+3,
409.100,1.70734631E+3,
409.2500,1.80849414E+3,
409.400,1.70870789E+3,
409.5500,1.70002222E+3,
409.700,1.58898584E+3,
409.8500,1.66976013E+3,
410.00,1.69282861E+3,
410.1500,1.66841626E+3,
410.300,1.66417371E+3,
410.4500,1.67574280E+3,
410.600,1.61412927E+3,
410.7500,1.69168628E+3,
410.900,1.73045105E+3,
411.0500,1.68182410E+3,
411.200,1.74621265E+3,
411.3500,1.65474719E+3,
411.500,1.64625391E+3,
411.6500,1.68628967E+3,
411.800,1.71058984E+3,
411.9500,1.64655090E+3,
412.100,1.57265051E+3,
412.2500,1.61121619E+3,
412.400,1.60852185E+3,
412.5500,1.50787146E+3,
412.700,1.44427344E+3,
412.8500,1.52396423E+3,
413.00,1.62053882E+3,
413.1500,1.53288782E+3,
413.300,1.47791504E+3,
413.4500,1.57565808E+3,
413.600,1.62242188E+3,
413.7500,1.51109778E+3,
413.900,1.44647998E+3,
414.0500,1.58341492E+3,
414.200,1.42031018E+3,
414.3500,1.48392139E+3,
414.500,1.55728137E+3,
414.6500,1.49149976E+3,
414.800,1.52967456E+3,
414.9500,1.49347693E+3,
415.100,1.49523755E+3,
415.2500,1.42981384E+3,
415.400,1.44425427E+3,
415.5500,1.38316077E+3,
415.700,1.48427893E+3,
415.8500,1.47213721E+3,
416.00,1.37906091E+3,
416.1500,1.44373694E+3,
416.300,1.44142310E+3,
416.4500,1.52270764E+3,
416.600,1.43125439E+3,
416.7500,1.45401709E+3,
416.900,1.47536707E+3,
417.0500,1.47723096E+3,
417.200,1.46102441E+3,
417.3500,1.46149976E+3,
417.500,1.44949707E+3,
417.6500,1.53870959E+3,
417.800,1.48651074E+3,
417.9500,1.53822168E+3,
418.100,1.60373840E+3,
418.2500,1.52537292E+3,
418.400,1.52726685E+3,
418.5500,1.51811414E+3,
418.700,1.60147632E+3,
418.8500,1.64611670E+3,
419.00,1.73898022E+3,
419.1500,1.72559961E+3,
419.300,1.82381921E+3,
419.4500,1.82694104E+3,
419.600,1.73374683E+3,
419.7500,1.84832214E+3,
419.900,1.69337866E+3,
420.0500,1.82294507E+3,
420.200,1.84247449E+3,
420.3500,1.81121924E+3,
420.500,1.79509216E+3,
420.6500,1.77624915E+3,
420.800,1.95057397E+3,
420.9500,1.84406165E+3,
421.100,1.87998059E+3,
421.2500,1.73946216E+3,
421.400,1.85605420E+3,
421.5500,1.85914734E+3,
421.700,1.89910583E+3,
421.8500,1.81212524E+3,
422.00,1.81798401E+3,
422.1500,1.78311902E+3,
422.300,1.80143335E+3,
422.4500,1.82654736E+3,
422.600,1.77131616E+3,
422.7500,1.77329590E+3,
422.900,1.89090967E+3,
423.0500,1.82083154E+3,
423.200,1.86646265E+3,
423.3500,1.83188904E+3,
423.500,1.98210242E+3,
423.6500,1.86467737E+3,
423.800,1.85730298E+3,
423.9500,1.89336865E+3,
424.100,1.82494238E+3,
424.2500,1.95053174E+3,
424.400,1.84959448E+3,
424.5500,1.87208191E+3,
424.700,1.91759778E+3,
424.8500,1.91160815E+3,
425.00,1.87853784E+3,
425.1500,1.92798718E+3,
425.300,1.82040564E+3,
425.4500,1.86714319E+3,
425.600,1.82458533E+3,
425.7500,1.92538220E+3,
425.900,1.92203931E+3,
426.0500,1.84841125E+3,
426.200,1.87203015E+3,
426.3500,1.85918164E+3,
426.500,1.82745190E+3,
426.6500,1.92392102E+3,
426.800,1.82206860E+3,
426.9500,1.86724683E+3,
427.100,1.79389905E+3,
427.2500,1.79610193E+3,
427.400,1.86027087E+3,
427.5500,1.88131506E+3,
427.700,1.84311243E+3,
427.8500,1.76859241E+3,
428.00,1.88384546E+3,
428.1500,1.85547571E+3,
428.300,1.75445593E+3,
428.4500,1.76511414E+3,
428.600,1.80536816E+3,
428.7500,1.87386694E+3,
428.900,1.72982898E+3,
429.0500,1.79835229E+3,
429.200,1.78084167E+3,
429.3500,1.78888757E+3,
429.500,1.78482800E+3,
429.6500,1.83053369E+3,
429.800,1.73232593E+3,
429.9500,1.77668628E+3,
430.100,1.66486060E+3,
430.2500,1.82189673E+3,
430.400,1.71135730E+3,
430.5500,1.79306616E+3,
430.700,1.71616919E+3,
430.8500,1.73066943E+3,
431.00,1.72098462E+3,
431.1500,1.69639429E+3,
431.300,1.76850183E+3,
431.4500,1.68081873E+3,
431.600,1.68176489E+3,
431.7500,1.73504626E+3,
431.900,1.63939111E+3,
432.0500,1.66456177E+3,
432.200,1.74618713E+3,
432.3500,1.76342712E+3,
432.500,1.71764417E+3,
432.6500,1.72147876E+3,
432.800,1.64890100E+3,
432.9500,1.65274463E+3,
433.100,1.69164429E+3,
433.2500,1.66362427E+3,
433.400,1.62889575E+3,
433.5500,1.68801379E+3,
433.700,1.70557349E+3,
433.8500,1.67620215E+3,
434.00,1.73667590E+3,
434.1500,1.63369287E+3,
434.300,1.75738953E+3,
434.4500,1.65437122E+3,
434.600,1.59157568E+3,
434.7500,1.63344861E+3,
434.900,1.65385510E+3,
435.0500,1.70784424E+3,
435.200,1.64907104E+3,
435.3500,1.55266650E+3,
435.500,1.67788342E+3,
435.6500,1.67549927E+3,
435.800,1.71342810E+3,
435.9500,1.54303284E+3,
436.100,1.71409607E+3,
436.2500,1.68355652E+3,
436.400,1.65031104E+3,
436.5500,1.61973865E+3,
436.700,1.63086426E+3,
436.8500,1.59219434E+3,
437.00,1.63293042E+3,
437.1500,1.63210571E+3,
437.300,1.64340039E+3,
437.4500,1.63718225E+3,
437.600,1.64308813E+3,
437.7500,1.65438757E+3,
437.900,1.67648132E+3,
438.0500,1.66898669E+3,
438.200,1.74803723E+3,
438.3500,1.69076001E+3,
438.500,1.69287256E+3,
438.6500,1.68552112E+3,
438.800,1.62542029E+3,
438.9500,1.59231860E+3,
439.100,1.55526025E+3,
439.2500,1.51957910E+3,
439.400,1.42829248E+3,
439.5500,1.57146497E+3,
439.700,1.56149268E+3,
439.8500,1.43884021E+3,
440.00,1.48988940E+3,
440.1500,1.50837476E+3,
440.300,1.47112964E+3,
440.4500,1.43111865E+3,
440.600,1.50130969E+3,
440.7500,1.51437427E+3,
440.900,1.49338379E+3,
441.0500,1.50780066E+3,
441.200,1.48128699E+3,
441.3500,1.58847998E+3,
441.500,1.46093433E+3,
441.6500,1.50537793E+3,
441.800,1.49382568E+3,
441.9500,1.43029651E+3,
442.100,1.46122791E+3,
442.2500,1.52237646E+3,
442.400,1.45756519E+3,
442.5500,1.45846362E+3,
442.700,1.54439563E+3,
442.8500,1.41084131E+3,
443.00,1.41856372E+3,
443.1500,1.40325989E+3,
443.300,1.41405884E+3,
443.4500,1.46341626E+3,
443.600,1.36404346E+3,
443.7500,1.51409045E+3,
443.900,1.41734241E+3,
444.0500,1.35230249E+3,
444.200,1.36339075E+3,
444.3500,1.46169702E+3,
444.500,1.36067004E+3,
444.6500,1.46470801E+3,
444.800,1.47731226E+3,
444.9500,1.40237268E+3,
445.100,1.35813538E+3,
445.2500,1.40447205E+3,
445.400,1.44812756E+3,
445.5500,1.40108557E+3,
445.700,1.36790027E+3,
445.8500,1.37803418E+3,
446.00,1.33770422E+3,
446.1500,1.44816089E+3,
446.300,1.43235034E+3,
446.4500,1.39392090E+3,
446.600,1.41323096E+3,
446.7500,1.38450964E+3,
446.900,1.39251001E+3,
447.0500,1.34841638E+3,
447.200,1.29920728E+3,
447.3500,1.38525708E+3,
447.500,1.34300195E+3,
447.6500,1.36503796E+3,
447.800,1.39722693E+3,
447.9500,1.36615088E+3,
448.100,1.47957019E+3,
448.2500,1.38262732E+3,
448.400,1.41026453E+3,
448.5500,1.40587903E+3,
448.700,1.39260181E+3,
448.8500,1.39099316E+3,
449.00,1.40564868E+3,
449.1500,1.39434717E+3,
449.300,1.41736426E+3,
449.4500,1.48434851E+3,
449.600,1.59150134E+3,
449.7500,1.73951135E+3,
449.900,1.95056152E+3,
450.0500,1.97800256E+3,
450.200,1.16249313E+2,
450.3500,9.65402832E+1,
450.500,1.03239632E+2,
450.6500,1.33568893E+2,
450.800,1.04186584E+2,
450.9500,1.01491013E+2,
451.100,1.27063393E+2,
451.2500,1.04835831E+2,
451.400,1.55677933E+2,
451.5500,1.65222580E+2,
451.700,1.84301453E+2,
451.8500,1.73193649E+2,
452.00,2.20879120E+2,
452.1500,2.59471008E+2,
452.300,2.93009827E+2,
452.4500,3.46660034E+2,
452.600,3.54566956E+2,
452.7500,3.06420166E+2,
452.900,3.12894897E+2,
453.0500,3.03656982E+2,
453.200,3.38469391E+2,
453.3500,3.11978546E+2,
453.500,3.20614471E+2,
453.6500,4.13321075E+2,
453.800,3.49550629E+2,
453.9500,4.02377014E+2,
454.100,3.59857880E+2,
454.2500,4.15922638E+2,
454.400,4.49410278E+2,
454.5500,4.88235443E+2,
454.700,4.67728668E+2,
454.8500,4.84568604E+2,
455.00,4.71471588E+2,
455.1500,5.38382141E+2,
455.300,5.09454468E+2,
455.4500,5.84902161E+2,
455.600,4.85894501E+2,
455.7500,5.70081238E+2,
455.900,5.85257202E+2,
456.0500,6.60896606E+2,
456.200,6.63090271E+2,
456.3500,6.53304565E+2,
456.500,6.85967957E+2,
456.6500,7.20850769E+2,
456.800,7.52696655E+2,
456.9500,7.28424500E+2,
457.100,7.43199951E+2,
457.2500,7.70657593E+2,
457.400,7.99079041E+2,
457.5500,7.80388672E+2,
457.700,8.72589233E+2,
457.8500,8.57488953E+2,
458.00,9.17155945E+2,
458.1500,8.87446350E+2,
458.300,8.88817993E+2,
458.4500,8.82862915E+2,
458.600,9.06189331E+2,
458.7500,9.13567322E+2,
458.900,8.51073853E+2,
459.0500,8.24023682E+2,
459.200,9.09393066E+2,
459.3500,8.56371582E+2,
459.500,9.19563477E+2,
459.6500,9.03463013E+2,
459.800,9.10924438E+2,
459.9500,9.62567139E+2,
460.100,1.00812274E+3,
460.2500,9.39160095E+2,
460.400,1.04772839E+3,
460.5500,1.00325275E+3,
460.700,9.62590271E+2,
460.8500,9.66531250E+2,
461.00,1.13766516E+3,
461.1500,1.11666589E+3,
461.300,1.15640820E+3,
461.4500,1.12212341E+3,
461.600,1.15047083E+3,
461.7500,1.18862952E+3,
461.900,1.30506995E+3,
462.0500,1.31514124E+3,
462.200,1.42892896E+3,
462.3500,1.43576843E+3,
462.500,1.58903577E+3,
462.6500,1.51042212E+3,
462.800,1.53659900E+3,
462.9500,1.49004541E+3,
463.100,1.38028943E+3,
463.2500,1.42434924E+3,
463.400,1.35312122E+3,
463.5500,1.30693494E+3,
463.700,1.23636621E+3,
463.8500,1.18430420E+3,
464.00,1.28698376E+3,
464.1500,1.20342664E+3,
464.300,1.22738489E+3,
464.4500,1.11998914E+3,
464.600,1.18947217E+3,
464.7500,1.15431494E+3,
464.900,1.14245923E+3,
465.0500,1.19166382E+3,
465.200,1.10571228E+3,
465.3500,1.15189880E+3,
465.500,1.16869104E+3,
465.6500,1.21879822E+3,
465.800,1.15529602E+3,
465.9500,1.24475854E+3,
466.100,1.21589124E+3,
466.2500,1.28356958E+3,
466.400,1.37175488E+3,
466.5500,1.47106555E+3,
466.700,1.62684680E+3,
466.8500,1.84504773E+3,
467.00,2.06780200E+3,
467.1500,2.27181470E+3,
467.300,2.41582471E+3,
467.4500,2.38524658E+3,
467.600,2.19402002E+3,
467.7500,1.95417603E+3,
467.900,1.92633789E+3,
468.0500,1.84154761E+3,
468.200,1.73166882E+3,
468.3500,1.63932751E+3,
468.500,1.51157483E+3,
468.6500,1.53854504E+3,
468.800,1.41217224E+3,
468.9500,1.39863220E+3,
469.100,1.50690112E+3,
469.2500,1.44193909E+3,
469.400,1.38113049E+3,
469.5500,1.42961340E+3,
469.700,1.50328430E+3,
469.8500,1.56271643E+3,
470.00,1.43040271E+3,
470.1500,1.39527844E+3,
470.300,1.37531287E+3,
470.4500,1.37551440E+3,
470.600,1.40893030E+3,
470.7500,1.36184790E+3,
470.900,1.25451050E+3,
471.0500,1.26692969E+3,
471.200,1.25338220E+3,
471.3500,1.35730713E+3,
471.500,1.27148560E+3,
471.6500,1.26799097E+3,
471.800,1.22238501E+3,
471.9500,1.19084924E+3,
472.100,1.17449316E+3,
472.2500,1.23635742E+3,
472.400,1.30220276E+3,
472.5500,1.29591479E+3,
472.700,1.34870569E+3,
472.8500,1.51459436E+3,
473.00,1.66340015E+3,
473.1500,1.72625500E+3,
473.300,2.00222717E+3,
473.4500,2.04902295E+3,
473.600,1.93374695E+3,
473.7500,1.74647803E+3,
473.900,1.51424475E+3,
474.0500,1.41611743E+3,
474.200,1.40609802E+3,
474.3500,1.41407996E+3,
474.500,1.35805872E+3,
474.6500,1.31803979E+3,
474.800,1.35402332E+3,
474.9500,1.29500562E+3,
475.100,1.37107068E+3,
475.2500,1.30416797E+3,
475.400,1.37928333E+3,
475.5500,1.33437622E+3,
475.700,1.41050476E+3,
475.8500,1.38460022E+3,
476.00,1.34168262E+3,
476.1500,1.42692358E+3,
476.300,1.35906714E+3,
476.4500,1.37426758E+3,
476.600,1.43952441E+3,
476.7500,1.47075732E+3,
476.900,1.46695117E+3,
477.0500,1.48121216E+3,
477.200,1.39739465E+3,
477.3500,1.49989905E+3,
477.500,1.46916003E+3,
477.6500,1.54766443E+3,
477.800,1.67031555E+3,
477.9500,1.59446216E+3,
478.100,1.56784607E+3,
478.2500,1.66569812E+3,
478.400,1.62107776E+3,
478.5500,1.72201868E+3,
478.700,1.74367419E+3,
478.8500,1.66084692E+3,
479.00,1.65434912E+3,
479.1500,1.67114478E+3,
479.300,1.73422400E+3,
479.4500,1.73596545E+3,
479.600,1.69239954E+3,
479.7500,1.68102417E+3,
479.900,1.70188013E+3,
480.0500,1.84172058E+3,
480.200,1.87784644E+3,
480.3500,1.82722986E+3,
480.500,1.92999463E+3,
480.6500,2.11060571E+3,
480.800,2.08527051E+3,
480.9500,2.24386450E+3,
481.100,2.20639575E+3,
481.2500,2.22552734E+3,
481.400,2.22038208E+3,
481.5500,2.21725269E+3,
481.700,2.26678540E+3,
481.8500,2.23529224E+3,
482.00,2.18349463E+3,
482.1500,2.26359033E+3,
482.300,2.09923218E+3,
482.4500,2.20777490E+3,
482.600,2.25954102E+3,
482.7500,2.32963574E+3,
482.900,2.35506567E+3,
483.0500,2.40602026E+3,
483.200,2.34527002E+3,
483.3500,2.22336597E+3,
483.500,2.35494897E+3,
483.6500,2.17787329E+3,
483.800,2.14131616E+3,
483.9500,2.07308740E+3,
484.100,2.08655737E+3,
484.2500,2.07353711E+3,
484.400,2.11057666E+3,
484.5500,2.12208765E+3,
484.700,2.08653442E+3,
484.8500,2.02942969E+3,
485.00,2.04601758E+3,
485.1500,1.94487537E+3,
485.300,1.98414209E+3,
485.4500,2.04809448E+3,
485.600,1.94878491E+3,
485.7500,2.03334595E+3,
485.900,1.94211218E+3,
486.0500,2.05869800E+3,
486.200,2.11058276E+3,
486.3500,2.05327100E+3,
486.500,2.08458032E+3,
486.6500,2.15721216E+3,
486.800,2.19378540E+3,
486.9500,2.28414600E+3,
487.100,2.45104199E+3,
487.2500,2.50631958E+3,
487.400,2.50056665E+3,
487.5500,2.80664868E+3,
487.700,2.91197510E+3,
487.8500,3.30059180E+3,
488.00,3.60662695E+3,
488.1500,4.00943701E+3,
488.300,4.13837793E+3,
488.4500,4.63025977E+3,
488.600,4.60675537E+3,
488.7500,4.70705664E+3,
488.900,4.60649365E+3,
489.0500,4.37468994E+3,
489.200,4.37849463E+3,
489.3500,4.08812207E+3,
489.500,4.04162378E+3,
489.6500,4.07339038E+3,
489.800,4.03098242E+3,
489.9500,4.24890430E+3,
490.100,4.47696777E+3,
490.2500,4.85116943E+3,
490.400,5.04984473E+3,
490.5500,5.33481934E+3,
490.700,5.87844238E+3,
490.8500,6.14028174E+3,
491.00,6.59488867E+3,
491.1500,6.69725684E+3,
491.300,7.02513086E+3,
491.4500,7.45787256E+3,
491.600,7.58012842E+3,
491.7500,7.94432178E+3,
491.900,7.93611084E+3,
492.0500,7.72906250E+3,
492.200,7.65819141E+3,
492.3500,7.46324414E+3,
492.500,7.18208203E+3,
492.6500,6.86330225E+3,
492.800,6.39107275E+3,
492.9500,6.16034375E+3,
493.100,5.99506445E+3,
493.2500,5.84329395E+3,
493.400,5.71044141E+3,
493.5500,5.59548242E+3,
493.700,5.44298633E+3,
493.8500,5.34361816E+3,
494.00,5.12547900E+3,
494.1500,4.93261670E+3,
494.300,4.97379443E+3,
494.4500,4.86616357E+3,
494.600,4.90303418E+3,
494.7500,4.72973389E+3,
494.900,4.76223291E+3,
495.0500,4.87323975E+3,
495.200,4.87381738E+3,
495.3500,4.83242285E+3,
495.500,4.85339063E+3,
495.6500,4.80434131E+3,
495.800,4.61825781E+3,
495.9500,4.72431006E+3,
496.100,4.61265234E+3,
496.2500,4.50850098E+3,
496.400,4.44959277E+3,
496.5500,4.53349023E+3,
496.700,4.26640527E+3,
496.8500,4.32965039E+3,
497.00,4.21713574E+3,
497.1500,4.31115332E+3,
497.300,4.07908350E+3,
497.4500,4.10018652E+3,
497.600,4.01454614E+3,
497.7500,3.89820532E+3,
497.900,3.97699854E+3,
498.0500,4.00678857E+3,
498.200,4.07056860E+3,
498.3500,3.87508716E+3,
498.500,4.04726855E+3,
498.6500,4.06187598E+3,
498.800,4.01394653E+3,
498.9500,3.94504810E+3,
499.100,3.76062524E+3,
499.2500,3.82233350E+3,
499.400,3.74207568E+3,
499.5500,3.60875098E+3,
499.700,3.68478784E+3,
499.8500,3.46612085E+3,
500.00,3.31999414E+3,
500.1500,3.23338525E+3,
500.300,3.28389795E+3,
500.4500,3.01422754E+3,
500.600,3.01580664E+3,
500.7500,2.95520898E+3,
500.900,2.90560425E+3,
501.0500,2.81585864E+3,
501.200,2.79494727E+3,
501.3500,2.65924048E+3,
501.500,2.56454321E+3,
501.6500,2.48641187E+3,
501.800,2.36792627E+3,
501.9500,2.41467822E+3,
502.100,2.37647705E+3,
502.2500,2.23854150E+3,
502.400,2.23821826E+3,
502.5500,2.29621655E+3,
502.700,2.26673535E+3,
502.8500,2.16752881E+3,
503.00,2.13337378E+3,
503.1500,2.09925977E+3,
503.300,2.15295264E+3,
503.4500,2.01165613E+3,
503.600,2.15789648E+3,
503.7500,2.04570813E+3,
503.900,2.04637427E+3,
504.0500,2.13079858E+3,
504.200,2.08516943E+3,
504.3500,2.10179956E+3,
504.500,2.14001074E+3,
504.6500,2.22371216E+3,
504.800,2.21775317E+3,
504.9500,2.26069922E+3,
505.100,2.19782373E+3,
505.2500,2.39242749E+3,
505.400,2.51778296E+3,
505.5500,2.60110522E+3,
505.700,2.76685278E+3,
505.8500,2.75215308E+3,
506.00,2.93662695E+3,
506.1500,3.13073584E+3,
506.300,3.25751978E+3,
506.4500,3.63251123E+3,
506.600,3.75996777E+3,
506.7500,4.04867139E+3,
506.900,4.35170557E+3,
507.0500,4.85015283E+3,
507.200,4.91150293E+3,
507.3500,5.27200098E+3,
507.500,5.47947607E+3,
507.6500,5.48372314E+3,
507.800,5.43816064E+3,
507.9500,5.36003027E+3,
508.100,5.11134619E+3,
508.2500,5.04110400E+3,
508.400,4.73931201E+3,
508.5500,4.39265234E+3,
508.700,3.93924170E+3,
508.8500,3.76596680E+3,
509.00,3.58065039E+3,
509.1500,3.43460059E+3,
509.300,3.27771997E+3,
509.4500,3.15213452E+3,
509.600,2.98761011E+3,
509.7500,2.89197192E+3,
509.900,2.88303931E+3,
510.0500,2.78469067E+3,
510.200,2.83311914E+3,
510.3500,2.93108472E+3,
510.500,2.90074072E+3,
510.6500,2.93521777E+3,
510.800,2.85284595E+3,
510.9500,2.81286255E+3,
511.100,2.77164038E+3,
511.2500,2.77297070E+3,
511.400,2.55505249E+3,
511.5500,2.46364941E+3,
511.700,2.19755151E+3,
511.8500,2.05336060E+3,
512.00,1.97788672E+3,
512.1500,1.90478247E+3,
512.300,1.81127161E+3,
512.4500,1.76051599E+3,
512.600,1.69652356E+3,
512.7500,1.58699243E+3,
512.900,1.54901733E+3,
513.0500,1.51698608E+3,
513.200,1.49574622E+3,
513.3500,1.41926917E+3,
513.500,1.29579651E+3,
513.6500,1.34758228E+3,
513.800,1.33568848E+3,
513.9500,1.27679089E+3,
514.100,1.21660315E+3,
514.2500,1.18527368E+3,
514.400,1.11762769E+3,
514.5500,1.10789172E+3,
514.700,1.12476855E+3,
514.8500,1.10410376E+3,
515.00,1.12706763E+3,
515.1500,1.05048975E+3,
515.300,1.03939722E+3,
515.4500,1.16092102E+3,
515.600,1.02687891E+3,
515.7500,1.00962012E+3,
515.900,9.83779114E+2,
516.0500,1.04096643E+3,
516.200,9.83307495E+2,
516.3500,9.87964783E+2,
516.500,1.03306787E+3,
516.6500,9.98522644E+2,
516.800,1.03266650E+3,
516.9500,1.02016858E+3,
517.100,1.01874139E+3,
517.2500,9.31107361E+2,
517.400,9.82606079E+2,
517.5500,9.26835144E+2,
517.700,9.38894287E+2,
517.8500,9.15111267E+2,
518.00,9.72976868E+2,
518.1500,9.08308838E+2,
518.300,8.60868652E+2,
518.4500,8.89072937E+2,
518.600,8.19134705E+2,
518.7500,8.29926941E+2,
518.900,8.39492981E+2,
519.0500,8.31631897E+2,
519.200,8.59973694E+2,
519.3500,8.83373840E+2,
519.500,8.31772461E+2,
519.6500,8.30143433E+2,
519.800,8.57335449E+2,
519.9500,7.87967590E+2,
520.100,9.03114319E+2,
520.2500,7.85893921E+2,
520.400,8.20730164E+2,
520.5500,8.32954712E+2,
520.700,7.98527649E+2,
520.8500,7.91805542E+2,
521.00,7.86329956E+2,
521.1500,8.51699768E+2,
521.300,8.48792603E+2,
521.4500,8.33194885E+2,
521.600,8.82305481E+2,
521.7500,8.32390442E+2,
521.900,8.12900208E+2,
522.0500,8.54492065E+2,
522.200,7.99285095E+2,
522.3500,7.70758301E+2,
522.500,8.45639282E+2,
522.6500,8.06865906E+2,
522.800,7.97449463E+2,
522.9500,8.00824890E+2,
523.100,8.18344055E+2,
523.2500,7.92255615E+2,
523.400,7.59681213E+2,
523.5500,7.82365173E+2,
523.700,8.28282043E+2,
523.8500,7.94342285E+2,
524.00,7.55164063E+2,
524.1500,7.89574951E+2,
524.300,7.95595337E+2,
524.4500,8.30116821E+2,
524.600,8.21926697E+2,
524.7500,8.24098145E+2,
524.900,8.74340332E+2,
525.0500,8.90861206E+2,
525.200,8.43603333E+2,
525.3500,8.15792908E+2,
525.500,7.93140808E+2,
525.6500,8.69683167E+2,
525.800,8.45725769E+2,
525.9500,9.13310181E+2,
526.100,8.44833618E+2,
526.2500,9.45366516E+2,
526.400,8.58410583E+2,
526.5500,9.95949524E+2,
526.700,1.01802637E+3,
526.8500,9.74312500E+2,
527.00,1.03989844E+3,
527.1500,1.08726563E+3,
527.300,1.01056140E+3,
527.4500,1.01831915E+3,
527.600,1.10817688E+3,
527.7500,1.10544934E+3,
527.900,1.15446326E+3,
528.0500,1.04949573E+3,
528.200,1.12120642E+3,
528.3500,1.02929626E+3,
528.500,1.21578662E+3,
528.6500,1.26790466E+3,
528.800,1.16246826E+3,
528.9500,1.13437231E+3,
529.100,1.18520215E+3,
529.2500,1.18384412E+3,
529.400,1.20797998E+3,
529.5500,1.29397327E+3,
529.700,1.25505200E+3,
529.8500,1.33858496E+3,
530.00,1.40611951E+3,
530.1500,1.34690918E+3,
530.300,1.35106433E+3,
530.4500,1.34575696E+3,
530.600,1.34855591E+3,
530.7500,1.35542163E+3,
530.900,1.53190613E+3,
531.0500,1.38005701E+3,
531.200,1.45362097E+3,
531.3500,1.47969348E+3,
531.500,1.46220935E+3,
531.6500,1.54426819E+3,
531.800,1.48583350E+3,
531.9500,1.58448730E+3,
532.100,1.59033838E+3,
532.2500,1.56471069E+3,
532.400,1.60074561E+3,
532.5500,1.54072876E+3,
532.700,1.73077307E+3,
532.8500,1.66387390E+3,
533.00,1.46731067E+3,
533.1500,1.60830652E+3,
533.300,1.63362024E+3,
533.4500,1.72396375E+3,
533.600,1.56675818E+3,
533.7500,1.54775171E+3,
533.900,1.43852844E+3,
534.0500,1.51654199E+3,
534.200,1.43068115E+3,
534.3500,1.44901355E+3,
534.500,1.45205286E+3,
534.6500,1.47322974E+3,
534.800,1.49863770E+3,
534.9500,1.45558337E+3,
535.100,1.53980029E+3,
535.2500,1.52329480E+3,
535.400,1.55865564E+3,
535.5500,1.57442419E+3,
535.700,1.53819995E+3,
535.8500,1.48359033E+3,
536.00,1.59231311E+3,
536.1500,1.52636755E+3,
536.300,1.47156592E+3,
536.4500,1.66829712E+3,
536.600,1.61635034E+3,
536.7500,1.72014465E+3,
536.900,1.81281262E+3,
537.0500,1.76369763E+3,
537.200,1.87800830E+3,
537.3500,1.81893164E+3,
537.500,1.85090552E+3,
537.6500,1.93144470E+3,
537.800,1.69083911E+3,
537.9500,1.79852893E+3,
538.100,1.78337195E+3,
538.2500,1.70656458E+3,
538.400,1.62097205E+3,
538.5500,1.62134534E+3,
538.700,1.55989368E+3,
538.8500,1.65086304E+3,
539.00,1.63107971E+3,
539.1500,1.57665320E+3,
539.300,1.47010852E+3,
539.4500,1.55560303E+3,
539.600,1.37931323E+3,
539.7500,1.35331567E+3,
539.900,1.45780566E+3,
540.0500,1.44782764E+3,
540.200,1.42479333E+3,
540.3500,1.38714319E+3,
540.500,1.49366675E+3,
540.6500,1.39180603E+3,
540.800,1.35543030E+3,
540.9500,1.36722156E+3,
541.100,1.33660217E+3,
541.2500,1.37773499E+3,
541.400,1.36173083E+3,
541.5500,1.49993652E+3,
541.700,1.47814258E+3,
541.8500,1.44598389E+3,
542.00,1.44470300E+3,
542.1500,1.44932068E+3,
542.300,1.41700208E+3,
542.4500,1.46300671E+3,
542.600,1.44690942E+3,
542.7500,1.46931897E+3,
542.900,1.40568201E+3,
543.0500,1.56480042E+3,
543.200,1.50111890E+3,
543.3500,1.49388391E+3,
543.500,1.39566992E+3,
543.6500,1.40172363E+3,
543.800,1.44813477E+3,
543.9500,1.35700073E+3,
544.100,1.41543152E+3,
544.2500,1.32553503E+3,
544.400,1.41256873E+3,
544.5500,1.42615137E+3,
544.700,1.35851978E+3,
544.8500,1.32236133E+3,
545.00,1.40523145E+3,
545.1500,1.34945496E+3,
545.300,1.38572668E+3,
545.4500,1.38576746E+3,
545.600,1.49333472E+3,
545.7500,1.38583203E+3,
545.900,1.40862573E+3,
546.0500,1.38895239E+3,
546.200,1.30844727E+3,
546.3500,1.31000049E+3,
546.500,1.34662842E+3,
546.6500,1.44288574E+3,
546.800,1.39414038E+3,
546.9500,1.40190308E+3,
547.100,1.37602686E+3,
547.2500,1.27800269E+3,
547.400,1.34255908E+3,
547.5500,1.36727954E+3,
547.700,1.37357813E+3,
547.8500,1.31513135E+3,
548.00,1.35378601E+3,
548.1500,1.37862695E+3,
548.300,1.39887903E+3,
548.4500,1.40988037E+3,
548.600,1.38212183E+3,
548.7500,1.39156421E+3,
548.900,1.40102454E+3,
549.0500,1.38558423E+3,
549.200,1.45737646E+3,
549.3500,1.39512610E+3,
549.500,1.39678052E+3,
549.6500,1.60804260E+3,
549.800,1.46742615E+3,
549.9500,1.42838928E+3,
550.100,1.50855530E+3,
550.2500,1.52446692E+3,
550.400,1.49792688E+3,
550.5500,1.52172681E+3,
550.700,1.60077710E+3,
550.8500,1.57737207E+3,
551.00,1.65665735E+3,
551.1500,1.68706958E+3,
551.300,1.62723047E+3,
551.4500,1.64497583E+3,
551.600,1.69134131E+3,
551.7500,1.82843359E+3,
551.900,1.69045959E+3,
552.0500,1.72588635E+3,
552.200,1.64656335E+3,
552.3500,1.54627905E+3,
552.500,1.53691028E+3,
552.6500,1.52591284E+3,
552.800,1.61747729E+3,
552.9500,1.63863538E+3,
553.100,1.53617297E+3,
553.2500,1.47370630E+3,
553.400,1.49484375E+3,
553.5500,1.45473938E+3,
553.700,1.40322888E+3,
553.8500,1.43403979E+3,
554.00,1.32247449E+3,
554.1500,1.29816467E+3,
554.300,1.39711096E+3,
554.4500,1.36632361E+3,
554.600,1.47859717E+3,
554.7500,1.36964941E+3,
554.900,1.38924683E+3,
555.0500,1.33705078E+3,
555.200,1.41057654E+3,
555.3500,1.29116992E+3,
555.500,1.41559680E+3,
555.6500,1.36479602E+3,
555.800,1.38777209E+3,
555.9500,1.45026196E+3,
556.100,1.41907532E+3,
556.2500,1.34661060E+3,
556.400,1.34492590E+3,
556.5500,1.47044934E+3,
556.700,1.33325684E+3,
556.8500,1.30172339E+3,
557.00,1.35467334E+3,
557.1500,1.38120996E+3,
557.300,1.41943848E+3,
557.4500,1.36123669E+3,
557.600,1.36286890E+3,
557.7500,1.36116357E+3,
557.900,1.33773816E+3,
558.0500,1.44134460E+3,
558.200,1.34433484E+3,
558.3500,1.44487170E+3,
558.500,1.35600806E+3,
558.6500,1.47191650E+3,
558.800,1.28360144E+3,
558.9500,1.33737170E+3,
559.100,1.31541260E+3,
559.2500,1.31536108E+3,
559.400,1.34066443E+3,
559.5500,1.34063293E+3,
559.700,1.31178540E+3,
559.8500,1.22346912E+3,
560.00,1.34560559E+3,
560.1500,1.29623193E+3,
560.300,1.22458887E+3,
560.4500,1.29600916E+3,
560.600,1.23100977E+3,
560.7500,1.15729895E+3,
560.900,1.05944263E+3,
561.0500,1.09328662E+3,
561.200,1.08773950E+3,
561.3500,1.00144067E+3,
561.500,1.00607990E+3,
561.6500,1.05549512E+3,
561.800,9.51596008E+2,
561.9500,9.45825867E+2,
562.100,9.57325745E+2,
562.2500,9.41171875E+2,
562.400,9.52690613E+2,
562.5500,8.80989502E+2,
562.700,9.37600830E+2,
562.8500,9.36976929E+2,
563.00,7.86671753E+2,
563.1500,8.41689941E+2,
563.300,8.32284607E+2,
563.4500,7.86165161E+2,
563.600,7.06690308E+2,
563.7500,7.16335815E+2,
563.900,7.50553711E+2,
564.0500,7.76098816E+2,
564.200,6.92746643E+2,
564.3500,7.57057434E+2,
564.500,7.28100708E+2,
564.6500,7.96156128E+2,
564.800,8.25500305E+2,
564.9500,6.53137878E+2,
565.100,7.21342834E+2,
565.2500,8.00363953E+2,
565.400,6.91231384E+2,
565.5500,6.38748230E+2,
565.700,7.32213684E+2,
565.8500,7.70618408E+2,
566.00,7.07309143E+2,
566.1500,6.74176819E+2,
566.300,6.49914307E+2,
566.4500,7.25973511E+2,
566.600,7.03504700E+2,
566.7500,7.22305847E+2,
566.900,6.36812744E+2,
567.0500,6.78987305E+2,
567.200,6.96014526E+2,
567.3500,6.86000183E+2,
567.500,6.83189270E+2,
567.6500,7.00274109E+2,
567.800,6.82975037E+2,
567.9500,6.11222290E+2,
568.100,7.59057312E+2,
568.2500,6.87274353E+2,
568.400,6.75385010E+2,
568.5500,7.72825195E+2,
568.700,7.17208069E+2,
568.8500,7.03476196E+2,
569.00,7.08002380E+2,
569.1500,6.83265137E+2,
569.300,7.55671509E+2,
569.4500,7.86021240E+2,
569.600,7.68635437E+2,
569.7500,7.51201965E+2,
569.900,6.96851196E+2,
570.0500,7.47559998E+2,
570.200,7.31835144E+2,
570.3500,7.01266602E+2,
570.500,7.28050354E+2,
570.6500,6.65866943E+2,
570.800,7.39092529E+2,
570.9500,6.60033813E+2,
571.100,7.35257690E+2,
571.2500,7.21188354E+2,
571.400,7.01487976E+2,
571.5500,6.98549622E+2,
571.700,6.54464844E+2,
571.8500,7.26342834E+2,
572.00,6.54072754E+2,
572.1500,7.74929199E+2,
572.300,7.17605042E+2,
572.4500,6.88355164E+2,
572.600,6.79746643E+2,
572.7500,6.99392883E+2,
572.900,7.05871338E+2,
573.0500,7.08599121E+2,
573.200,6.96228638E+2,
573.3500,7.29286804E+2,
573.500,6.69491394E+2,
573.6500,7.59560181E+2,
573.800,7.09155579E+2,
573.9500,6.56722290E+2,
574.100,6.80396606E+2,
574.2500,7.02220215E+2,
574.400,7.39379150E+2,
574.5500,7.26890930E+2,
574.700,7.04794128E+2,
574.8500,7.61259399E+2,
575.00,8.15939331E+2,
575.1500,8.07325073E+2,
575.300,7.69817749E+2,
575.4500,8.30488281E+2,
575.600,7.87124756E+2,
575.7500,7.91942261E+2,
575.900,7.77429565E+2,
576.0500,7.76438660E+2,
576.200,7.75456177E+2,
576.3500,8.28816650E+2,
576.500,8.10399475E+2,
576.6500,8.05554810E+2,
576.800,8.49398743E+2,
576.9500,8.50435364E+2,
577.100,8.96374756E+2,
577.2500,9.69787048E+2,
577.400,9.49409241E+2,
577.5500,8.38824585E+2,
577.700,9.41854492E+2,
577.8500,9.78331482E+2,
578.00,1.01095776E+3,
578.1500,1.06330225E+3,
578.300,1.08816272E+3,
578.4500,1.13281238E+3,
578.600,1.09457642E+3,
578.7500,1.10372253E+3,
578.900,1.01189447E+3,
579.0500,1.15180383E+3,
579.200,1.06180505E+3,
579.3500,1.12061829E+3,
579.500,1.09601624E+3,
579.6500,1.00364929E+3,
579.800,9.76859924E+2,
579.9500,8.92129578E+2,
580.100,9.63079346E+2,
580.2500,1.04620300E+3,
580.400,1.01736438E+3,
580.5500,1.02454492E+3,
580.700,9.97615723E+2,
580.8500,1.10928113E+3,
581.00,1.12060510E+3,
581.1500,1.01517834E+3,
581.300,1.07082739E+3,
581.4500,1.02565503E+3,
581.600,1.11378333E+3,
581.7500,1.11104626E+3,
581.900,1.14071753E+3,
582.0500,1.10758362E+3,
582.200,1.10892163E+3,
582.3500,1.13466003E+3,
582.500,1.19506653E+3,
582.6500,1.10273962E+3,
582.800,1.17957092E+3,
582.9500,1.11764392E+3,
583.100,1.21923547E+3,
583.2500,1.33746362E+3,
583.400,1.26936414E+3,
583.5500,1.19493445E+3,
583.700,1.20665784E+3,
583.8500,1.23075366E+3,
584.00,1.37029675E+3,
584.1500,1.34927283E+3,
584.300,1.31992932E+3,
584.4500,1.26982959E+3,
584.600,1.32313501E+3,
584.7500,1.28741992E+3,
584.900,1.40728796E+3,
585.0500,1.44015137E+3,
585.200,1.44811096E+3,
585.3500,1.40817249E+3,
585.500,1.54749341E+3,
585.6500,1.52427332E+3,
585.800,1.44245703E+3,
585.9500,1.45672131E+3,
586.100,1.39554968E+3,
586.2500,1.59434961E+3,
586.400,1.64658521E+3,
586.5500,1.48446472E+3,
586.700,1.66088171E+3,
586.8500,1.68174463E+3,
587.00,1.68999048E+3,
587.1500,1.70246252E+3,
587.300,1.71707019E+3,
587.4500,1.76346179E+3,
587.600,1.99645703E+3,
587.7500,1.77166931E+3,
587.900,1.86711731E+3,
588.0500,1.92025183E+3,
588.200,1.96500720E+3,
588.3500,2.06314014E+3,
588.500,2.09747583E+3,
588.6500,2.17247070E+3,
588.800,2.04232385E+3,
588.9500,2.23944702E+3,
589.100,2.18845630E+3,
589.2500,2.15669434E+3,
589.400,2.22797900E+3,
589.5500,2.11873682E+3,
589.700,2.26119580E+3,
589.8500,2.45141260E+3,
590.00,2.25136768E+3,
590.1500,2.52437671E+3,
590.300,2.51025195E+3,
590.4500,2.54375317E+3,
590.600,2.65542944E+3,
590.7500,2.82385474E+3,
590.900,2.81435156E+3,
591.0500,2.85057813E+3,
591.200,2.87823901E+3,
591.3500,2.94744263E+3,
591.500,3.25728394E+3,
591.6500,3.34902173E+3,
591.800,3.39714526E+3,
591.9500,3.49585718E+3,
592.100,3.40130859E+3,
592.2500,3.71343018E+3,
592.400,3.78181567E+3,
592.5500,3.94076489E+3,
592.700,3.83072461E+3,
592.8500,4.18020410E+3,
593.00,4.30697559E+3,
593.1500,4.12384326E+3,
593.300,4.36843945E+3,
593.4500,4.34706299E+3,
593.600,4.30115479E+3,
593.7500,4.58911768E+3,
593.900,4.31597168E+3,
594.0500,4.34585254E+3,
594.200,4.58171631E+3,
594.3500,4.52724951E+3,
594.500,4.43901318E+3,
594.6500,4.23161865E+3,
594.800,4.44602832E+3,
594.9500,4.29431152E+3,
595.100,4.41264258E+3,
595.2500,4.24716211E+3,
595.400,4.43355859E+3,
595.5500,4.53901660E+3,
595.700,4.36846289E+3,
595.8500,4.36523975E+3,
596.00,4.63901563E+3,
596.1500,4.54058447E+3,
596.300,4.51472461E+3,
596.4500,4.85126221E+3,
596.600,4.59059229E+3,
596.7500,4.59436377E+3,
596.900,4.78809961E+3,
597.0500,5.02126074E+3,
597.200,4.83733008E+3,
597.3500,5.14001904E+3,
597.500,5.11217383E+3,
597.6500,5.24089209E+3,
597.800,5.26150732E+3,
597.9500,5.29140088E+3,
598.100,5.37451953E+3,
598.2500,5.43003564E+3,
598.400,5.66652441E+3,
598.5500,5.76662402E+3,
598.700,5.86464160E+3,
598.8500,6.28872705E+3,
599.00,5.79569531E+3,
599.1500,6.01795703E+3,
599.300,6.08188965E+3,
599.4500,6.33781836E+3,
599.600,6.24065625E+3,
599.7500,6.12914648E+3,
599.900,6.43774414E+3,
600.0500,6.48399756E+3,
600.200,6.27891357E+3,
600.3500,6.45058301E+3,
600.500,6.54713574E+3,
600.6500,6.31754004E+3,
600.800,6.64387891E+3,
600.9500,6.74579150E+3,
601.100,6.63238477E+3,
601.2500,7.22550244E+3,
601.400,6.84823340E+3,
601.5500,7.11411621E+3,
601.700,7.12983154E+3,
601.8500,6.97799365E+3,
602.00,7.12534766E+3,
602.1500,7.08838281E+3,
602.300,7.63085303E+3,
602.4500,7.37771875E+3,
602.600,7.50974609E+3,
602.7500,8.04322461E+3,
602.900,8.28068555E+3,
603.0500,8.21822852E+3,
603.200,8.59228809E+3,
603.3500,8.85561816E+3,
603.500,9.41184863E+3,
603.6500,9.28947168E+3,
603.800,9.58423047E+3,
603.9500,9.56438086E+3,
604.100,1.00879834E+4,
604.2500,1.04241494E+4,
604.400,1.03338691E+4,
604.5500,1.07401816E+4,
604.700,1.04085879E+4,
604.8500,1.08876777E+4,
605.00,1.12865947E+4,
605.1500,1.10854766E+4,
605.300,1.17559932E+4,
605.4500,1.21157539E+4,
605.600,1.22627773E+4,
605.7500,1.29254102E+4,
605.900,1.27972822E+4,
606.0500,1.27838291E+4,
606.200,1.32733975E+4,
606.3500,1.32360635E+4,
606.500,1.38204951E+4,
606.6500,1.36406201E+4,
606.800,1.38324131E+4,
606.9500,1.39416143E+4,
607.100,1.40034385E+4,
607.2500,1.40200557E+4,
607.400,1.44315078E+4,
607.5500,1.40938330E+4,
607.700,1.45268672E+4,
607.8500,1.47526689E+4,
608.00,1.45359990E+4,
608.1500,1.52749248E+4,
608.300,1.51347705E+4,
608.4500,1.57974443E+4,
608.600,1.57318467E+4,
608.7500,1.59636553E+4,
608.900,1.65250781E+4,
609.0500,1.60511025E+4,
609.200,1.67697441E+4,
609.3500,1.64629160E+4,
609.500,1.70860410E+4,
609.6500,1.68071133E+4,
609.800,1.76401094E+4,
609.9500,1.77091973E+4,
610.100,1.76567988E+4,
610.2500,1.78781895E+4,
610.400,1.80375762E+4,
610.5500,1.88406563E+4,
610.700,1.91669648E+4,
610.8500,1.95965430E+4,
611.00,1.95386953E+4,
611.1500,1.99988633E+4,
611.300,2.02758770E+4,
611.4500,2.06672402E+4,
611.600,2.10042246E+4,
611.7500,1.98854785E+4,
611.900,1.99144160E+4,
612.0500,2.05224082E+4,
612.200,1.99796816E+4,
612.3500,1.95817520E+4,
612.500,1.97537578E+4,
612.6500,1.95385703E+4,
612.800,1.85380273E+4,
612.9500,1.84890840E+4,
613.100,1.80133066E+4,
613.2500,1.80877266E+4,
613.400,1.76449434E+4,
613.5500,1.71979570E+4,
613.700,1.70630840E+4,
613.8500,1.69249922E+4,
614.00,1.60270781E+4,
614.1500,1.61053789E+4,
614.300,1.66137520E+4,
614.4500,1.58619063E+4,
614.600,1.63687109E+4,
614.7500,1.56712334E+4,
614.900,1.54534512E+4,
615.0500,1.54079170E+4,
615.200,1.58655400E+4,
615.3500,1.58125967E+4,
615.500,1.52327178E+4,
615.6500,1.52750830E+4,
615.800,1.52787676E+4,
615.9500,1.50274385E+4,
616.100,1.49279717E+4,
616.2500,1.47030098E+4,
616.400,1.50872949E+4,
616.5500,1.49844824E+4,
616.700,1.44033115E+4,
616.8500,1.48812461E+4,
617.00,1.48587139E+4,
617.1500,1.40640850E+4,
617.300,1.42347441E+4,
617.4500,1.39830781E+4,
617.600,1.36372783E+4,
617.7500,1.39748242E+4,
617.900,1.40584414E+4,
618.0500,1.33590947E+4,
618.200,1.35308848E+4,
618.3500,1.37374053E+4,
618.500,1.33623896E+4,
618.6500,1.38036846E+4,
618.800,1.39170947E+4,
618.9500,1.34168389E+4,
619.100,1.35072715E+4,
619.2500,1.36816953E+4,
619.400,1.34181875E+4,
619.5500,1.42779463E+4,
619.700,1.39825889E+4,
619.8500,1.42459385E+4,
620.00,1.46060869E+4,
620.1500,1.43212637E+4,
620.300,1.49103311E+4,
620.4500,1.46482676E+4,
620.600,1.47218223E+4,
620.7500,1.45726914E+4,
620.900,1.45169824E+4,
621.0500,1.37308926E+4,
621.200,1.41329404E+4,
621.3500,1.37269805E+4,
621.500,1.32396064E+4,
621.6500,1.32069746E+4,
621.800,1.29811123E+4,
621.9500,1.30400156E+4,
622.100,1.28246943E+4,
622.2500,1.19784971E+4,
622.400,1.19039189E+4,
622.5500,1.19099092E+4,
622.700,1.18798672E+4,
622.8500,1.14317197E+4,
623.00,1.14307441E+4,
623.1500,1.11251924E+4,
623.300,1.12960908E+4,
623.4500,1.10708740E+4,
623.600,1.05323535E+4,
623.7500,1.00526523E+4,
623.900,1.00735195E+4,
624.0500,9.85059766E+3,
624.200,9.64245508E+3,
624.3500,1.02844150E+4,
624.500,9.59478320E+3,
624.6500,9.71360742E+3,
624.800,9.46042578E+3,
624.9500,9.81676074E+3,
625.100,9.31911621E+3,
625.2500,9.71720801E+3,
625.400,9.40365137E+3,
625.5500,9.46782813E+3,
625.700,9.15254492E+3,
625.8500,8.99816504E+3,
626.00,9.16178223E+3,
626.1500,9.18227051E+3,
626.300,8.68541895E+3,
626.4500,8.97202637E+3,
626.600,8.86939453E+3,
626.7500,8.85462793E+3,
626.900,8.76078711E+3,
627.0500,8.47979297E+3,
627.200,8.64485840E+3,
627.3500,8.86133594E+3,
627.500,8.64249121E+3,
627.6500,8.77998340E+3,
627.800,8.31084570E+3,
627.9500,8.03839160E+3,
628.100,8.08891309E+3,
628.2500,8.15249951E+3,
628.400,7.70438721E+3,
628.5500,7.91578809E+3,
628.700,7.69167676E+3,
628.8500,7.55085840E+3,
629.00,7.61709229E+3,
629.1500,7.34572314E+3,
629.300,7.48684912E+3,
629.4500,7.41967480E+3,
629.600,6.79645654E+3,
629.7500,7.01913330E+3,
629.900,7.09168457E+3,
630.0500,7.05273926E+3,
630.200,6.92808545E+3,
630.3500,6.76990088E+3,
630.500,6.85249707E+3,
630.6500,7.02485645E+3,
630.800,6.54047510E+3,
630.9500,6.65961279E+3,
631.100,6.80601758E+3,
631.2500,6.92967822E+3,
631.400,7.16422803E+3,
631.5500,7.40636670E+3,
631.700,6.52067041E+3,
631.8500,7.07548047E+3,
632.00,7.14678076E+3,
632.1500,7.51241455E+3,
632.300,7.38508594E+3,
632.4500,7.33865430E+3,
632.600,7.35319238E+3,
632.7500,7.44609863E+3,
632.900,7.05128369E+3,
633.0500,7.59182861E+3,
633.200,7.55188232E+3,
633.3500,7.57696924E+3,
633.500,7.72251660E+3,
633.6500,7.40331299E+3,
633.800,7.62499121E+3,
633.9500,7.64682959E+3,
634.100,7.58209180E+3,
634.2500,7.46846094E+3,
634.400,7.47617432E+3,
634.5500,7.26765576E+3,
634.700,7.70472559E+3,
634.8500,7.10015527E+3,
635.00,7.19476709E+3,
635.1500,7.45535596E+3,
635.300,6.99492090E+3,
635.4500,6.83258838E+3,
635.600,7.39805078E+3,
635.7500,7.04800049E+3,
635.900,6.72136377E+3,
636.0500,6.82754297E+3,
636.200,6.77751855E+3,
636.3500,6.86658008E+3,
636.500,6.63377783E+3,
636.6500,6.37128418E+3,
636.800,6.58218408E+3,
636.9500,6.54177783E+3,
637.100,6.07870361E+3,
637.2500,6.13449854E+3,
637.400,6.20862158E+3,
637.5500,6.08689111E+3,
637.700,5.87730615E+3,
637.8500,5.66683301E+3,
638.00,5.94146338E+3,
638.1500,5.49559277E+3,
638.300,5.81831738E+3,
638.4500,5.84455664E+3,
638.600,5.52834570E+3,
638.7500,5.19978223E+3,
638.900,5.66860547E+3,
639.0500,5.19828320E+3,
639.200,5.14206689E+3,
639.3500,5.03723438E+3,
639.500,5.01023438E+3,
639.6500,5.52848389E+3,
639.800,5.31143359E+3,
639.9500,5.35602295E+3,
640.100,5.21691602E+3,
640.2500,5.37114355E+3,
640.400,5.17874414E+3,
640.5500,5.17084473E+3,
640.700,5.42823486E+3,
640.8500,5.36000342E+3,
641.00,4.93742480E+3,
641.1500,5.26455225E+3,
641.300,5.31396338E+3,
641.4500,5.26012061E+3,
641.600,4.96798926E+3,
641.7500,4.77847314E+3,
641.900,4.76934570E+3,
642.0500,4.86444238E+3,
642.200,4.74690234E+3,
642.3500,4.42320410E+3,
642.500,4.30419531E+3,
642.6500,4.24701123E+3,
642.800,4.19737207E+3,
642.9500,3.60363379E+3,
643.100,3.75233032E+3,
643.2500,3.78766968E+3,
643.400,3.76408325E+3,
643.5500,3.45629834E+3,
643.700,3.57026636E+3,
643.8500,3.55394727E+3,
644.00,3.22388867E+3,
644.1500,3.39374146E+3,
644.300,3.40481006E+3,
644.4500,3.09229712E+3,
644.600,3.00266309E+3,
644.7500,3.12928394E+3,
644.900,2.79409058E+3,
645.0500,2.80803711E+3,
645.200,2.64854443E+3,
645.3500,2.88487061E+3,
645.500,2.70455566E+3,
645.6500,2.86885400E+3,
645.800,2.52888257E+3,
645.9500,2.68123999E+3,
646.100,2.55212451E+3,
646.2500,2.40607495E+3,
646.400,2.47709521E+3,
646.5500,2.46195654E+3,
646.700,2.46737012E+3,
646.8500,2.51414673E+3,
647.00,2.51967529E+3,
647.1500,2.24272119E+3,
647.300,2.55142163E+3,
647.4500,2.46935571E+3,
647.600,2.27823535E+3,
647.7500,2.30830908E+3,
647.900,2.37629004E+3,
648.0500,2.17945142E+3,
648.200,2.43707153E+3,
648.3500,2.56479199E+3,
648.500,2.31618774E+3,
648.6500,2.26171021E+3,
648.800,2.15170752E+3,
648.9500,2.30117358E+3,
649.100,2.25058179E+3,
649.2500,2.19977661E+3,
649.400,2.10156763E+3,
649.5500,2.14046436E+3,
649.700,2.02876086E+3,
649.8500,2.17988110E+3,
650.00,2.21484204E+3,
650.1500,2.21978345E+3,
650.300,2.32467383E+3,
650.4500,2.30373022E+3,
650.600,2.42671387E+3,
650.7500,2.41463037E+3,
650.900,2.42878906E+3,
651.0500,2.37712329E+3,
651.200,2.46620654E+3,
651.3500,2.70575928E+3,
651.500,2.99505444E+3,
651.6500,3.21471094E+3,
651.800,3.33313525E+3,
651.9500,3.84851440E+3,
652.100,3.77237744E+3,
652.2500,3.95535425E+3,
652.400,3.94182349E+3,
652.5500,3.79786841E+3,
652.700,3.87847827E+3,
652.8500,3.44023730E+3,
653.00,3.48869629E+3,
653.1500,3.03848560E+3,
653.300,3.02257739E+3,
653.4500,2.85169824E+3,
653.600,2.68460400E+3,
653.7500,2.25591919E+3,
653.900,2.55450122E+3,
654.0500,2.21552881E+3,
654.200,2.27587134E+3,
654.3500,2.29030396E+3,
654.500,2.37421240E+3,
654.6500,2.05029248E+3,
654.800,2.06892480E+3,
654.9500,2.07831226E+3,
655.100,2.10176758E+3,
655.2500,2.29386084E+3,
655.400,2.19591821E+3,
655.5500,2.04577893E+3,
655.700,2.03635046E+3,
655.8500,2.06939038E+3,
656.00,2.14992871E+3,
656.1500,2.16911304E+3,
656.300,2.07419800E+3,
656.4500,1.97406653E+3,
656.600,1.92603687E+3,
656.7500,1.92088879E+3,
656.900,1.99733118E+3,
657.0500,1.80463965E+3,
657.200,1.70754663E+3,
657.3500,1.87590784E+3,
657.500,1.83666406E+3,
657.6500,1.74865588E+3,
657.800,1.66509521E+3,
657.9500,1.87881958E+3,
658.100,1.70224756E+3,
658.2500,1.76019604E+3,
658.400,1.78892322E+3,
658.5500,1.78821851E+3,
658.700,1.73812305E+3,
658.8500,1.57889343E+3,
659.00,1.59750623E+3,
659.1500,1.83996460E+3,
659.300,1.79444958E+3,
659.4500,1.67876257E+3,
659.600,1.54749768E+3,
659.7500,1.67162024E+3,
659.900,1.60511682E+3,
660.0500,1.47778064E+3,
660.200,1.58241882E+3,
660.3500,1.45443384E+3,
660.500,1.49854382E+3,
660.6500,1.37991638E+3,
660.800,1.44446143E+3,
660.9500,1.36605164E+3,
661.100,1.28218018E+3,
661.2500,1.36243835E+3,
661.400,1.47400757E+3,
661.5500,1.54995044E+3,
661.700,1.65733240E+3,
661.8500,1.61986121E+3,
662.00,1.73833569E+3,
662.1500,1.60176318E+3,
662.300,1.68418030E+3,
662.4500,1.89283618E+3,
662.600,1.63996338E+3,
662.7500,1.89168164E+3,
662.900,1.71148730E+3,
663.0500,1.46682471E+3,
663.200,1.88445837E+3,
663.3500,1.63364124E+3,
663.500,1.49360913E+3,
663.6500,1.32080042E+3,
663.800,1.52772974E+3,
663.9500,1.30577905E+3,
664.100,1.14194177E+3,
664.2500,1.24185864E+3,
664.400,1.24482739E+3,
664.5500,1.18270020E+3,
664.700,9.78876831E+2,
664.8500,9.64864624E+2,
665.00,1.12017273E+3,
665.1500,9.80423828E+2,
665.300,8.67456360E+2,
665.4500,9.19045532E+2,
665.600,9.76391907E+2,
665.7500,9.67653137E+2,
665.900,8.42474182E+2,
666.0500,8.33368286E+2,
666.200,9.85722229E+2,
666.3500,8.26187988E+2,
666.500,7.94587463E+2,
666.6500,6.89914978E+2,
666.800,7.87146301E+2,
666.9500,8.17208374E+2,
667.100,7.62681396E+2,
667.2500,6.79577576E+2,
667.400,8.57203674E+2,
667.5500,7.56846680E+2,
667.700,7.13043335E+2,
667.8500,6.97615051E+2,
668.00,6.87840454E+2,
668.1500,7.93005920E+2,
668.300,7.37391724E+2,
668.4500,7.50798096E+2,
668.600,6.83209290E+2,
668.7500,6.90734680E+2,
668.900,6.51742249E+2,
669.0500,6.47571655E+2,
669.200,7.31154541E+2,
669.3500,7.21338867E+2,
669.500,7.17347656E+2,
669.6500,7.31018433E+2,
669.800,6.08808716E+2,
669.9500,6.28184570E+2,
670.100,6.47645325E+2,
670.2500,6.01669067E+2,
670.400,5.79341370E+2,
670.5500,5.74858398E+2,
670.700,6.24382141E+2,
670.8500,6.01928955E+2,
671.00,7.30229553E+2,
671.1500,5.32387512E+2,
671.300,5.57961609E+2,
671.4500,6.07978577E+2,
671.600,6.52145203E+2,
671.7500,5.98769043E+2,
671.900,5.75751099E+2,
672.0500,5.28039673E+2,
672.200,6.83168152E+2,
672.3500,6.53954346E+2,
672.500,5.50388062E+2,
672.6500,6.38490295E+2,
672.800,5.53025452E+2,
672.9500,5.29434937E+2,
673.100,5.86915283E+2,
673.2500,5.13243347E+2,
673.400,6.14891235E+2,
673.5500,4.40284332E+2,
673.700,5.86382874E+2,
673.8500,5.24614441E+2,
674.00,6.77969604E+2,
674.1500,5.59000610E+2,
674.300,6.17738586E+2,
674.4500,4.91617920E+2,
674.600,6.20888062E+2,
674.7500,6.16052856E+2,
674.900,4.95385895E+2,
675.0500,7.41759277E+2,
675.200,5.69078552E+2,
675.3500,5.31653320E+2,
675.500,6.30539307E+2,
675.6500,6.90833252E+2,
675.800,6.46888855E+2,
675.9500,6.87878296E+2,
676.100,5.78020813E+2,
676.2500,5.33445618E+2,
676.400,6.33901611E+2,
676.5500,6.48817322E+2,
676.700,5.31046936E+2,
676.8500,7.12153992E+2,
677.00,6.73999390E+2,
677.1500,4.95131622E+2,
677.300,5.56824219E+2,
677.4500,5.85209229E+2,
677.600,4.31642822E+2,
677.7500,5.07176575E+2,
677.900,5.96671448E+2,
678.0500,7.20617188E+2,
678.200,6.06622131E+2,
678.3500,5.67200439E+2,
678.500,5.89233887E+2,
678.6500,4.94599701E+2,
678.800,5.57877258E+2,
678.9500,6.28388062E+2,
679.100,7.96163025E+2,
679.2500,5.41388428E+2,
679.400,4.94064972E+2,
679.5500,5.51142822E+2,
679.700,6.36488647E+2,
679.8500,5.18911926E+2,
680.00,4.58479340E+2,
680.1500,6.01207458E+2,
680.300,5.10666260E+2,
680.4500,4.76518372E+2,
680.600,6.13344421E+2,
680.7500,4.57707489E+2,
680.900,5.52207520E+2,
681.0500,5.75307251E+2,
681.200,5.19194763E+2,
681.3500,4.70002502E+2,
681.500,5.22046204E+2,
681.6500,4.65315674E+2,
681.800,4.52013062E+2,
681.9500,5.99467590E+2,
682.100,5.27792969E+2,
682.2500,6.32124146E+2,
682.400,5.82244446E+2,
682.5500,6.87283325E+2,
682.700,4.59430725E+2,
682.8500,7.50457520E+2,
683.00,7.37593689E+2,
683.1500,6.27518188E+2,
683.300,5.61789490E+2,
683.4500,7.06002686E+2,
683.600,6.70247986E+2,
683.7500,6.64501648E+2,
683.900,7.42008118E+2,
684.0500,6.07354980E+2,
684.200,6.62283325E+2,
684.3500,7.17505432E+2,
684.500,5.66373169E+2,
684.6500,7.29070496E+2,
684.800,5.46361023E+2,
684.9500,6.86732483E+2,
685.100,7.19541504E+2,
685.2500,7.83554993E+2,
685.400,7.46785767E+2,
685.5500,7.80012756E+2,
685.700,8.44701782E+2,
685.8500,6.11720520E+2,
686.00,5.81928772E+2,
686.1500,8.98914185E+2,
686.300,7.66938904E+2,
686.4500,6.73883118E+2,
686.600,8.98300110E+2,
686.7500,8.68856140E+2,
686.900,7.59319763E+2,
687.0500,8.57567505E+2,
687.200,1.00458197E+3,
687.3500,7.89756531E+2,
687.500,9.37384766E+2,
687.6500,1.03720374E+3,
687.800,1.14569202E+3,
687.9500,9.12561951E+2,
688.100,9.80440125E+2,
688.2500,7.37357788E+2,
688.400,9.44780579E+2,
688.5500,9.80342529E+2,
688.700,1.11522742E+3,
688.8500,9.02933960E+2,
689.00,8.14059814E+2,
689.1500,9.16222290E+2,
689.300,9.93878784E+2,
689.4500,9.63082397E+2,
689.600,9.65703064E+2,
689.7500,7.49405396E+2,
689.900,1.06384839E+3,
690.0500,8.12753357E+2,
690.200,8.65880066E+2,
690.3500,9.87385193E+2,
690.500,1.00712311E+3,
690.6500,9.67057251E+2,
690.800,9.35349487E+2,
690.9500,9.72300171E+2,
691.100,1.08710938E+3,
691.2500,1.02086664E+3,
691.400,9.02206726E+2,
691.5500,8.78577942E+2,
691.700,9.85653992E+2,
691.8500,9.18382141E+2,
692.00,9.55981873E+2,
692.1500,1.02017609E+3,
692.300,1.11117407E+3,
692.4500,8.31256042E+2,
692.600,9.66562195E+2,
692.7500,9.78122864E+2,
692.900,1.20374170E+3,
693.0500,9.56705322E+2,
693.200,9.41392334E+2,
693.3500,1.01589246E+3,
693.500,1.04572168E+3,
693.6500,1.11186890E+3,
693.800,1.21463025E+3,
693.9500,9.81645569E+2,
694.100,1.27600647E+3,
694.2500,9.50503418E+2,
694.400,1.15474963E+3,
694.5500,9.92518127E+2,
694.700,1.16113733E+3,
694.8500,1.21979382E+3,
695.00,1.05637415E+3,
695.1500,9.66428772E+2,
695.300,1.23940247E+3,
695.4500,1.14010730E+3,
695.600,1.19956091E+3,
695.7500,1.07138281E+3,
695.900,9.70747253E+2,
696.0500,1.18142444E+3,
696.200,1.29849231E+3,
696.3500,1.06453711E+3,
696.500,1.19145557E+3,
696.6500,1.10879810E+3,
696.800,1.28447778E+3,
696.9500,1.33618030E+3,
697.100,1.19530859E+3,
697.2500,1.21794446E+3,
697.400,1.26977942E+3,
697.5500,1.32189355E+3,
697.700,1.25732874E+3,
697.8500,1.06533997E+3,
698.00,1.24471277E+3,
698.1500,1.11058044E+3,
698.300,1.36005811E+3,
698.4500,1.18595300E+3,
698.600,9.71227783E+2,
698.7500,1.24226721E+3,
698.900,1.11618066E+3,
699.0500,1.29920325E+3,
699.200,1.43317273E+3,
699.3500,1.02516199E+3,
699.500,1.16917993E+3,
699.6500,1.43530542E+3,
699.800,1.39884131E+3,
699.9500,1.28083850E+3,
700.100,1.33540405E+3,
700.2500,1.09379248E+3,
700.400,1.12760010E+3,
700.5500,1.16158960E+3,
700.700,1.21637964E+3,
700.8500,1.34383057E+3,
701.00,1.30613123E+3,
701.1500,1.38241418E+3,
701.300,1.10474768E+3,
701.4500,1.41079065E+3,
701.600,1.14216223E+3,
701.7500,1.43944580E+3,
701.900,1.33799170E+3,
702.0500,1.32048779E+3,
702.200,1.23932312E+3,
702.3500,1.31702966E+3,
702.500,1.23540112E+3,
702.6500,1.28147144E+3,
702.800,1.10291736E+3,
702.9500,1.22402319E+3,
703.100,1.29205237E+3,
703.2500,1.07976892E+3,
703.400,1.55929077E+3,
703.5500,1.41169958E+3,
703.700,1.48106274E+3,
703.8500,1.47436536E+3,
704.00,1.29238330E+3,
704.1500,1.50492896E+3,
704.300,1.65262280E+3,
704.4500,1.35917676E+3,
704.600,1.35213635E+3,
704.7500,1.24500146E+3,
704.900,1.57204175E+3,
705.0500,1.15179150E+3,
705.200,1.45803564E+3,
705.3500,1.16989709E+3,
705.500,1.44416003E+3,
705.6500,1.38056921E+3,
705.800,1.54358679E+3,
705.9500,1.22945093E+3,
706.100,1.33583008E+3,
706.2500,1.40844617E+3,
706.400,1.24031079E+3,
706.5500,1.57797424E+3,
706.700,1.35157153E+3,
706.8500,1.56409143E+3,
707.00,1.20847656E+3,
707.1500,1.31690295E+3,
707.300,1.12206445E+3,
707.4500,1.72320300E+3,
707.600,1.62245276E+3,
707.7500,1.43856055E+3,
707.900,1.56105945E+3,
708.0500,1.22166406E+3,
708.200,1.40361865E+3,
708.3500,1.70591370E+3,
708.500,1.59121069E+3,
708.6500,1.41584277E+3,
708.800,1.79298633E+3,
708.9500,1.65337109E+3,
709.100,1.44018262E+3,
709.2500,1.41990369E+3,
709.400,1.49686279E+3,
709.5500,1.73288538E+3,
709.700,1.55414258E+3,
709.8500,1.70572363E+3,
710.00,1.21825146E+3,
710.1500,1.20922595E+3,
710.300,1.34861511E+3,
710.4500,1.57560193E+3,
710.600,1.54257617E+3,
710.7500,1.28482922E+3,
710.900,1.73863208E+3,
711.0500,1.09120068E+3,
711.200,1.77342358E+3,
711.3500,1.53872913E+3,
711.500,1.40389795E+3,
711.6500,1.59806689E+3,
711.800,1.64069006E+3,
711.9500,1.56875696E+3,
712.100,1.67551672E+3,
712.2500,1.29548669E+3,
712.400,1.51785266E+3,
712.5500,1.57378027E+3,
712.700,1.43596936E+3,
712.8500,1.40115161E+3,
713.00,1.52225598E+3,
713.1500,1.23947266E+3,
713.300,1.75319556E+3,
713.4500,1.56129810E+3,
713.600,1.43410120E+3,
713.7500,1.53047778E+3,
713.900,1.50831226E+3,
714.0500,1.11449304E+3,
714.200,1.25062195E+3,
714.3500,1.28076831E+3,
714.500,1.32445398E+3,
714.6500,1.59643994E+3,
714.800,1.27800891E+3,
714.9500,1.45693372E+3,
715.100,1.62341406E+3,
715.2500,1.49240491E+3,
715.400,1.56473022E+3,
715.5500,1.46007080E+3,
715.700,1.20426648E+3,
715.8500,1.53712463E+3,
716.00,1.19746484E+3,
716.1500,1.51848853E+3,
716.300,1.63371765E+3,
716.4500,1.40247156E+3,
716.600,1.23948633E+3,
716.7500,1.43869788E+3,
716.900,1.40092480E+3,
717.0500,1.54555115E+3,
717.200,1.38095264E+3,
717.3500,1.31431348E+3,
717.500,1.13389001E+3,
717.6500,1.06612683E+3,
717.800,1.32586145E+3,
717.9500,1.35833789E+3,
718.100,9.46412231E+2,
718.2500,1.17921960E+3,
718.400,1.55758191E+3,
718.5500,1.24386328E+3,
718.700,1.53754785E+3,
718.8500,1.03283472E+3,
719.00,1.35677124E+3,
719.1500,1.11191736E+3,
719.300,1.29115295E+3,
719.4500,1.58911816E+3,
719.600,9.88657654E+2,
719.7500,1.08027429E+3,
719.900,1.23177429E+3,
720.0500,1.08646252E+3,
720.200,1.28358020E+3,
720.3500,1.16748987E+3,
720.500,9.00627014E+2,
720.6500,1.17415503E+3,
720.800,1.08692908E+3,
720.9500,9.23501709E+2,
721.100,1.00201648E+3,
721.2500,1.12662195E+3,
721.400,1.17558630E+3,
721.5500,1.30136987E+3,
721.700,1.21290906E+3,
721.8500,1.23171924E+3,
722.00,1.11167029E+3,
722.1500,1.36244104E+3,
722.300,1.17988794E+3,
722.4500,1.01189130E+3,
722.600,1.09273047E+3,
722.7500,1.17401025E+3,
722.900,1.36561169E+3,
723.0500,1.51106104E+3,
723.200,1.10489795E+3,
723.3500,1.01302173E+3,
723.500,1.09522607E+3,
723.6500,1.11421863E+3,
723.800,1.29293225E+3,
723.9500,1.05646326E+3,
724.100,1.34844861E+3,
724.2500,1.25576270E+3,
724.400,9.68777588E+2,
724.5500,8.25854919E+2,
724.700,1.13682581E+3,
724.8500,1.14013831E+3,
725.00,1.45383350E+3,
725.1500,1.17952527E+3,
725.300,1.38008215E+3,
725.4500,1.40054456E+3,
725.600,1.17324890E+3,
725.7500,1.14349976E+3,
725.900,1.09695325E+3,
726.0500,1.03342480E+3,
726.200,1.23689526E+3,
726.3500,1.34093115E+3,
726.500,1.02532837E+3,
726.6500,1.14619995E+3,
726.800,9.46582886E+2,
726.9500,1.13570605E+3,
727.100,1.22384082E+3,
727.2500,1.09084912E+3,
727.400,9.05846436E+2,
727.5500,1.07972693E+3,
727.700,9.96775330E+2,
727.8500,1.10292590E+3,
728.00,1.24422034E+3,
728.1500,1.03968335E+3,
728.300,1.04252551E+3,
728.4500,8.01456970E+2,
728.600,8.03652283E+2,
728.7500,1.12119104E+3,
728.900,1.07156982E+3,
729.0500,8.80763123E+2,
729.200,1.05987219E+3,
729.3500,8.67986572E+2,
729.500,8.52656372E+2,
729.6500,8.90677368E+2,
729.800,9.11043640E+2,
729.9500,1.03900305E+3,
730.100,1.09584912E+3,
730.2500,7.20642761E+2,
730.400,6.50434448E+2,
730.5500,1.06904236E+3,
730.700,1.01759332E+3,
730.8500,7.28938599E+2,
731.00,6.03102539E+2,
731.1500,8.61364014E+2,
731.300,8.63772217E+2,
731.4500,9.58337646E+2,
731.600,1.01646655E+3,
731.7500,1.16758215E+3,
731.900,1.18944714E+3,
732.0500,8.57301758E+2,
732.200,8.97040894E+2,
732.3500,8.80775635E+2,
732.500,9.20791260E+2,
732.6500,1.07408691E+3,
732.800,7.93622681E+2,
732.9500,7.38977051E+2,
733.100,1.14008020E+3,
733.2500,1.02897449E+3,
733.400,9.36344177E+2,
733.5500,1.37975354E+3,
733.700,1.21071106E+3,
733.8500,1.31051270E+3,
734.00,1.29491394E+3,
734.1500,8.52841248E+2,
734.300,1.38014355E+3,
734.4500,1.11120105E+3,
734.600,1.25127039E+3,
734.7500,1.35292957E+3,
734.900,1.73047656E+3,
735.0500,1.47908936E+3,
735.200,1.87885156E+3,
735.3500,1.34869849E+3,
735.500,1.25309827E+3,
735.6500,1.71547180E+3,
735.800,1.76039172E+3,
735.9500,1.60494348E+3,
736.100,1.36801270E+3,
736.2500,1.41213293E+3,
736.400,1.39580493E+3,
736.5500,1.44023340E+3,
736.700,1.28149048E+3,
736.8500,1.22384827E+3,
737.00,1.26815112E+3,
737.1500,1.37402539E+3,
737.300,1.00752826E+3,
737.4500,1.03079810E+3,
737.600,1.55027380E+3,
737.7500,1.65798938E+3,
737.900,1.37145630E+3,
738.0500,1.64587744E+3,
738.200,1.27410352E+3,
738.3500,1.23547046E+3,
738.500,1.74246863E+3,
738.6500,1.93634460E+3,
738.800,2.27890942E+3,
738.9500,2.13665405E+3,
739.100,2.43914429E+3,
739.2500,2.55186182E+3,
739.400,2.36666431E+3,
739.5500,3.09970288E+3,
739.700,2.50771094E+3,
739.8500,2.68622461E+3,
740.00,2.54247192E+3,
740.1500,2.70074097E+3,
740.300,2.29656372E+3,
740.4500,2.08566699E+3,
740.600,1.80823230E+3,
740.7500,1.79140479E+3,
740.900,1.46777808E+3,
741.0500,1.51579492E+3,
741.200,1.32174585E+3,
741.3500,1.56841833E+3,
741.500,1.57278748E+3,
741.6500,1.06625989E+3,
741.800,1.02468591E+3,
741.9500,8.71184021E+2,
742.100,8.06375671E+2,
742.2500,5.61505127E+2,
742.400,9.68418030E+2,
742.5500,8.12977051E+2,
742.700,8.15194214E+2,
742.8500,4.76828247E+2,
743.00,7.28581421E+2,
743.1500,8.67563660E+2,
743.300,4.57865906E+2,
743.4500,6.42773865E+2,
743.600,6.21522949E+2,
743.7500,3.69324432E+2,
743.900,6.24954346E+2,
744.0500,5.10630737E+2,
744.200,5.58600342E+2,
744.3500,6.30174377E+2,
744.500,7.02144836E+2,
744.6500,6.80634460E+2,
744.800,5.64857117E+2,
744.9500,3.30421509E+2,
745.100,7.57328552E+2,
745.2500,6.17011292E+2,
745.400,6.42496460E+2,
745.5500,2.14752167E+2,
745.700,5.74243103E+2,
745.8500,7.19774902E+2,
746.00,5.05227478E+2,
746.1500,6.51281860E+2,
746.300,5.32066711E+2,
746.4500,5.81961121E+2,
746.600,8.02300903E+2,
746.7500,4.87523041E+2,
746.900,6.59891235E+2,
747.0500,5.14574829E+2,
747.200,1.12995569E+3,
747.3500,7.63379822E+2,
747.500,5.18411682E+2,
747.6500,4.45457001E+2,
747.800,3.96946198E+2,
747.9500,4.72546539E+2,
748.100,5.48515503E+2,
748.2500,6.49850342E+2,
748.400,3.00674408E+2,
748.5500,2.51183380E+2,
748.700,4.02891052E+2,
748.8500,8.58270630E+2,
749.00,4.80814606E+2,
749.1500,6.85083862E+2,
749.300,3.56176147E+2,
749.4500,3.57127167E+2,
749.600,5.37122742E+2,
749.7500,3.07748657E+2,
749.900,3.34288025E+2,
750.0500,1.80485687E+2,
