Labels,32C_16_325K,
Type,Emission Scan,
Comment,,
Start,252.300,
Stop,750.00,
Step,0.150,
Fixed/Offset,248.400,
Xaxis,Wavelength,
Yaxis,Counts,
Scan Corr. by File,True,
Corr. by Ref. Det.,False,
Fixed/Offset Corr. by File,False,
Repeats,1,
Dwell Time,0.20,
Lamp,Xe,
Temp,26.650,
Scan Polariser,None,
Scan Slit,0.2520,
Fixed/Offset Polariser,None,
Fixed/Offset Slit,2.9970,
Detector,Red PMT,

252.300,1.62168877E+4,
252.4500,1.45264707E+4,
252.600,1.34195117E+4,
252.7500,1.48840137E+4,
252.900,1.31131680E+4,
253.0500,1.47835020E+4,
253.200,1.22853467E+4,
253.3500,1.29917539E+4,
253.500,1.14904805E+4,
253.6500,1.10712637E+4,
253.800,1.23113613E+4,
253.9500,1.24321367E+4,
254.100,1.32140479E+4,
254.2500,1.23176836E+4,
254.400,1.10103584E+4,
254.5500,1.14782725E+4,
254.700,1.29247314E+4,
254.8500,1.25074932E+4,
255.00,1.15528730E+4,
255.1500,1.05416309E+4,
255.300,1.26861553E+4,
255.4500,1.10358252E+4,
255.600,1.18157178E+4,
255.7500,9.97989258E+3,
255.900,1.05021709E+4,
256.0500,1.30809482E+4,
256.200,1.06957090E+4,
256.3500,1.05167061E+4,
256.500,1.29579434E+4,
256.6500,1.24039717E+4,
256.800,1.17546846E+4,
256.9500,1.26752461E+4,
257.100,1.21417686E+4,
257.2500,1.34953828E+4,
257.400,1.27498115E+4,
257.5500,1.24421416E+4,
257.700,1.25517744E+4,
257.8500,1.01460459E+4,
258.00,1.21658232E+4,
258.1500,1.57691455E+4,
258.300,1.25518506E+4,
258.4500,1.28293350E+4,
258.600,1.43518193E+4,
258.7500,1.58277285E+4,
258.900,1.49607393E+4,
259.0500,1.58039277E+4,
259.200,1.60495313E+4,
259.3500,1.73643906E+4,
259.500,1.57104238E+4,
259.6500,1.92088828E+4,
259.800,1.72852363E+4,
259.9500,1.80585996E+4,
260.100,1.84048223E+4,
260.2500,1.83828105E+4,
260.400,1.97639102E+4,
260.5500,1.96835625E+4,
260.700,2.13108867E+4,
260.8500,1.93770977E+4,
261.00,1.91918008E+4,
261.1500,2.17689414E+4,
261.300,2.00379727E+4,
261.4500,2.18953066E+4,
261.600,2.20943750E+4,
261.7500,2.35637344E+4,
261.900,2.43128379E+4,
262.0500,2.35261035E+4,
262.200,2.25872832E+4,
262.3500,2.19992051E+4,
262.500,2.42043828E+4,
262.6500,2.38319551E+4,
262.800,2.28692891E+4,
262.9500,2.50713750E+4,
263.100,2.50955176E+4,
263.2500,2.73310273E+4,
263.400,2.56154746E+4,
263.5500,2.64264609E+4,
263.700,2.85614004E+4,
263.8500,2.74668672E+4,
264.00,2.66255195E+4,
264.1500,2.85108320E+4,
264.300,2.83998691E+4,
264.4500,2.81250078E+4,
264.600,2.90534395E+4,
264.7500,2.76176270E+4,
264.900,2.81292734E+4,
265.0500,3.20504746E+4,
265.200,2.95370293E+4,
265.3500,2.88276465E+4,
265.500,2.95836875E+4,
265.6500,3.00200645E+4,
265.800,2.99226504E+4,
265.9500,3.27841016E+4,
266.100,3.31242500E+4,
266.2500,3.19853379E+4,
266.400,3.18959180E+4,
266.5500,3.01516738E+4,
266.700,3.39426406E+4,
266.8500,3.35545898E+4,
267.00,3.29665781E+4,
267.1500,3.20980059E+4,
267.300,3.31796797E+4,
267.4500,3.51748477E+4,
267.600,3.36225977E+4,
267.7500,3.19021797E+4,
267.900,3.26806074E+4,
268.0500,3.40873477E+4,
268.200,3.41095625E+4,
268.3500,3.35410898E+4,
268.500,3.44204609E+4,
268.6500,3.36506523E+4,
268.800,3.29141211E+4,
268.9500,3.49686367E+4,
269.100,3.43549961E+4,
269.2500,3.32544883E+4,
269.400,3.60234023E+4,
269.5500,3.41813203E+4,
269.700,3.52229063E+4,
269.8500,3.26285742E+4,
270.00,3.35490625E+4,
270.1500,3.34410977E+4,
270.300,3.49095625E+4,
270.4500,3.44552344E+4,
270.600,3.29555742E+4,
270.7500,3.43710039E+4,
270.900,3.60529570E+4,
271.0500,3.28829922E+4,
271.200,3.45727148E+4,
271.3500,3.49056172E+4,
271.500,3.29632734E+4,
271.6500,3.46803633E+4,
271.800,3.42397578E+4,
271.9500,3.52142031E+4,
272.100,3.48718984E+4,
272.2500,3.27212480E+4,
272.400,3.37926836E+4,
272.5500,3.68120625E+4,
272.700,3.34865469E+4,
272.8500,3.42131250E+4,
273.00,3.44882070E+4,
273.1500,3.57258125E+4,
273.300,3.30832031E+4,
273.4500,3.36430781E+4,
273.600,3.40828125E+4,
273.7500,3.49210000E+4,
273.900,3.48765000E+4,
274.0500,3.33347188E+4,
274.200,3.51946602E+4,
274.3500,3.54949375E+4,
274.500,3.67646914E+4,
274.6500,3.45894961E+4,
274.800,3.57996758E+4,
274.9500,3.46463633E+4,
275.100,3.40435430E+4,
275.2500,3.43692461E+4,
275.400,3.38886172E+4,
275.5500,3.48035313E+4,
275.700,3.46766172E+4,
275.8500,3.37839883E+4,
276.00,3.42601836E+4,
276.1500,3.48192852E+4,
276.300,3.34768203E+4,
276.4500,3.40043711E+4,
276.600,3.38129336E+4,
276.7500,3.42347383E+4,
276.900,3.35418906E+4,
277.0500,3.24657578E+4,
277.200,3.29603672E+4,
277.3500,3.37809883E+4,
277.500,3.41026953E+4,
277.6500,3.40131328E+4,
277.800,3.56963125E+4,
277.9500,3.48706719E+4,
278.100,3.33540625E+4,
278.2500,3.37401367E+4,
278.400,3.29249805E+4,
278.5500,3.38512969E+4,
278.700,3.31779453E+4,
278.8500,3.34435195E+4,
279.00,3.30773906E+4,
279.1500,3.39242891E+4,
279.300,3.37437500E+4,
279.4500,3.42367852E+4,
279.600,3.42852227E+4,
279.7500,3.32586719E+4,
279.900,3.24837969E+4,
280.0500,3.27023730E+4,
280.200,3.22977461E+4,
280.3500,3.18533457E+4,
280.500,3.35017695E+4,
280.6500,3.29114258E+4,
280.800,3.16084258E+4,
280.9500,3.25315098E+4,
281.100,3.06558594E+4,
281.2500,3.13390254E+4,
281.400,3.14390879E+4,
281.5500,3.07662949E+4,
281.700,3.11509277E+4,
281.8500,3.02369160E+4,
282.00,3.06501152E+4,
282.1500,3.11063105E+4,
282.300,3.08501074E+4,
282.4500,3.08609180E+4,
282.600,3.02350781E+4,
282.7500,2.83431074E+4,
282.900,3.02316992E+4,
283.0500,2.95472441E+4,
283.200,2.89719629E+4,
283.3500,2.96147754E+4,
283.500,2.97440723E+4,
283.6500,2.90908438E+4,
283.800,2.97470703E+4,
283.9500,2.89778984E+4,
284.100,2.86334219E+4,
284.2500,2.84707813E+4,
284.400,2.85804238E+4,
284.5500,2.94406563E+4,
284.700,2.72801836E+4,
284.8500,2.77791426E+4,
285.00,2.85552188E+4,
285.1500,2.83045742E+4,
285.300,2.84455117E+4,
285.4500,2.88206523E+4,
285.600,2.78040293E+4,
285.7500,2.72790254E+4,
285.900,2.69632441E+4,
286.0500,2.70204160E+4,
286.200,2.63982754E+4,
286.3500,2.62057734E+4,
286.500,2.59687637E+4,
286.6500,2.61873242E+4,
286.800,2.66019551E+4,
286.9500,2.58833770E+4,
287.100,2.64851621E+4,
287.2500,2.58290645E+4,
287.400,2.50384023E+4,
287.5500,2.42827109E+4,
287.700,2.46525410E+4,
287.8500,2.56487852E+4,
288.00,2.47939121E+4,
288.1500,2.49712227E+4,
288.300,2.44145156E+4,
288.4500,2.46366309E+4,
288.600,2.52172148E+4,
288.7500,2.42748223E+4,
288.900,2.34394531E+4,
289.0500,2.30210078E+4,
289.200,2.40554941E+4,
289.3500,2.38977559E+4,
289.500,2.31488145E+4,
289.6500,2.43795840E+4,
289.800,2.30756738E+4,
289.9500,2.33569180E+4,
290.100,2.25486035E+4,
290.2500,2.33922676E+4,
290.400,2.27245840E+4,
290.5500,2.24596094E+4,
290.700,2.28285781E+4,
290.8500,2.30810977E+4,
291.00,2.24330723E+4,
291.1500,2.06283438E+4,
291.300,2.20201973E+4,
291.4500,2.16499941E+4,
291.600,2.01978848E+4,
291.7500,2.22947480E+4,
291.900,2.11814746E+4,
292.0500,2.13502344E+4,
292.200,2.08149707E+4,
292.3500,1.95758125E+4,
292.500,2.02773398E+4,
292.6500,2.07393379E+4,
292.800,1.96724375E+4,
292.9500,1.98358086E+4,
293.100,1.92327051E+4,
293.2500,1.98958613E+4,
293.400,1.97980469E+4,
293.5500,1.94394629E+4,
293.700,1.96032617E+4,
293.8500,1.94369512E+4,
294.00,1.93057930E+4,
294.1500,1.98490938E+4,
294.300,1.94422676E+4,
294.4500,1.93465977E+4,
294.600,1.92855859E+4,
294.7500,1.87370762E+4,
294.900,1.95994629E+4,
295.0500,1.91854492E+4,
295.200,1.87498164E+4,
295.3500,1.86298242E+4,
295.500,1.90255098E+4,
295.6500,1.85683594E+4,
295.800,1.90541602E+4,
295.9500,1.78120547E+4,
296.100,1.85076680E+4,
296.2500,1.82385898E+4,
296.400,1.83360488E+4,
296.5500,1.87633633E+4,
296.700,1.71363164E+4,
296.8500,1.80407871E+4,
297.00,1.78506504E+4,
297.1500,1.79217109E+4,
297.300,1.85850410E+4,
297.4500,1.71311582E+4,
297.600,1.80421094E+4,
297.7500,1.82553711E+4,
297.900,1.78187773E+4,
298.0500,1.74385332E+4,
298.200,1.73656250E+4,
298.3500,1.71509180E+4,
298.500,1.79689063E+4,
298.6500,1.73612539E+4,
298.800,1.78044043E+4,
298.9500,1.72254395E+4,
299.100,1.71733047E+4,
299.2500,1.76047578E+4,
299.400,1.75949883E+4,
299.5500,1.66993730E+4,
299.700,1.72938984E+4,
299.8500,1.74289160E+4,
300.00,1.63495322E+4,
300.1500,1.75391719E+4,
300.300,1.68889063E+4,
300.4500,1.74850449E+4,
300.600,1.71217344E+4,
300.7500,1.63128125E+4,
300.900,1.76278086E+4,
301.0500,1.70993848E+4,
301.200,1.64644590E+4,
301.3500,1.64779316E+4,
301.500,1.68214902E+4,
301.6500,1.72401602E+4,
301.800,1.67725586E+4,
301.9500,1.69746875E+4,
302.100,1.65661465E+4,
302.2500,1.68048770E+4,
302.400,1.73408438E+4,
302.5500,1.69970859E+4,
302.700,1.59041641E+4,
302.8500,1.64291836E+4,
303.00,1.65524141E+4,
303.1500,1.65469668E+4,
303.300,1.61220811E+4,
303.4500,1.62598037E+4,
303.600,1.71989824E+4,
303.7500,1.69831328E+4,
303.900,1.70077441E+4,
304.0500,1.67413223E+4,
304.200,1.67842129E+4,
304.3500,1.65200547E+4,
304.500,1.69588691E+4,
304.6500,1.68251816E+4,
304.800,1.65129629E+4,
304.9500,1.68996934E+4,
305.100,1.65455840E+4,
305.2500,1.65614648E+4,
305.400,1.63758213E+4,
305.5500,1.61793535E+4,
305.700,1.62335811E+4,
305.8500,1.65099355E+4,
306.00,1.68264004E+4,
306.1500,1.65994355E+4,
306.300,1.62953076E+4,
306.4500,1.62063574E+4,
306.600,1.67638164E+4,
306.7500,1.66550078E+4,
306.900,1.74789785E+4,
307.0500,1.59941338E+4,
307.200,1.65816992E+4,
307.3500,1.60687793E+4,
307.500,1.67609375E+4,
307.6500,1.64324121E+4,
307.800,1.59852324E+4,
307.9500,1.64823359E+4,
308.100,1.63142012E+4,
308.2500,1.60674951E+4,
308.400,1.61809678E+4,
308.5500,1.57673340E+4,
308.700,1.57513662E+4,
308.8500,1.61272197E+4,
309.00,1.54352588E+4,
309.1500,1.57579805E+4,
309.300,1.62924023E+4,
309.4500,1.58664111E+4,
309.600,1.63018262E+4,
309.7500,1.58958633E+4,
309.900,1.59317012E+4,
310.0500,1.58651348E+4,
310.200,1.60515566E+4,
310.3500,1.57882656E+4,
310.500,1.60524609E+4,
310.6500,1.58229414E+4,
310.800,1.58475977E+4,
310.9500,1.57881465E+4,
311.100,1.66938281E+4,
311.2500,1.64778613E+4,
311.400,1.60779590E+4,
311.5500,1.60357705E+4,
311.700,1.63515664E+4,
311.8500,1.62674326E+4,
312.00,1.57634316E+4,
312.1500,1.57099561E+4,
312.300,1.59982041E+4,
312.4500,1.58787920E+4,
312.600,1.58149932E+4,
312.7500,1.58209492E+4,
312.900,1.57773125E+4,
313.0500,1.58134463E+4,
313.200,1.53469697E+4,
313.3500,1.60928359E+4,
313.500,1.56869395E+4,
313.6500,1.60092490E+4,
313.800,1.53466904E+4,
313.9500,1.57105352E+4,
314.100,1.56676367E+4,
314.2500,1.56355313E+4,
314.400,1.56887959E+4,
314.5500,1.54205068E+4,
314.700,1.50412715E+4,
314.8500,1.50582461E+4,
315.00,1.54015293E+4,
315.1500,1.51825381E+4,
315.300,1.55346777E+4,
315.4500,1.45919590E+4,
315.600,1.50767402E+4,
315.7500,1.44125352E+4,
315.900,1.49124141E+4,
316.0500,1.49909648E+4,
316.200,1.46037158E+4,
316.3500,1.45035752E+4,
316.500,1.49711455E+4,
316.6500,1.43094385E+4,
316.800,1.48367607E+4,
316.9500,1.43847021E+4,
317.100,1.46080576E+4,
317.2500,1.43617158E+4,
317.400,1.45315215E+4,
317.5500,1.47088926E+4,
317.700,1.42582109E+4,
317.8500,1.42865342E+4,
318.00,1.40750303E+4,
318.1500,1.37026514E+4,
318.300,1.41938047E+4,
318.4500,1.39957021E+4,
318.600,1.41558066E+4,
318.7500,1.43019668E+4,
318.900,1.40023418E+4,
319.0500,1.46260488E+4,
319.200,1.39972070E+4,
319.3500,1.46225762E+4,
319.500,1.36843096E+4,
319.6500,1.42688369E+4,
319.800,1.36603877E+4,
319.9500,1.40402383E+4,
320.100,1.38129766E+4,
320.2500,1.32873486E+4,
320.400,1.34877314E+4,
320.5500,1.34050488E+4,
320.700,1.36823486E+4,
320.8500,1.34922139E+4,
321.00,1.35003516E+4,
321.1500,1.30671465E+4,
321.300,1.36543672E+4,
321.4500,1.33329492E+4,
321.600,1.31677148E+4,
321.7500,1.29789033E+4,
321.900,1.27545723E+4,
322.0500,1.28467773E+4,
322.200,1.26981768E+4,
322.3500,1.26385859E+4,
322.500,1.25511602E+4,
322.6500,1.24480947E+4,
322.800,1.26364434E+4,
322.9500,1.26567637E+4,
323.100,1.25506055E+4,
323.2500,1.28369492E+4,
323.400,1.24033652E+4,
323.5500,1.23577090E+4,
323.700,1.23671904E+4,
323.8500,1.20904502E+4,
324.00,1.23466768E+4,
324.1500,1.18806377E+4,
324.300,1.20860000E+4,
324.4500,1.24766445E+4,
324.600,1.18545654E+4,
324.7500,1.24639795E+4,
324.900,1.18254375E+4,
325.0500,1.20130938E+4,
325.200,1.18590664E+4,
325.3500,1.17516055E+4,
325.500,1.19386328E+4,
325.6500,1.11835557E+4,
325.800,1.17396309E+4,
325.9500,1.17620684E+4,
326.100,1.15355059E+4,
326.2500,1.11101797E+4,
326.400,1.16475225E+4,
326.5500,1.11522100E+4,
326.700,1.09103506E+4,
326.8500,1.09128174E+4,
327.00,1.07844619E+4,
327.1500,1.06840254E+4,
327.300,1.07066973E+4,
327.4500,1.04359238E+4,
327.600,1.08479023E+4,
327.7500,1.06074053E+4,
327.900,1.06002813E+4,
328.0500,1.03762930E+4,
328.200,1.07346074E+4,
328.3500,1.05779746E+4,
328.500,1.05719814E+4,
328.6500,1.02334746E+4,
328.800,1.00566729E+4,
328.9500,1.00952168E+4,
329.100,1.04032725E+4,
329.2500,1.04205391E+4,
329.400,1.07489346E+4,
329.5500,9.86586621E+3,
329.700,9.79730957E+3,
329.8500,1.02400566E+4,
330.00,9.61768066E+3,
330.1500,9.94244043E+3,
330.300,1.00834463E+4,
330.4500,9.59119434E+3,
330.600,9.57162500E+3,
330.7500,9.07820996E+3,
330.900,1.00162803E+4,
331.0500,9.68031445E+3,
331.200,9.66882617E+3,
331.3500,9.25730371E+3,
331.500,9.16866113E+3,
331.6500,9.07672363E+3,
331.800,9.09778125E+3,
331.9500,9.27000586E+3,
332.100,8.93220215E+3,
332.2500,8.79875781E+3,
332.400,8.92829590E+3,
332.5500,9.10980762E+3,
332.700,8.93819629E+3,
332.8500,8.72527930E+3,
333.00,8.51300195E+3,
333.1500,8.41186621E+3,
333.300,8.56413477E+3,
333.4500,8.57393164E+3,
333.600,8.15516211E+3,
333.7500,8.33111914E+3,
333.900,8.29636230E+3,
334.0500,8.38204688E+3,
334.200,8.01441895E+3,
334.3500,8.10714258E+3,
334.500,8.24056055E+3,
334.6500,8.15834473E+3,
334.800,8.08999902E+3,
334.9500,7.64066113E+3,
335.100,7.61120947E+3,
335.2500,7.81613721E+3,
335.400,7.86795850E+3,
335.5500,7.93309814E+3,
335.700,7.57597803E+3,
335.8500,7.55029688E+3,
336.00,7.64917529E+3,
336.1500,7.67069629E+3,
336.300,7.60824707E+3,
336.4500,7.23782275E+3,
336.600,7.40357764E+3,
336.7500,7.51535156E+3,
336.900,7.26006592E+3,
337.0500,7.48443506E+3,
337.200,7.04951416E+3,
337.3500,6.89795996E+3,
337.500,7.40900635E+3,
337.6500,7.09864990E+3,
337.800,7.29408398E+3,
337.9500,6.97176074E+3,
338.100,6.67556348E+3,
338.2500,6.62916357E+3,
338.400,6.97245508E+3,
338.5500,6.73934961E+3,
338.700,6.85924561E+3,
338.8500,6.79641992E+3,
339.00,6.62666699E+3,
339.1500,6.64060693E+3,
339.300,6.81279785E+3,
339.4500,6.52950488E+3,
339.600,6.79114990E+3,
339.7500,6.74021387E+3,
339.900,6.41086963E+3,
340.0500,6.46939160E+3,
340.200,6.47942334E+3,
340.3500,6.37808203E+3,
340.500,6.40405566E+3,
340.6500,6.42036816E+3,
340.800,6.06721777E+3,
340.9500,6.32035352E+3,
341.100,6.10433936E+3,
341.2500,6.26552051E+3,
341.400,6.10382568E+3,
341.5500,6.05827197E+3,
341.700,6.28054541E+3,
341.8500,6.36201172E+3,
342.00,6.04345801E+3,
342.1500,6.04825049E+3,
342.300,6.26265771E+3,
342.4500,6.26684668E+3,
342.600,6.31702148E+3,
342.7500,5.81873877E+3,
342.900,5.63129541E+3,
343.0500,5.91718457E+3,
343.200,5.71202832E+3,
343.3500,5.72323193E+3,
343.500,5.90994971E+3,
343.6500,5.66985498E+3,
343.800,5.66890967E+3,
343.9500,5.62282764E+3,
344.100,5.58533447E+3,
344.2500,5.44296143E+3,
344.400,5.70421533E+3,
344.5500,5.54727979E+3,
344.700,5.39107715E+3,
344.8500,5.35708789E+3,
345.00,5.33800781E+3,
345.1500,5.29716162E+3,
345.300,5.33880811E+3,
345.4500,5.29223145E+3,
345.600,5.19908105E+3,
345.7500,5.42426563E+3,
345.900,5.35735840E+3,
346.0500,5.26152490E+3,
346.200,5.20909961E+3,
346.3500,5.14539551E+3,
346.500,5.01873535E+3,
346.6500,5.17381006E+3,
346.800,5.35370752E+3,
346.9500,5.32436768E+3,
347.100,5.05626953E+3,
347.2500,4.94844287E+3,
347.400,5.02499219E+3,
347.5500,5.09542822E+3,
347.700,4.99671631E+3,
347.8500,5.19293945E+3,
348.00,4.82321387E+3,
348.1500,4.93808350E+3,
348.300,4.99944482E+3,
348.4500,4.97724365E+3,
348.600,4.79751758E+3,
348.7500,4.82831885E+3,
348.900,5.01565234E+3,
349.0500,4.93025830E+3,
349.200,4.89418408E+3,
349.3500,4.78194580E+3,
349.500,4.82526807E+3,
349.6500,4.65145264E+3,
349.800,4.74617822E+3,
349.9500,4.69209570E+3,
350.100,4.84437695E+3,
350.2500,4.82116699E+3,
350.400,4.70460986E+3,
350.5500,4.72980908E+3,
350.700,4.64602344E+3,
350.8500,4.61562695E+3,
351.00,4.59065527E+3,
351.1500,4.77802686E+3,
351.300,4.37996240E+3,
351.4500,4.52233057E+3,
351.600,4.51278955E+3,
351.7500,4.49289600E+3,
351.900,4.47826221E+3,
352.0500,4.56938330E+3,
352.200,4.55462061E+3,
352.3500,4.42469189E+3,
352.500,4.35171436E+3,
352.6500,4.59209473E+3,
352.800,4.54686426E+3,
352.9500,4.39572314E+3,
353.100,4.26557422E+3,
353.2500,4.25170557E+3,
353.400,4.40310107E+3,
353.5500,4.25406836E+3,
353.700,4.34968896E+3,
353.8500,4.27609082E+3,
354.00,4.28200146E+3,
354.1500,4.20373145E+3,
354.300,4.27320996E+3,
354.4500,4.26880225E+3,
354.600,4.26926758E+3,
354.7500,4.24539307E+3,
354.900,4.28461328E+3,
355.0500,4.09181079E+3,
355.200,4.20586670E+3,
355.3500,4.00018140E+3,
355.500,4.09221167E+3,
355.6500,4.15739795E+3,
355.800,4.29098389E+3,
355.9500,3.97395679E+3,
356.100,3.82187598E+3,
356.2500,4.01884229E+3,
356.400,4.15825244E+3,
356.5500,4.05373975E+3,
356.700,3.90328711E+3,
356.8500,4.02305981E+3,
357.00,3.94534302E+3,
357.1500,4.24393896E+3,
357.300,3.83246899E+3,
357.4500,3.70320142E+3,
357.600,4.03386035E+3,
357.7500,3.93659351E+3,
357.900,3.94658643E+3,
358.0500,3.73926978E+3,
358.200,3.82178564E+3,
358.3500,3.77114063E+3,
358.500,3.88656177E+3,
358.6500,3.63725366E+3,
358.800,3.57202954E+3,
358.9500,3.53603735E+3,
359.100,3.72351416E+3,
359.2500,3.52623022E+3,
359.400,3.60918628E+3,
359.5500,3.46604932E+3,
359.700,3.62935449E+3,
359.8500,3.44787256E+3,
360.00,3.66866821E+3,
360.1500,3.58080737E+3,
360.300,3.63349951E+3,
360.4500,3.57633398E+3,
360.600,3.57087158E+3,
360.7500,3.63152173E+3,
360.900,3.53021582E+3,
361.0500,3.45912891E+3,
361.200,3.65011426E+3,
361.3500,3.56205981E+3,
361.500,3.47666821E+3,
361.6500,3.55065161E+3,
361.800,3.39499756E+3,
361.9500,3.60778345E+3,
362.100,3.57649341E+3,
362.2500,3.53063208E+3,
362.400,3.42516724E+3,
362.5500,3.61879272E+3,
362.700,3.42732349E+3,
362.8500,3.54239575E+3,
363.00,3.49936938E+3,
363.1500,3.43629565E+3,
363.300,3.58381909E+3,
363.4500,3.44141846E+3,
363.600,3.24660986E+3,
363.7500,3.44063647E+3,
363.900,3.51844873E+3,
364.0500,3.41740674E+3,
364.200,3.47170801E+3,
364.3500,3.45725488E+3,
364.500,3.39255347E+3,
364.6500,3.44478345E+3,
364.800,3.35436157E+3,
364.9500,3.55688354E+3,
365.100,3.37990942E+3,
365.2500,3.50469824E+3,
365.400,3.47568237E+3,
365.5500,3.35938867E+3,
365.700,3.34480176E+3,
365.8500,3.60357764E+3,
366.00,3.35749609E+3,
366.1500,3.37484253E+3,
366.300,3.53787500E+3,
366.4500,3.33092261E+3,
366.600,3.43863989E+3,
366.7500,3.33064453E+3,
366.900,3.42441431E+3,
367.0500,3.30723560E+3,
367.200,3.37176367E+3,
367.3500,3.23194775E+3,
367.500,3.30232031E+3,
367.6500,3.31436938E+3,
367.800,3.41351001E+3,
367.9500,3.42351392E+3,
368.100,3.46354126E+3,
368.2500,3.42991162E+3,
368.400,3.49253052E+3,
368.5500,3.36514673E+3,
368.700,3.40289697E+3,
368.8500,3.47113623E+3,
369.00,3.33896313E+3,
369.1500,3.22678174E+3,
369.300,3.53090918E+3,
369.4500,3.44925293E+3,
369.600,3.45119043E+3,
369.7500,3.30797290E+3,
369.900,3.34045728E+3,
370.0500,3.41588086E+3,
370.200,3.52627808E+3,
370.3500,3.40443945E+3,
370.500,3.38953931E+3,
370.6500,3.43061792E+3,
370.800,3.49387915E+3,
370.9500,3.43275610E+3,
371.100,3.52339624E+3,
371.2500,3.29431982E+3,
371.400,3.29281372E+3,
371.5500,3.34651099E+3,
371.700,3.35236963E+3,
371.8500,3.21918164E+3,
372.00,3.23088647E+3,
372.1500,3.31329517E+3,
372.300,3.28448242E+3,
372.4500,3.43915674E+3,
372.600,3.32159229E+3,
372.7500,3.36904834E+3,
372.900,3.43982617E+3,
373.0500,3.31413330E+3,
373.200,3.27518164E+3,
373.3500,3.18803516E+3,
373.500,3.26771704E+3,
373.6500,3.35072119E+3,
373.800,3.19102051E+3,
373.9500,3.20457593E+3,
374.100,3.30115234E+3,
374.2500,3.27489502E+3,
374.400,3.31601221E+3,
374.5500,3.19287915E+3,
374.700,3.38208179E+3,
374.8500,3.41413501E+3,
375.00,3.37944775E+3,
375.1500,3.09537329E+3,
375.300,3.41705298E+3,
375.4500,3.27197534E+3,
375.600,3.18150757E+3,
375.7500,3.30151782E+3,
375.900,3.13874048E+3,
376.0500,3.30167065E+3,
376.200,3.32942480E+3,
376.3500,3.20562769E+3,
376.500,3.16313965E+3,
376.6500,3.32150488E+3,
376.800,3.22430542E+3,
376.9500,3.20782056E+3,
377.100,3.26334570E+3,
377.2500,3.31886768E+3,
377.400,3.21114331E+3,
377.5500,3.23783032E+3,
377.700,3.30172607E+3,
377.8500,3.33503076E+3,
378.00,3.35983398E+3,
378.1500,3.13882422E+3,
378.300,3.26340186E+3,
378.4500,3.26334790E+3,
378.600,3.19793921E+3,
378.7500,3.10430957E+3,
378.900,3.23169067E+3,
379.0500,3.15163135E+3,
379.200,3.34166553E+3,
379.3500,3.07686108E+3,
379.500,3.18841724E+3,
379.6500,3.25654224E+3,
379.800,3.15885571E+3,
379.9500,3.13924048E+3,
380.100,3.17200024E+3,
380.2500,3.06594702E+3,
380.400,3.09852954E+3,
380.5500,3.19346899E+3,
380.700,3.10281812E+3,
380.8500,3.22699390E+3,
381.00,3.06802808E+3,
381.1500,3.18428271E+3,
381.300,2.96637354E+3,
381.4500,2.96710425E+3,
381.600,3.13006128E+3,
381.7500,3.06582715E+3,
381.900,2.99219092E+3,
382.0500,2.97188062E+3,
382.200,3.06874634E+3,
382.3500,3.11227490E+3,
382.500,2.98098755E+3,
382.6500,2.98463330E+3,
382.800,3.05535840E+3,
382.9500,3.04938208E+3,
383.100,3.00531396E+3,
383.2500,3.00907422E+3,
383.400,2.90673682E+3,
383.5500,2.90285645E+3,
383.700,2.80908154E+3,
383.8500,2.83541479E+3,
384.00,2.84125342E+3,
384.1500,2.80287012E+3,
384.300,2.63466602E+3,
384.4500,2.79389575E+3,
384.600,2.71069092E+3,
384.7500,2.90354517E+3,
384.900,2.80031445E+3,
385.0500,2.69109619E+3,
385.200,2.85301025E+3,
385.3500,2.86129419E+3,
385.500,2.90353198E+3,
385.6500,2.81630835E+3,
385.800,2.74483105E+3,
385.9500,2.85160547E+3,
386.100,2.74208936E+3,
386.2500,2.80262769E+3,
386.400,2.70892627E+3,
386.5500,2.76329224E+3,
386.700,2.77646802E+3,
386.8500,2.72744214E+3,
387.00,2.72254419E+3,
387.1500,2.65127686E+3,
387.300,2.80663452E+3,
387.4500,2.68432593E+3,
387.600,2.73390479E+3,
387.7500,2.75332764E+3,
387.900,2.60785669E+3,
388.0500,2.63930957E+3,
388.200,2.57479688E+3,
388.3500,2.61043896E+3,
388.500,2.61324976E+3,
388.6500,2.67402490E+3,
388.800,2.60263818E+3,
388.9500,2.70622363E+3,
389.100,2.73809082E+3,
389.2500,2.55727905E+3,
389.400,2.72900024E+3,
389.5500,2.70323853E+3,
389.700,2.70254272E+3,
389.8500,2.67554370E+3,
390.00,2.86636353E+3,
390.1500,2.65551147E+3,
390.300,2.59684766E+3,
390.4500,2.75057300E+3,
390.600,2.69782617E+3,
390.7500,2.82049658E+3,
390.900,2.62045850E+3,
391.0500,2.66230811E+3,
391.200,2.64250098E+3,
391.3500,2.55947998E+3,
391.500,2.60028027E+3,
391.6500,2.56639502E+3,
391.800,2.66299048E+3,
391.9500,2.52474634E+3,
392.100,2.61575830E+3,
392.2500,2.63108789E+3,
392.400,2.65495654E+3,
392.5500,2.65601831E+3,
392.700,2.59739233E+3,
392.8500,2.59573096E+3,
393.00,2.59409717E+3,
393.1500,2.71617236E+3,
393.300,2.74882642E+3,
393.4500,2.54563062E+3,
393.600,2.62784790E+3,
393.7500,2.72674585E+3,
393.900,2.56533765E+3,
394.0500,2.60629956E+3,
394.200,2.72512402E+3,
394.3500,2.62258423E+3,
394.500,2.55673071E+3,
394.6500,2.62635303E+3,
394.800,2.73196191E+3,
394.9500,2.65524048E+3,
395.100,2.65370703E+3,
395.2500,2.77962500E+3,
395.400,2.80976489E+3,
395.5500,2.77771802E+3,
395.700,2.65482983E+3,
395.8500,2.71402563E+3,
396.00,2.80192871E+3,
396.1500,2.73744043E+3,
396.300,2.76634155E+3,
396.4500,2.68436719E+3,
396.600,2.74064771E+3,
396.7500,2.80907666E+3,
396.900,2.74791772E+3,
397.0500,2.73874536E+3,
397.200,2.72300977E+3,
397.3500,2.75348218E+3,
397.500,2.76221802E+3,
397.6500,2.62611670E+3,
397.800,2.72021631E+3,
397.9500,2.58320142E+3,
398.100,2.64511670E+3,
398.2500,2.58176123E+3,
398.400,2.63297534E+3,
398.5500,2.61014429E+3,
398.700,2.51617969E+3,
398.8500,2.52844482E+3,
399.00,2.54338550E+3,
399.1500,2.48228174E+3,
399.300,2.57120630E+3,
399.4500,2.51021411E+3,
399.600,2.47606445E+3,
399.7500,2.37656445E+3,
399.900,2.57340430E+3,
400.0500,2.45533008E+3,
400.200,2.46464575E+3,
400.3500,2.34457446E+3,
400.500,2.44438135E+3,
400.6500,2.28449219E+3,
400.800,2.33604932E+3,
400.9500,2.41839331E+3,
401.100,2.31854102E+3,
401.2500,2.36262769E+3,
401.400,2.35117139E+3,
401.5500,2.34592749E+3,
401.700,2.31463452E+3,
401.8500,2.29572656E+3,
402.00,2.27231250E+3,
402.1500,2.35463574E+3,
402.300,2.51151514E+3,
402.4500,2.23220410E+3,
402.600,2.31278760E+3,
402.7500,2.26705493E+3,
402.900,2.34741528E+3,
403.0500,2.32451318E+3,
403.200,2.27289893E+3,
403.3500,2.39372485E+3,
403.500,2.27278369E+3,
403.6500,2.34661060E+3,
403.800,2.29684131E+3,
403.9500,2.31486792E+3,
404.100,2.26386157E+3,
404.2500,2.25201245E+3,
404.400,2.20577246E+3,
404.5500,2.23444727E+3,
404.700,2.17493896E+3,
404.8500,2.18273413E+3,
405.00,2.03555359E+3,
405.1500,2.22080371E+3,
405.300,2.06963721E+3,
405.4500,2.15347876E+3,
405.600,2.17781250E+3,
405.7500,2.05243750E+3,
405.900,2.01468884E+3,
406.0500,2.06869336E+3,
406.200,2.08266626E+3,
406.3500,2.04203333E+3,
406.500,1.89980859E+3,
406.6500,2.05530542E+3,
406.800,1.89428247E+3,
406.9500,1.94664319E+3,
407.100,1.83441333E+3,
407.2500,2.01702832E+3,
407.400,1.98693579E+3,
407.5500,2.04029395E+3,
407.700,1.96060254E+3,
407.8500,1.88256213E+3,
408.00,1.90529248E+3,
408.1500,1.93677148E+3,
408.300,1.90128394E+3,
408.4500,1.73945728E+3,
408.600,1.92202759E+3,
408.7500,1.84900195E+3,
408.900,1.89638293E+3,
409.0500,1.86994763E+3,
409.200,1.85095569E+3,
409.3500,1.85801514E+3,
409.500,1.80300122E+3,
409.6500,1.75818860E+3,
409.800,1.78840027E+3,
409.9500,1.77969446E+3,
410.100,1.86885266E+3,
410.2500,1.83137793E+3,
410.400,1.74083118E+3,
410.5500,1.79395837E+3,
410.700,1.79395142E+3,
410.8500,1.67502686E+3,
411.00,1.70806433E+3,
411.1500,1.65657129E+3,
411.300,1.70808752E+3,
411.4500,1.72525232E+3,
411.600,1.74668042E+3,
411.7500,1.72673328E+3,
411.900,1.72107483E+3,
412.0500,1.64994470E+3,
412.200,1.78660498E+3,
412.3500,1.72833630E+3,
412.500,1.66164783E+3,
412.6500,1.70860071E+3,
412.800,1.70869604E+3,
412.9500,1.67054333E+3,
413.100,1.59984241E+3,
413.2500,1.59572546E+3,
413.400,1.61282715E+3,
413.5500,1.58047644E+3,
413.700,1.53124988E+3,
413.8500,1.60056494E+3,
414.00,1.55423450E+3,
414.1500,1.54880432E+3,
414.300,1.61373682E+3,
414.4500,1.54221143E+3,
414.600,1.47501758E+3,
414.7500,1.63673962E+3,
414.900,1.64253064E+3,
415.0500,1.56425574E+3,
415.200,1.56740369E+3,
415.3500,1.61674792E+3,
415.500,1.65764063E+3,
415.6500,1.56009143E+3,
415.800,1.59120300E+3,
415.9500,1.51757288E+3,
416.100,1.58635657E+3,
416.2500,1.46124927E+3,
416.400,1.62753577E+3,
416.5500,1.60840857E+3,
416.700,1.51555286E+3,
416.8500,1.52713086E+3,
417.00,1.55816113E+3,
417.1500,1.53495227E+3,
417.300,1.55481458E+3,
417.4500,1.58020813E+3,
417.600,1.66103748E+3,
417.7500,1.54639624E+3,
417.900,1.60223364E+3,
418.0500,1.55145557E+3,
418.200,1.60727283E+3,
418.3500,1.61050085E+3,
418.500,1.71735327E+3,
418.6500,1.71638538E+3,
418.800,1.71404553E+3,
418.9500,1.76412781E+3,
419.100,1.87618201E+3,
419.2500,1.95091113E+3,
419.400,1.92366687E+3,
419.5500,2.01756897E+3,
419.700,1.89404834E+3,
419.8500,1.91639197E+3,
420.00,1.95108411E+3,
420.1500,2.01036279E+3,
420.300,1.82529248E+3,
420.4500,1.90379285E+3,
420.600,1.92874829E+3,
420.7500,1.89888049E+3,
420.900,1.91424011E+3,
421.0500,1.86801013E+3,
421.200,1.82184509E+3,
421.3500,1.91517236E+3,
421.500,1.93052771E+3,
421.6500,1.94723889E+3,
421.800,1.96257458E+3,
421.9500,1.99563354E+3,
422.100,1.83654895E+3,
422.2500,1.93524927E+3,
422.400,1.91262842E+3,
422.5500,1.91590442E+3,
422.700,1.91373853E+3,
422.8500,2.03675098E+3,
423.00,1.93934790E+3,
423.1500,1.96998926E+3,
423.300,1.99517859E+3,
423.4500,1.98095374E+3,
423.600,1.97896692E+3,
423.7500,1.89280066E+3,
423.900,1.98994043E+3,
424.0500,1.96625464E+3,
424.200,1.99549622E+3,
424.3500,2.10066846E+3,
424.500,1.98886292E+3,
424.6500,1.94760596E+3,
424.800,2.05270923E+3,
424.9500,1.98166626E+3,
425.100,1.90383411E+3,
425.2500,1.95732727E+3,
425.400,2.00672876E+3,
425.5500,1.89377759E+3,
425.700,1.97833386E+3,
425.8500,1.93036255E+3,
426.00,1.97296704E+3,
426.1500,1.92629712E+3,
426.300,1.84590894E+3,
426.4500,1.91001660E+3,
426.600,2.02940479E+3,
426.7500,1.80070789E+3,
426.900,2.01174597E+3,
427.0500,1.95581274E+3,
427.200,1.97683569E+3,
427.3500,1.92914526E+3,
427.500,1.90303320E+3,
427.6500,1.86482031E+3,
427.800,1.91143408E+3,
427.9500,1.87862878E+3,
428.100,1.91740820E+3,
428.2500,1.95496594E+3,
428.400,1.87816199E+3,
428.5500,1.91975513E+3,
428.700,1.93040332E+3,
428.8500,1.87648413E+3,
429.00,1.81046606E+3,
429.1500,1.86693323E+3,
429.300,1.84000671E+3,
429.4500,1.81711670E+3,
429.600,1.86820166E+3,
429.7500,1.74712866E+3,
429.900,1.82645801E+3,
430.0500,1.75371582E+3,
430.200,1.81124133E+3,
430.3500,2.01663647E+3,
430.500,1.81870435E+3,
430.6500,1.81840527E+3,
430.800,1.79929504E+3,
430.9500,1.81646887E+3,
431.100,1.79190076E+3,
431.2500,1.66926514E+3,
431.400,1.81118494E+3,
431.5500,1.78928064E+3,
431.700,1.80496387E+3,
431.8500,1.80320166E+3,
432.00,1.76254297E+3,
432.1500,1.79855896E+3,
432.300,1.78360791E+3,
432.4500,1.77670715E+3,
432.600,1.78723901E+3,
432.7500,1.70392590E+3,
432.900,1.73457288E+3,
433.0500,1.73583411E+3,
433.200,1.74669299E+3,
433.3500,1.69052234E+3,
433.500,1.73221460E+3,
433.6500,1.85436230E+3,
433.800,1.67347815E+3,
433.9500,1.70847083E+3,
434.100,1.72882629E+3,
434.2500,1.69692517E+3,
434.400,1.80588696E+3,
434.5500,1.76861694E+3,
434.700,1.64543689E+3,
434.8500,1.69806140E+3,
435.00,1.64866638E+3,
435.1500,1.70939661E+3,
435.300,1.79566541E+3,
435.4500,1.79330554E+3,
435.600,1.58806824E+3,
435.7500,1.80604700E+3,
435.900,1.62627075E+3,
436.0500,1.69514600E+3,
436.200,1.70897705E+3,
436.3500,1.65018726E+3,
436.500,1.69763965E+3,
436.6500,1.58768750E+3,
436.800,1.65532935E+3,
436.9500,1.67050171E+3,
437.100,1.71676038E+3,
437.2500,1.74424463E+3,
437.400,1.74614429E+3,
437.5500,1.63887305E+3,
437.700,1.72162463E+3,
437.8500,1.71676599E+3,
438.00,1.65659119E+3,
438.1500,1.66544519E+3,
438.300,1.76746924E+3,
438.4500,1.67640881E+3,
438.600,1.70148767E+3,
438.7500,1.67926172E+3,
438.900,1.78822034E+3,
439.0500,1.74713538E+3,
439.200,1.63845129E+3,
439.3500,1.70441479E+3,
439.500,1.75011292E+3,
439.6500,1.65072302E+3,
439.800,1.57971631E+3,
439.9500,1.58738342E+3,
440.100,1.64803931E+3,
440.2500,1.71555249E+3,
440.400,1.64712061E+3,
440.5500,1.63168311E+3,
440.700,1.59307629E+3,
440.8500,1.62390173E+3,
441.00,1.64657678E+3,
441.1500,1.58059094E+3,
441.300,1.50361755E+3,
441.4500,1.60129871E+3,
441.600,1.58297888E+3,
441.7500,1.52227502E+3,
441.900,1.55720837E+3,
442.0500,1.50469678E+3,
442.200,1.48647327E+3,
442.3500,1.50246191E+3,
442.500,1.54724426E+3,
442.6500,1.51802612E+3,
442.800,1.44348621E+3,
442.9500,1.47594214E+3,
443.100,1.45645544E+3,
443.2500,1.50030200E+3,
443.400,1.58137451E+3,
443.5500,1.48350635E+3,
443.700,1.38409119E+3,
443.8500,1.56734509E+3,
444.00,1.48715283E+3,
444.1500,1.43203186E+3,
444.300,1.48886707E+3,
444.4500,1.40868311E+3,
444.600,1.58483850E+3,
444.7500,1.55870093E+3,
444.900,1.45052698E+3,
445.0500,1.55923608E+3,
445.200,1.42197607E+3,
445.3500,1.40427954E+3,
445.500,1.41724597E+3,
445.6500,1.43303162E+3,
445.800,1.48244287E+3,
445.9500,1.38339746E+3,
446.100,1.41644873E+3,
446.2500,1.45544019E+3,
446.400,1.39735596E+3,
446.5500,1.40961035E+3,
446.700,1.44874792E+3,
446.8500,1.47809302E+3,
447.00,1.36145044E+3,
447.1500,1.38056934E+3,
447.300,1.43112439E+3,
447.4500,1.45190674E+3,
447.600,1.51002161E+3,
447.7500,1.32137012E+3,
447.900,1.43268457E+3,
448.0500,1.34030737E+3,
448.200,1.38361206E+3,
448.3500,1.43161389E+3,
448.500,1.39223621E+3,
448.6500,1.40683337E+3,
448.800,1.43921301E+3,
448.9500,1.43629150E+3,
449.100,1.47205920E+3,
449.2500,1.45956689E+3,
449.400,1.52216443E+3,
449.5500,1.57786096E+3,
449.700,1.83518372E+3,
449.8500,1.91007300E+3,
450.00,9.55138931E+1,
450.1500,9.44051743E+1,
450.300,1.41480255E+2,
450.4500,1.31195953E+2,
450.600,1.01985565E+2,
450.7500,1.22942497E+2,
450.900,1.04503738E+2,
451.0500,1.08000931E+2,
451.200,1.49307571E+2,
451.3500,1.46142700E+2,
451.500,1.74749939E+2,
451.6500,1.92240372E+2,
451.800,2.11322403E+2,
451.9500,2.11339172E+2,
452.100,2.61431824E+2,
452.2500,2.79232391E+2,
452.400,2.85890747E+2,
452.5500,3.06577057E+2,
452.700,3.11520081E+2,
452.8500,3.08673706E+2,
453.00,3.61468414E+2,
453.1500,3.29983215E+2,
453.300,3.33987549E+2,
453.4500,3.13705017E+2,
453.600,3.68990234E+2,
453.7500,3.96664856E+2,
453.900,3.76407104E+2,
454.0500,4.27231659E+2,
454.200,4.71205414E+2,
454.3500,4.41698883E+2,
454.500,4.58942871E+2,
454.6500,5.23422607E+2,
454.800,4.74217285E+2,
454.9500,4.76761719E+2,
455.100,5.45303467E+2,
455.2500,5.87603149E+2,
455.400,5.50143127E+2,
455.5500,5.80826721E+2,
455.700,5.59042969E+2,
455.8500,6.39647156E+2,
456.00,6.11046387E+2,
456.1500,6.49828552E+2,
456.300,7.18781555E+2,
456.4500,7.08682800E+2,
456.600,7.29009949E+2,
456.7500,7.51711914E+2,
456.900,7.92330566E+2,
457.0500,8.02815369E+2,
457.200,8.23539612E+2,
457.3500,8.37664917E+2,
457.500,7.93350403E+2,
457.6500,9.20922302E+2,
457.800,9.44324768E+2,
457.9500,9.10206604E+2,
458.100,9.52205994E+2,
458.2500,1.02957788E+3,
458.400,9.76302490E+2,
458.5500,9.56520447E+2,
458.700,1.01454779E+3,
458.8500,9.52622620E+2,
459.00,9.63340393E+2,
459.1500,8.83414429E+2,
459.300,9.49227356E+2,
459.4500,9.34033203E+2,
459.600,9.37835693E+2,
459.7500,1.02712207E+3,
459.900,9.26752014E+2,
460.0500,9.70132385E+2,
460.200,9.75173157E+2,
460.3500,9.05413696E+2,
460.500,1.04361841E+3,
460.6500,1.05747766E+3,
460.800,1.07465356E+3,
460.9500,1.10981091E+3,
461.100,1.04700842E+3,
461.2500,1.13532959E+3,
461.400,1.14471191E+3,
461.5500,1.22095178E+3,
461.700,1.26112268E+3,
461.8500,1.33204150E+3,
462.00,1.34621875E+3,
462.1500,1.37640088E+3,
462.300,1.50626245E+3,
462.4500,1.58398511E+3,
462.600,1.53802869E+3,
462.7500,1.52281140E+3,
462.900,1.53264880E+3,
463.0500,1.45065845E+3,
463.200,1.35213147E+3,
463.3500,1.37682336E+3,
463.500,1.39067444E+3,
463.6500,1.27163416E+3,
463.800,1.19272302E+3,
463.9500,1.27733203E+3,
464.100,1.24471326E+3,
464.2500,1.27284204E+3,
464.400,1.22459277E+3,
464.5500,1.20193176E+3,
464.700,1.18254285E+3,
464.8500,1.25272839E+3,
465.00,1.08836584E+3,
465.1500,1.18920911E+3,
465.300,1.10337036E+3,
465.4500,1.15682861E+3,
465.600,1.17047034E+3,
465.7500,1.23093811E+3,
465.900,1.27977344E+3,
466.0500,1.26940698E+3,
466.200,1.36294922E+3,
466.3500,1.35894629E+3,
466.500,1.46658643E+3,
466.6500,1.64618103E+3,
466.800,1.87063550E+3,
466.9500,2.09756885E+3,
467.100,2.23572974E+3,
467.2500,2.39215674E+3,
467.400,2.40158228E+3,
467.5500,2.27580420E+3,
467.700,2.06747681E+3,
467.8500,1.99759717E+3,
468.00,1.85849377E+3,
468.1500,1.83828003E+3,
468.300,1.70709375E+3,
468.4500,1.65147510E+3,
468.600,1.56039539E+3,
468.7500,1.47051709E+3,
468.900,1.56242859E+3,
469.0500,1.45356897E+3,
469.200,1.47978687E+3,
469.3500,1.47965637E+3,
469.500,1.43503455E+3,
469.6500,1.48446545E+3,
469.800,1.48535876E+3,
469.9500,1.49230994E+3,
470.100,1.42580383E+3,
470.2500,1.44209424E+3,
470.400,1.32542444E+3,
470.5500,1.46557166E+3,
470.700,1.33494861E+3,
470.8500,1.39550830E+3,
471.00,1.29824390E+3,
471.1500,1.29472620E+3,
471.300,1.21590979E+3,
471.4500,1.28569934E+3,
471.600,1.22300427E+3,
471.7500,1.25864380E+3,
471.900,1.31531177E+3,
472.0500,1.29784912E+3,
472.200,1.17332153E+3,
472.3500,1.21514246E+3,
472.500,1.27998230E+3,
472.6500,1.33578381E+3,
472.800,1.37954944E+3,
472.9500,1.60546387E+3,
473.100,1.64225671E+3,
473.2500,1.84219897E+3,
473.400,2.03709387E+3,
473.5500,1.90480725E+3,
473.700,1.79655872E+3,
473.8500,1.52230310E+3,
474.00,1.31711511E+3,
474.1500,1.43510632E+3,
474.300,1.32108057E+3,
474.4500,1.32506323E+3,
474.600,1.30904529E+3,
474.7500,1.33002881E+3,
474.900,1.28801123E+3,
475.0500,1.32203418E+3,
475.200,1.21512524E+3,
475.3500,1.33423999E+3,
475.500,1.37535266E+3,
475.6500,1.34144617E+3,
475.800,1.34955115E+3,
475.9500,1.40167786E+3,
476.100,1.35181274E+3,
476.2500,1.41504590E+3,
476.400,1.36920044E+3,
476.5500,1.34135938E+3,
476.700,1.43064465E+3,
476.8500,1.40480542E+3,
477.00,1.41300623E+3,
477.1500,1.42333484E+3,
477.300,1.50880627E+3,
477.4500,1.50713232E+3,
477.600,1.53853174E+3,
477.7500,1.49675952E+3,
477.900,1.61941626E+3,
478.0500,1.60277710E+3,
478.200,1.62136829E+3,
478.3500,1.62892896E+3,
478.500,1.72283472E+3,
478.6500,1.63301038E+3,
478.800,1.63655615E+3,
478.9500,1.64914600E+3,
479.100,1.63069263E+3,
479.2500,1.61831250E+3,
479.400,1.62000586E+3,
479.5500,1.69417529E+3,
479.700,1.65259155E+3,
479.8500,1.74395752E+3,
480.00,1.75778760E+3,
480.1500,1.67589343E+3,
480.300,1.88244250E+3,
480.4500,2.02054199E+3,
480.600,2.02648828E+3,
480.7500,2.04657776E+3,
480.900,2.12428491E+3,
481.0500,2.24855103E+3,
481.200,2.31119214E+3,
481.3500,2.21805054E+3,
481.500,2.13697485E+3,
481.6500,2.11861646E+3,
481.800,2.16204028E+3,
481.9500,2.18725171E+3,
482.100,2.22066040E+3,
482.2500,2.16789966E+3,
482.400,2.17395166E+3,
482.5500,2.29778784E+3,
482.700,2.35468555E+3,
482.8500,2.25410571E+3,
483.00,2.25815503E+3,
483.1500,2.27566797E+3,
483.300,2.19955273E+3,
483.4500,2.32397241E+3,
483.600,2.15200830E+3,
483.7500,2.06752954E+3,
483.900,2.12168018E+3,
484.0500,2.01264563E+3,
484.200,2.17013159E+3,
484.3500,2.03146387E+3,
484.500,2.16357983E+3,
484.6500,2.01858887E+3,
484.800,2.03925940E+3,
484.9500,1.96980737E+3,
485.100,1.93213818E+3,
485.2500,2.01036633E+3,
485.400,1.95731592E+3,
485.5500,1.88467419E+3,
485.700,1.96198169E+3,
485.8500,1.96019629E+3,
486.00,2.03867322E+3,
486.1500,1.97416479E+3,
486.300,2.03837695E+3,
486.4500,2.07792139E+3,
486.600,2.05766064E+3,
486.7500,2.23253223E+3,
486.900,2.12140356E+3,
487.0500,2.30682764E+3,
487.200,2.38891016E+3,
487.3500,2.57460620E+3,
487.500,2.80091504E+3,
487.6500,3.16326050E+3,
487.800,3.48765332E+3,
487.9500,4.03552026E+3,
488.100,4.52160645E+3,
488.2500,5.02893799E+3,
488.400,5.38194043E+3,
488.5500,5.65003564E+3,
488.700,5.56047168E+3,
488.8500,5.29589893E+3,
489.00,5.20185596E+3,
489.1500,4.70901953E+3,
489.300,4.37198779E+3,
489.4500,4.23697656E+3,
489.600,4.26572949E+3,
489.7500,4.19001660E+3,
489.900,4.54391602E+3,
490.0500,4.95394727E+3,
490.200,5.18183936E+3,
490.3500,5.88788428E+3,
490.500,6.07695654E+3,
490.6500,6.75219727E+3,
490.800,6.98628613E+3,
490.9500,7.48136621E+3,
491.100,7.69258350E+3,
491.2500,8.09385352E+3,
491.400,8.51684277E+3,
491.5500,8.79287109E+3,
491.700,9.39228809E+3,
491.8500,9.56697363E+3,
492.00,9.54210742E+3,
492.1500,9.06329883E+3,
492.300,9.23490234E+3,
492.4500,8.73908496E+3,
492.600,8.26999707E+3,
492.7500,7.60585254E+3,
492.900,7.46329736E+3,
493.0500,7.14711719E+3,
493.200,6.83455713E+3,
493.3500,6.52893750E+3,
493.500,6.60861377E+3,
493.6500,5.99406299E+3,
493.800,6.03711377E+3,
493.9500,5.78966016E+3,
494.100,5.64440576E+3,
494.2500,5.57164600E+3,
494.400,5.50197070E+3,
494.5500,5.64538672E+3,
494.700,5.47697900E+3,
494.8500,5.59587354E+3,
495.00,5.53345020E+3,
495.1500,5.48511377E+3,
495.300,5.52487402E+3,
495.4500,5.46565430E+3,
495.600,5.34492432E+3,
495.7500,5.53984473E+3,
495.900,5.54732959E+3,
496.0500,5.48480176E+3,
496.200,5.33604736E+3,
496.3500,5.04641846E+3,
496.500,5.07235254E+3,
496.6500,5.00297656E+3,
496.800,4.93671582E+3,
496.9500,4.85730518E+3,
497.100,4.73344580E+3,
497.2500,4.71708838E+3,
497.400,4.44823975E+3,
497.5500,4.63195264E+3,
497.700,4.62630615E+3,
497.8500,4.59553516E+3,
498.00,4.68699951E+3,
498.1500,4.61584961E+3,
498.300,4.48328564E+3,
498.4500,4.44463623E+3,
498.600,4.40260938E+3,
498.7500,4.51077686E+3,
498.900,4.42807568E+3,
499.0500,4.24962109E+3,
499.200,4.12586914E+3,
499.3500,4.17692334E+3,
499.500,4.00656860E+3,
499.6500,3.89103784E+3,
499.800,3.79846704E+3,
499.9500,3.66041797E+3,
500.100,3.63605298E+3,
500.2500,3.43787573E+3,
500.400,3.34789819E+3,
500.5500,3.27548608E+3,
500.700,2.99761841E+3,
500.8500,3.02582495E+3,
501.00,2.89397339E+3,
501.1500,2.77521680E+3,
501.300,2.70635889E+3,
501.4500,2.66858374E+3,
501.600,2.48904272E+3,
501.7500,2.64975293E+3,
501.900,2.48998340E+3,
502.0500,2.37691357E+3,
502.200,2.34537427E+3,
502.3500,2.40004834E+3,
502.500,2.31126416E+3,
502.6500,2.18977124E+3,
502.800,2.33092407E+3,
502.9500,2.28455273E+3,
503.100,2.27867969E+3,
503.2500,2.21088110E+3,
503.400,2.11026270E+3,
503.5500,2.15162012E+3,
503.700,2.22353320E+3,
503.8500,2.08872656E+3,
504.00,2.14033203E+3,
504.1500,2.18870752E+3,
504.300,2.17596338E+3,
504.4500,2.17793433E+3,
504.600,2.33090430E+3,
504.7500,2.46482227E+3,
504.900,2.43291064E+3,
505.0500,2.54210596E+3,
505.200,2.60706738E+3,
505.3500,2.67213550E+3,
505.500,2.75215039E+3,
505.6500,2.95454712E+3,
505.800,2.97089746E+3,
505.9500,3.17840552E+3,
506.100,3.35430200E+3,
506.2500,3.65325781E+3,
506.400,3.87126587E+3,
506.5500,4.25278955E+3,
506.700,4.71204053E+3,
506.8500,5.12493018E+3,
507.00,5.53625244E+3,
507.1500,6.01223389E+3,
507.300,6.16594971E+3,
507.4500,6.39735693E+3,
507.600,6.45802979E+3,
507.7500,6.62298535E+3,
507.900,6.34094189E+3,
508.0500,6.09670947E+3,
508.200,5.88004980E+3,
508.3500,5.30840381E+3,
508.500,5.01131934E+3,
508.6500,4.65304102E+3,
508.800,4.23221924E+3,
508.9500,4.05327930E+3,
509.100,3.78511426E+3,
509.2500,3.40995825E+3,
509.400,3.63102783E+3,
509.5500,3.27956030E+3,
509.700,3.30269897E+3,
509.8500,3.13685889E+3,
510.00,3.08467065E+3,
510.1500,3.13806665E+3,
510.300,3.16211694E+3,
510.4500,3.13199609E+3,
510.600,3.23743921E+3,
510.7500,3.34896289E+3,
510.900,3.31653027E+3,
511.0500,3.18707104E+3,
511.200,3.15564014E+3,
511.3500,2.86942212E+3,
511.500,2.84118115E+3,
511.6500,2.39154028E+3,
511.800,2.30102612E+3,
511.9500,2.12949048E+3,
512.100,2.06007861E+3,
512.2500,1.93101160E+3,
512.400,1.83030884E+3,
512.5500,1.69479358E+3,
512.700,1.68206421E+3,
512.8500,1.69561096E+3,
513.00,1.61821228E+3,
513.1500,1.49284790E+3,
513.300,1.53872534E+3,
513.4500,1.41301550E+3,
513.600,1.38198328E+3,
513.7500,1.46034985E+3,
513.900,1.30165515E+3,
514.0500,1.27885962E+3,
514.200,1.22468274E+3,
514.3500,1.17280347E+3,
514.500,1.27678296E+3,
514.6500,1.14738074E+3,
514.800,1.16309375E+3,
514.9500,1.13881335E+3,
515.100,1.19945959E+3,
515.2500,1.10345569E+3,
515.400,1.12890222E+3,
515.5500,1.02896973E+3,
515.700,1.04463208E+3,
515.8500,1.01639551E+3,
516.00,1.01130444E+3,
516.1500,1.02821545E+3,
516.300,1.01088812E+3,
516.4500,9.66571594E+2,
516.600,1.04233765E+3,
516.7500,9.73405945E+2,
516.900,9.90343628E+2,
517.0500,1.04299194E+3,
517.200,9.68957581E+2,
517.3500,9.61320129E+2,
517.500,9.82038696E+2,
517.6500,8.99058289E+2,
517.800,1.00999188E+3,
517.9500,9.35526489E+2,
518.100,9.35247803E+2,
518.2500,9.68454895E+2,
518.400,9.62005066E+2,
518.5500,8.74770447E+2,
518.700,9.03031433E+2,
518.8500,9.18895081E+2,
519.00,9.97106689E+2,
519.1500,9.23303284E+2,
519.300,9.38019958E+2,
519.4500,8.61489014E+2,
519.600,8.48627563E+2,
519.7500,8.57036316E+2,
519.900,8.89290894E+2,
520.0500,8.52563049E+2,
520.200,8.32118896E+2,
520.3500,8.29243286E+2,
520.500,8.26358032E+2,
520.6500,8.97864990E+2,
520.800,8.78628601E+2,
520.9500,8.23963135E+2,
521.100,8.12183594E+2,
521.2500,8.87755066E+2,
521.400,8.64598328E+2,
521.5500,8.02047668E+2,
521.700,8.24480042E+2,
521.8500,7.65566101E+2,
522.00,8.22372009E+2,
522.1500,7.92638489E+2,
522.300,7.93455505E+2,
522.4500,7.75117371E+2,
522.600,8.38547485E+2,
522.7500,8.25329407E+2,
522.900,7.97991760E+2,
523.0500,7.80867188E+2,
523.200,8.43316772E+2,
523.3500,7.19577209E+2,
523.500,8.03955750E+2,
523.6500,7.46864441E+2,
523.800,8.26288574E+2,
523.9500,7.69093445E+2,
524.100,7.68623474E+2,
524.2500,8.00484619E+2,
524.400,7.45674500E+2,
524.5500,8.22930908E+2,
524.700,8.08238770E+2,
524.8500,7.84420715E+2,
525.00,8.13852661E+2,
525.1500,7.92561340E+2,
525.300,8.09002380E+2,
525.4500,7.73311646E+2,
525.600,9.13772766E+2,
525.7500,8.14080505E+2,
525.900,8.93383606E+2,
526.0500,9.27028687E+2,
526.200,9.07026672E+2,
526.3500,8.46303833E+2,
526.500,9.57514893E+2,
526.6500,9.46674927E+2,
526.800,1.01346283E+3,
526.9500,9.47313721E+2,
527.100,9.49677490E+2,
527.2500,9.61321167E+2,
527.400,1.03644336E+3,
527.5500,1.01643915E+3,
527.700,1.00168640E+3,
527.8500,1.03597498E+3,
528.00,1.00393848E+3,
528.1500,9.65221130E+2,
528.300,1.08613416E+3,
528.4500,1.06073926E+3,
528.600,1.06329688E+3,
528.7500,1.10993298E+3,
528.900,1.16068347E+3,
529.0500,1.06293750E+3,
529.200,1.13381665E+3,
529.3500,1.25851672E+3,
529.500,1.13499854E+3,
529.6500,1.27207043E+3,
529.800,1.19809082E+3,
529.9500,1.23579944E+3,
530.100,1.15080103E+3,
530.2500,1.21282043E+3,
530.400,1.25604077E+3,
530.5500,1.32506409E+3,
530.700,1.20318555E+3,
530.8500,1.24787610E+3,
531.00,1.30895142E+3,
531.1500,1.38105432E+3,
531.300,1.35669165E+3,
531.4500,1.34998157E+3,
531.600,1.37325232E+3,
531.7500,1.49759033E+3,
531.900,1.50739270E+3,
532.0500,1.52133984E+3,
532.200,1.52988879E+3,
532.3500,1.53433594E+3,
532.500,1.49486108E+3,
532.6500,1.62019824E+3,
532.800,1.50917932E+3,
532.9500,1.53563538E+3,
533.100,1.44223523E+3,
533.2500,1.43974451E+3,
533.400,1.54227222E+3,
533.5500,1.43887903E+3,
533.700,1.44189905E+3,
533.8500,1.44214624E+3,
534.00,1.39102283E+3,
534.1500,1.47461255E+3,
534.300,1.41506995E+3,
534.4500,1.38185425E+3,
534.600,1.41131250E+3,
534.7500,1.35985486E+3,
534.900,1.39493518E+3,
535.0500,1.34052795E+3,
535.200,1.34342151E+3,
535.3500,1.42905786E+3,
535.500,1.36886584E+3,
535.6500,1.50952478E+3,
535.800,1.38455176E+3,
535.9500,1.46495654E+3,
536.100,1.50465063E+3,
536.2500,1.50490588E+3,
536.400,1.54190173E+3,
536.5500,1.43748669E+3,
536.700,1.56229492E+3,
536.8500,1.63206995E+3,
537.00,1.62108008E+3,
537.1500,1.79061169E+3,
537.300,1.72861462E+3,
537.4500,1.70920166E+3,
537.600,1.79383069E+3,
537.7500,1.73303406E+3,
537.900,1.71639819E+3,
538.0500,1.72547412E+3,
538.200,1.72598047E+3,
538.3500,1.59742432E+3,
538.500,1.60064514E+3,
538.6500,1.59668176E+3,
538.800,1.50493762E+3,
538.9500,1.45763586E+3,
539.100,1.39870264E+3,
539.2500,1.41614880E+3,
539.400,1.35847900E+3,
539.5500,1.43088611E+3,
539.700,1.41654553E+3,
539.8500,1.36156616E+3,
540.00,1.40081531E+3,
540.1500,1.45040259E+3,
540.300,1.29785352E+3,
540.4500,1.31246484E+3,
540.600,1.21481067E+3,
540.7500,1.35929187E+3,
540.900,1.16206055E+3,
541.0500,1.28339917E+3,
541.200,1.32592126E+3,
541.3500,1.23505688E+3,
541.500,1.33928857E+3,
541.6500,1.26439050E+3,
541.800,1.31295398E+3,
541.9500,1.44856958E+3,
542.100,1.50335095E+3,
542.2500,1.31602271E+3,
542.400,1.43139526E+3,
542.5500,1.32496436E+3,
542.700,1.41985144E+3,
542.8500,1.38437537E+3,
543.00,1.40823218E+3,
543.1500,1.44998767E+3,
543.300,1.39207788E+3,
543.4500,1.39961633E+3,
543.600,1.38179797E+3,
543.7500,1.42219617E+3,
543.900,1.28769702E+3,
544.0500,1.37747522E+3,
544.200,1.35952051E+3,
544.3500,1.35202429E+3,
544.500,1.35952869E+3,
544.6500,1.24823669E+3,
544.800,1.38511011E+3,
544.9500,1.33086523E+3,
545.100,1.28406665E+3,
545.2500,1.29457361E+3,
545.400,1.30661206E+3,
545.5500,1.26871033E+3,
545.700,1.26406458E+3,
545.8500,1.42024243E+3,
546.00,1.34738757E+3,
546.1500,1.24253308E+3,
546.300,1.31252795E+3,
546.4500,1.35524451E+3,
546.600,1.41789758E+3,
546.7500,1.31566235E+3,
546.900,1.36922729E+3,
547.0500,1.26058228E+3,
547.200,1.34188794E+3,
547.3500,1.30208533E+3,
547.500,1.43128979E+3,
547.6500,1.26065173E+3,
547.800,1.30226563E+3,
547.9500,1.41032776E+3,
548.100,1.39505896E+3,
548.2500,1.30395581E+3,
548.400,1.34271509E+3,
548.5500,1.36915723E+3,
548.700,1.37547791E+3,
548.8500,1.42843762E+3,
549.00,1.44572668E+3,
549.1500,1.35552405E+3,
549.300,1.33685669E+3,
549.4500,1.32751135E+3,
549.600,1.38224646E+3,
549.7500,1.41831995E+3,
549.900,1.36983862E+3,
550.0500,1.53464136E+3,
550.200,1.50659180E+3,
550.3500,1.62631665E+3,
550.500,1.52428577E+3,
550.6500,1.61434570E+3,
550.800,1.49626672E+3,
550.9500,1.66075940E+3,
551.100,1.74495081E+3,
551.2500,1.62343555E+3,
551.400,1.67922778E+3,
551.5500,1.71291626E+3,
551.700,1.72283740E+3,
551.8500,1.71686243E+3,
552.00,1.72201807E+3,
552.1500,1.66186243E+3,
552.300,1.53129883E+3,
552.4500,1.56668091E+3,
552.600,1.61814539E+3,
552.7500,1.61043506E+3,
552.900,1.50644263E+3,
553.0500,1.60782275E+3,
553.200,1.61944922E+3,
553.3500,1.41533521E+3,
553.500,1.33162488E+3,
553.6500,1.41557190E+3,
553.800,1.39144006E+3,
553.9500,1.44005676E+3,
554.100,1.24741431E+3,
554.2500,1.40303064E+3,
554.400,1.42748022E+3,
554.5500,1.38694373E+3,
554.700,1.40653821E+3,
554.8500,1.39357568E+3,
555.00,1.36915283E+3,
555.1500,1.26786755E+3,
555.300,1.42479041E+3,
555.4500,1.45433972E+3,
555.600,1.36261353E+3,
555.7500,1.40856396E+3,
555.900,1.30669165E+3,
556.0500,1.43496191E+3,
556.200,1.30982520E+3,
556.3500,1.34603784E+3,
556.500,1.32618042E+3,
556.6500,1.37737170E+3,
556.800,1.46509900E+3,
556.9500,1.33756262E+3,
557.100,1.35078503E+3,
557.2500,1.41222400E+3,
557.400,1.38564417E+3,
557.5500,1.41561853E+3,
557.700,1.32894055E+3,
557.8500,1.29547046E+3,
558.00,1.34381470E+3,
558.1500,1.33709375E+3,
558.300,1.39234302E+3,
558.4500,1.40410706E+3,
558.600,1.34535095E+3,
558.7500,1.30662585E+3,
558.900,1.36713892E+3,
559.0500,1.43960999E+3,
559.200,1.31819214E+3,
559.3500,1.38235767E+3,
559.500,1.30962366E+3,
559.6500,1.31293970E+3,
559.800,1.26537097E+3,
559.9500,1.14635266E+3,
560.100,1.29910059E+3,
560.2500,1.17982300E+3,
560.400,1.21536450E+3,
560.5500,1.17760046E+3,
560.700,1.04405029E+3,
560.8500,1.08980713E+3,
561.00,1.05345093E+3,
561.1500,1.02556445E+3,
561.300,9.71850342E+2,
561.4500,1.06928625E+3,
561.600,1.04302661E+3,
561.7500,1.10803125E+3,
561.900,9.85132324E+2,
562.0500,9.58670227E+2,
562.200,9.92678772E+2,
562.3500,9.59237061E+2,
562.500,8.97975220E+2,
562.6500,9.51114136E+2,
562.800,8.39296265E+2,
562.9500,8.87266052E+2,
563.100,8.69205200E+2,
563.2500,7.69146973E+2,
563.400,8.50448181E+2,
563.5500,7.74585449E+2,
563.700,8.52590759E+2,
563.8500,7.64263123E+2,
564.00,7.98567627E+2,
564.1500,7.87339478E+2,
564.300,7.60238647E+2,
564.4500,7.43635925E+2,
564.600,7.48159363E+2,
564.7500,8.19833313E+2,
564.900,7.41310425E+2,
565.0500,6.87370361E+2,
565.200,7.68088318E+2,
565.3500,7.12247009E+2,
565.500,7.70080444E+2,
565.6500,7.26556702E+2,
565.800,8.11298035E+2,
565.9500,7.62352783E+2,
566.100,7.25747803E+2,
566.2500,7.19454468E+2,
566.400,7.61522644E+2,
566.5500,6.67347778E+2,
566.700,6.91487976E+2,
566.8500,7.48050232E+2,
567.00,6.62518127E+2,
567.1500,7.02951904E+2,
567.300,7.84982544E+2,
567.4500,7.20863037E+2,
567.600,7.39794556E+2,
567.7500,7.42469666E+2,
567.900,7.56026489E+2,
568.0500,8.20457947E+2,
568.200,6.72450317E+2,
568.3500,7.27876709E+2,
568.500,8.21698975E+2,
568.6500,7.57045288E+2,
568.800,7.70765747E+2,
568.9500,7.38800171E+2,
569.100,7.50721375E+2,
569.2500,7.29682434E+2,
569.400,7.19601196E+2,
569.5500,7.44414063E+2,
569.700,7.87691833E+2,
569.8500,8.16334412E+2,
570.00,7.15891174E+2,
570.1500,7.94348572E+2,
570.300,7.93461670E+2,
570.4500,8.33309937E+2,
570.600,7.28636475E+2,
570.7500,7.79634155E+2,
570.900,7.73138611E+2,
571.0500,7.88937866E+2,
571.200,7.41405640E+2,
571.3500,7.12411499E+2,
571.500,7.97240173E+2,
571.6500,6.89732483E+2,
571.800,6.68058167E+2,
571.9500,7.38130920E+2,
572.100,7.52117798E+2,
572.2500,6.51600830E+2,
572.400,7.21926697E+2,
572.5500,7.34065918E+2,
572.700,7.76382202E+2,
572.8500,7.39556091E+2,
573.00,7.78194580E+2,
573.1500,6.86487549E+2,
573.300,7.55496826E+2,
573.4500,7.31779480E+2,
573.600,6.96612122E+2,
573.7500,7.20269775E+2,
573.900,7.11636047E+2,
574.0500,7.14410278E+2,
574.200,6.77137390E+2,
574.3500,6.64597290E+2,
574.500,7.30419922E+2,
574.6500,7.44711548E+2,
574.800,7.97369385E+2,
574.9500,7.94500000E+2,
575.100,7.76253967E+2,
575.2500,7.63734253E+2,
575.400,8.16669250E+2,
575.5500,7.27024414E+2,
575.700,7.95484253E+2,
575.8500,7.46186096E+2,
576.00,8.20635742E+2,
576.1500,8.17771301E+2,
576.300,8.32358093E+2,
576.4500,7.75101685E+2,
576.600,7.54656433E+2,
576.7500,8.27632141E+2,
576.900,7.23356628E+2,
577.0500,9.38964355E+2,
577.200,7.97411316E+2,
577.3500,8.53151001E+2,
577.500,9.10979431E+2,
577.6500,8.86562988E+2,
577.800,9.42598022E+2,
577.9500,8.84731384E+2,
578.100,9.94008240E+2,
578.2500,9.26165955E+2,
578.400,9.50888489E+2,
578.5500,1.00923853E+3,
578.700,1.02224097E+3,
578.8500,1.02141254E+3,
579.00,9.01676453E+2,
579.1500,9.24515564E+2,
579.300,9.21582214E+2,
579.4500,9.08697693E+2,
579.600,9.51518860E+2,
579.7500,9.46604187E+2,
579.900,8.77833008E+2,
580.0500,9.12776428E+2,
580.200,9.39822449E+2,
580.3500,8.76840942E+2,
580.500,1.02615820E+3,
580.6500,1.03335303E+3,
580.800,9.72260559E+2,
580.9500,9.41192627E+2,
581.100,9.40280212E+2,
581.2500,9.49456116E+2,
581.400,9.52596436E+2,
581.5500,9.41595825E+2,
581.700,1.05396814E+3,
581.8500,9.27609680E+2,
582.00,1.01386224E+3,
582.1500,1.07802332E+3,
582.300,1.13826953E+3,
582.4500,1.06841333E+3,
582.600,1.01264740E+3,
582.7500,1.02202258E+3,
582.900,9.45636169E+2,
583.0500,1.02243378E+3,
583.200,1.11376111E+3,
583.3500,1.15815967E+3,
583.500,1.07336548E+3,
583.6500,1.10959644E+3,
583.800,1.07596216E+3,
583.9500,1.09373816E+3,
584.100,1.14456042E+3,
584.2500,1.16866602E+3,
584.400,1.02951074E+3,
584.5500,1.31846106E+3,
584.700,1.15841858E+3,
584.8500,1.16396851E+3,
585.00,1.21107434E+3,
585.1500,1.12308850E+3,
585.300,1.17439990E+3,
585.4500,1.26127148E+3,
585.600,1.24189624E+3,
585.7500,1.27262354E+3,
585.900,1.35990845E+3,
586.0500,1.30285132E+3,
586.200,1.33790259E+3,
586.3500,1.31424561E+3,
586.500,1.42084363E+3,
586.6500,1.36565515E+3,
586.800,1.41145410E+3,
586.9500,1.34557446E+3,
587.100,1.33865356E+3,
587.2500,1.38666895E+3,
587.400,1.54694775E+3,
587.5500,1.57411035E+3,
587.700,1.62254016E+3,
587.8500,1.74538977E+3,
588.00,1.67506860E+3,
588.1500,1.60886816E+3,
588.300,1.70443188E+3,
588.4500,1.72128906E+3,
588.600,1.75953162E+3,
588.7500,1.75296167E+3,
588.900,1.69714856E+3,
589.0500,1.77407507E+3,
589.200,1.83193665E+3,
589.3500,1.90281323E+3,
589.500,1.87924243E+3,
589.6500,1.81901575E+3,
589.800,1.90950415E+3,
589.9500,1.84052881E+3,
590.100,2.09556006E+3,
590.2500,2.03764111E+3,
590.400,1.96224304E+3,
590.5500,2.01025403E+3,
590.700,2.16477368E+3,
590.8500,2.19575464E+3,
591.00,2.08314087E+3,
591.1500,2.28416724E+3,
591.300,2.45951367E+3,
591.4500,2.52167651E+3,
591.600,2.64525269E+3,
591.7500,2.55224951E+3,
591.900,2.71564893E+3,
592.0500,2.77177637E+3,
592.200,2.93567773E+3,
592.3500,3.01630273E+3,
592.500,3.12136108E+3,
592.6500,3.29287598E+3,
592.800,3.19520947E+3,
592.9500,3.49552441E+3,
593.100,3.35799170E+3,
593.2500,3.78120410E+3,
593.400,3.48602246E+3,
593.5500,3.57025781E+3,
593.700,3.62797876E+3,
593.8500,3.42732715E+3,
594.00,3.80626978E+3,
594.1500,3.71293311E+3,
594.300,3.76697314E+3,
594.4500,3.66211572E+3,
594.600,3.51660254E+3,
594.7500,3.61771851E+3,
594.900,3.60890820E+3,
595.0500,3.45603101E+3,
595.200,3.51028687E+3,
595.3500,3.40664478E+3,
595.500,3.48807959E+3,
595.6500,3.56066699E+3,
595.800,3.43850146E+3,
595.9500,3.46125928E+3,
596.100,3.69313330E+3,
596.2500,3.63658545E+3,
596.400,3.85788062E+3,
596.5500,3.90405005E+3,
596.700,3.55507080E+3,
596.8500,3.88690723E+3,
597.00,3.90576880E+3,
597.1500,4.01636548E+3,
597.300,4.37068506E+3,
597.4500,4.17858350E+3,
597.600,4.23695898E+3,
597.7500,4.44072900E+3,
597.900,4.16481250E+3,
598.0500,4.69953760E+3,
598.200,4.60603906E+3,
598.3500,4.74635596E+3,
598.500,4.82668164E+3,
598.6500,4.85840527E+3,
598.800,4.99720605E+3,
598.9500,5.05714795E+3,
599.100,5.15466797E+3,
599.2500,5.18008789E+3,
599.400,5.24063672E+3,
599.5500,5.13506787E+3,
599.700,5.39731738E+3,
599.8500,5.47945654E+3,
600.00,5.28205615E+3,
600.1500,5.38610107E+3,
600.300,5.58235596E+3,
600.4500,5.56432422E+3,
600.600,5.69752002E+3,
600.7500,5.55644629E+3,
600.900,5.61410400E+3,
601.0500,5.85258643E+3,
601.200,5.52632666E+3,
601.3500,5.77300000E+3,
601.500,5.53381543E+3,
601.6500,5.99861035E+3,
601.800,6.10112793E+3,
601.9500,6.38126660E+3,
602.100,6.15832959E+3,
602.2500,6.18710693E+3,
602.400,6.50484082E+3,
602.5500,6.83799219E+3,
602.700,6.95723096E+3,
602.8500,7.06713184E+3,
603.00,7.46802295E+3,
603.1500,7.63213770E+3,
603.300,7.88417383E+3,
603.4500,7.79385645E+3,
603.600,8.52692090E+3,
603.7500,8.42014551E+3,
603.900,8.89720508E+3,
604.0500,9.13322949E+3,
604.200,9.25946191E+3,
604.3500,9.67573438E+3,
604.500,9.78584961E+3,
604.6500,9.42101953E+3,
604.800,9.86637891E+3,
604.9500,9.94257715E+3,
605.100,1.04567861E+4,
605.2500,1.08932422E+4,
605.400,1.08026016E+4,
605.5500,1.10842637E+4,
605.700,1.12473086E+4,
605.8500,1.16948057E+4,
606.00,1.22583447E+4,
606.1500,1.25594629E+4,
606.300,1.30416309E+4,
606.4500,1.31342158E+4,
606.600,1.32521279E+4,
606.7500,1.34156035E+4,
606.900,1.34788096E+4,
607.0500,1.33682725E+4,
607.200,1.35102119E+4,
607.3500,1.37056523E+4,
607.500,1.37420254E+4,
607.6500,1.34257568E+4,
607.800,1.35785996E+4,
607.9500,1.37802373E+4,
608.100,1.43672783E+4,
608.2500,1.44658242E+4,
608.400,1.46720195E+4,
608.5500,1.49581533E+4,
608.700,1.54528691E+4,
608.8500,1.52118066E+4,
609.00,1.58060469E+4,
609.1500,1.54932939E+4,
609.300,1.57110977E+4,
609.4500,1.65317754E+4,
609.600,1.65964453E+4,
609.7500,1.68064434E+4,
609.900,1.61964434E+4,
610.0500,1.70438770E+4,
610.200,1.73605859E+4,
610.3500,1.78713223E+4,
610.500,1.80543262E+4,
610.6500,1.87169160E+4,
610.800,1.85320156E+4,
610.9500,1.95965332E+4,
611.100,1.93700957E+4,
611.2500,2.04600781E+4,
611.400,2.06721191E+4,
611.5500,2.07631543E+4,
611.700,2.05923477E+4,
611.8500,2.10095059E+4,
612.00,2.05197012E+4,
612.1500,2.03336777E+4,
612.300,1.97607051E+4,
612.4500,1.99302734E+4,
612.600,1.86813457E+4,
612.7500,1.83517910E+4,
612.900,1.78174316E+4,
613.0500,1.80493809E+4,
613.200,1.73790059E+4,
613.3500,1.68787793E+4,
613.500,1.68004121E+4,
613.6500,1.66001563E+4,
613.800,1.63125781E+4,
613.9500,1.57258965E+4,
614.100,1.58303906E+4,
614.2500,1.54270635E+4,
614.400,1.54091377E+4,
614.5500,1.52873848E+4,
614.700,1.54056865E+4,
614.8500,1.50014443E+4,
615.00,1.50427490E+4,
615.1500,1.49803916E+4,
615.300,1.48434512E+4,
615.4500,1.46784473E+4,
615.600,1.46756885E+4,
615.7500,1.49051465E+4,
615.900,1.45231563E+4,
616.0500,1.47891172E+4,
616.200,1.45112676E+4,
616.3500,1.41210391E+4,
616.500,1.39999473E+4,
616.6500,1.37387129E+4,
616.800,1.39998008E+4,
616.9500,1.41804395E+4,
617.100,1.42777920E+4,
617.2500,1.38749668E+4,
617.400,1.36763779E+4,
617.5500,1.36858818E+4,
617.700,1.35172607E+4,
617.8500,1.31667314E+4,
618.00,1.36887471E+4,
618.1500,1.33750400E+4,
618.300,1.33277676E+4,
618.4500,1.32089805E+4,
618.600,1.31782764E+4,
618.7500,1.30185967E+4,
618.900,1.31020449E+4,
619.0500,1.38552676E+4,
619.200,1.34632852E+4,
619.3500,1.36320352E+4,
619.500,1.37435674E+4,
619.6500,1.41361563E+4,
619.800,1.43300605E+4,
619.9500,1.43619863E+4,
620.100,1.46442451E+4,
620.2500,1.48313145E+4,
620.400,1.50306934E+4,
620.5500,1.48035713E+4,
620.700,1.49390137E+4,
620.8500,1.41969238E+4,
621.00,1.40609854E+4,
621.1500,1.45282402E+4,
621.300,1.38073545E+4,
621.4500,1.34653604E+4,
621.600,1.35457480E+4,
621.7500,1.31663135E+4,
621.900,1.33890674E+4,
622.0500,1.24507754E+4,
622.200,1.24250186E+4,
622.3500,1.18371426E+4,
622.500,1.22412959E+4,
622.6500,1.17169199E+4,
622.800,1.19809443E+4,
622.9500,1.11440986E+4,
623.100,1.14563555E+4,
623.2500,1.09389775E+4,
623.400,1.06164336E+4,
623.5500,1.06049521E+4,
623.700,1.04324326E+4,
623.8500,1.02683770E+4,
624.00,9.77452441E+3,
624.1500,1.02472939E+4,
624.300,9.66332422E+3,
624.4500,9.58284473E+3,
624.600,9.77833887E+3,
624.7500,9.59311230E+3,
624.900,9.55199902E+3,
625.0500,9.26391016E+3,
625.200,9.38641797E+3,
625.3500,9.23666797E+3,
625.500,9.35949121E+3,
625.6500,9.01933594E+3,
625.800,9.23872168E+3,
625.9500,9.29032520E+3,
626.100,8.98882031E+3,
626.2500,8.94316797E+3,
626.400,8.67126660E+3,
626.5500,8.82920703E+3,
626.700,8.83645215E+3,
626.8500,8.67633984E+3,
627.00,8.64844336E+3,
627.1500,8.34151465E+3,
627.300,8.60492188E+3,
627.4500,8.13443262E+3,
627.600,8.21032813E+3,
627.7500,7.79471387E+3,
627.900,8.17092139E+3,
628.0500,7.98762695E+3,
628.200,7.55001904E+3,
628.3500,7.42280225E+3,
628.500,7.73348389E+3,
628.6500,7.24433838E+3,
628.800,7.51372412E+3,
628.9500,7.15191602E+3,
629.100,7.06491650E+3,
629.2500,7.20542822E+3,
629.400,7.08559521E+3,
629.5500,6.87051514E+3,
629.700,7.06702100E+3,
629.8500,6.99204102E+3,
630.00,6.71301904E+3,
630.1500,6.32112256E+3,
630.300,6.74902734E+3,
630.4500,6.86459570E+3,
630.600,7.01369238E+3,
630.7500,6.84149951E+3,
630.900,6.97112646E+3,
631.0500,6.57503760E+3,
631.200,6.72821338E+3,
631.3500,6.59437451E+3,
631.500,6.82184375E+3,
631.6500,7.09718604E+3,
631.800,7.12464893E+3,
631.9500,7.37802344E+3,
632.100,7.10219336E+3,
632.2500,7.08243359E+3,
632.400,7.50673584E+3,
632.5500,7.22943457E+3,
632.700,7.62160547E+3,
632.8500,7.31267383E+3,
633.00,7.57320752E+3,
633.1500,7.56408105E+3,
633.300,7.59261182E+3,
633.4500,7.52497852E+3,
633.600,7.63270361E+3,
633.7500,7.69940283E+3,
633.900,7.61073242E+3,
634.0500,7.43161377E+3,
634.200,7.35596436E+3,
634.3500,7.62432568E+3,
634.500,7.50337939E+3,
634.6500,7.14098682E+3,
634.800,7.37891650E+3,
634.9500,7.08139551E+3,
635.100,7.32739648E+3,
635.2500,6.99726025E+3,
635.400,7.11014648E+3,
635.5500,7.16336816E+3,
635.700,6.84496631E+3,
635.8500,6.78426514E+3,
636.00,6.86550146E+3,
636.1500,6.51632568E+3,
636.300,6.87255811E+3,
636.4500,6.57912158E+3,
636.600,6.21990674E+3,
636.7500,6.50221094E+3,
636.900,6.06209717E+3,
637.0500,6.20804736E+3,
637.200,6.13395361E+3,
637.3500,5.94724805E+3,
637.500,5.84685791E+3,
637.6500,6.17516992E+3,
637.800,5.56095654E+3,
637.9500,5.76946533E+3,
638.100,5.69685791E+3,
638.2500,5.68249365E+3,
638.400,5.51744238E+3,
638.5500,5.45844629E+3,
638.700,5.29961719E+3,
638.8500,5.08840088E+3,
639.00,5.16142383E+3,
639.1500,5.27956006E+3,
639.300,5.25687646E+3,
639.4500,5.10369141E+3,
639.600,5.24475732E+3,
639.7500,5.26293750E+3,
639.900,5.37487695E+3,
640.0500,5.27331836E+3,
640.200,5.02858984E+3,
640.3500,5.19770654E+3,
640.500,5.07646289E+3,
640.6500,5.45090967E+3,
640.800,5.19298145E+3,
640.9500,5.28771436E+3,
641.100,5.70304150E+3,
641.2500,5.27964209E+3,
641.400,5.14155176E+3,
641.5500,5.06806592E+3,
641.700,4.90966260E+3,
641.8500,4.78138428E+3,
642.00,4.68342627E+3,
642.1500,4.54625244E+3,
642.300,4.26113965E+3,
642.4500,4.34392432E+3,
642.600,4.02599438E+3,
642.7500,3.55453784E+3,
642.900,4.01166382E+3,
643.0500,3.92212305E+3,
643.200,3.71043604E+3,
643.3500,3.62768945E+3,
643.500,3.35138135E+3,
643.6500,3.29516455E+3,
643.800,3.21889844E+3,
643.9500,3.26529297E+3,
644.100,3.12897754E+3,
644.2500,3.12753809E+3,
644.400,3.15003638E+3,
644.5500,3.16461011E+3,
644.700,3.03891089E+3,
644.8500,2.90865576E+3,
645.00,2.94290356E+3,
645.1500,2.65471753E+3,
645.300,2.96771265E+3,
645.4500,2.56485498E+3,
645.600,2.79776758E+3,
645.7500,2.66542847E+3,
645.900,2.46318115E+3,
646.0500,2.49304053E+3,
646.200,2.81390918E+3,
646.3500,2.60253394E+3,
646.500,2.37787378E+3,
646.6500,2.63873169E+3,
646.800,2.40074097E+3,
646.9500,2.33147900E+3,
647.100,2.56066675E+3,
647.2500,2.40400806E+3,
647.400,2.44673389E+3,
647.5500,2.74444312E+3,
647.700,2.59549854E+3,
647.8500,2.32842505E+3,
648.00,2.25779150E+3,
648.1500,2.38478589E+3,
648.300,2.45741748E+3,
648.4500,2.37378711E+3,
648.600,2.31523193E+3,
648.7500,2.25216748E+3,
648.900,2.32509521E+3,
649.0500,2.12521655E+3,
649.200,2.34361206E+3,
649.3500,2.21149658E+3,
649.500,2.22912915E+3,
649.6500,2.33721948E+3,
649.800,2.10499390E+3,
649.9500,2.04467175E+3,
650.100,2.31344482E+3,
650.2500,2.21873999E+3,
650.400,2.29766895E+3,
650.5500,2.35949219E+3,
650.700,2.40846753E+3,
650.8500,2.52336230E+3,
651.00,2.48508667E+3,
651.1500,2.77238232E+3,
651.300,3.17123657E+3,
651.4500,3.31107373E+3,
651.600,3.53571631E+3,
651.7500,4.03225439E+3,
651.900,4.12155664E+3,
652.0500,4.50562598E+3,
652.200,4.46656641E+3,
652.3500,4.40042480E+3,
652.500,4.58995898E+3,
652.6500,4.31220020E+3,
652.800,4.02414233E+3,
652.9500,3.85232861E+3,
653.100,3.46219165E+3,
653.2500,3.17474048E+3,
653.400,3.23193945E+3,
653.5500,2.98370752E+3,
653.700,2.67033057E+3,
653.8500,2.60300146E+3,
654.00,2.31948438E+3,
654.1500,2.48590503E+3,
654.300,2.59309033E+3,
654.4500,2.30766382E+3,
654.600,2.38246240E+3,
654.7500,2.29499097E+3,
654.900,2.43992773E+3,
655.0500,2.28683887E+3,
655.200,2.50728027E+3,
655.3500,2.42866016E+3,
655.500,2.51414258E+3,
655.6500,2.35037061E+3,
655.800,2.49269531E+3,
655.9500,2.20033105E+3,
656.100,2.39510522E+3,
656.2500,2.12014600E+3,
656.400,2.09643677E+3,
656.5500,2.13946436E+3,
656.700,2.09652148E+3,
656.8500,2.03897815E+3,
657.00,1.92345593E+3,
657.1500,2.21230737E+3,
657.300,1.99039978E+3,
657.4500,1.92240173E+3,
657.600,1.95600293E+3,
657.7500,2.19407837E+3,
657.900,1.93587744E+3,
658.0500,2.10658960E+3,
658.200,2.09196069E+3,
658.3500,2.02323389E+3,
658.500,1.78681299E+3,
658.6500,2.07226831E+3,
658.800,1.96341150E+3,
658.9500,1.61607996E+3,
659.100,2.02237476E+3,
659.2500,1.89763721E+3,
659.400,1.65248560E+3,
659.5500,1.77147241E+3,
659.700,1.72046948E+3,
659.8500,1.61894031E+3,
660.00,1.49676526E+3,
660.1500,1.49528479E+3,
660.300,1.70139990E+3,
660.4500,1.57349048E+3,
660.600,1.57215894E+3,
660.7500,1.44331226E+3,
660.900,1.75349536E+3,
661.0500,1.60910730E+3,
661.200,1.73633618E+3,
661.3500,1.83328210E+3,
661.500,1.69322925E+3,
661.6500,1.84227856E+3,
661.800,1.94017261E+3,
661.9500,1.75251794E+3,
662.100,1.96015320E+3,
662.2500,1.87615723E+3,
662.400,1.88603918E+3,
662.5500,2.06927417E+3,
662.700,1.92697803E+3,
662.8500,1.83146875E+3,
663.00,1.83600757E+3,
663.1500,1.64954956E+3,
663.300,1.82372412E+3,
663.4500,1.82818262E+3,
663.600,1.62427637E+3,
663.7500,1.64431860E+3,
663.900,1.48726868E+3,
664.0500,1.44243982E+3,
664.200,1.24626697E+3,
664.3500,1.28169238E+3,
664.500,1.28475598E+3,
664.6500,1.07590771E+3,
664.800,1.35627148E+3,
664.9500,1.11928076E+3,
665.100,1.08363416E+3,
665.2500,1.04231873E+3,
665.400,9.45814026E+2,
665.5500,1.08585986E+3,
665.700,9.94513428E+2,
665.8500,1.07441187E+3,
666.00,8.93770996E+2,
666.1500,8.29129639E+2,
666.300,9.53823608E+2,
666.4500,9.39328247E+2,
666.600,8.35085388E+2,
666.7500,8.87643311E+2,
666.900,9.29186707E+2,
667.0500,8.29807739E+2,
667.200,9.22350586E+2,
667.3500,9.07563782E+2,
667.500,7.22120911E+2,
667.6500,8.03665222E+2,
667.800,8.22751282E+2,
667.9500,9.16381653E+2,
668.100,7.23442566E+2,
668.2500,8.46138794E+2,
668.400,7.38628418E+2,
668.5500,8.79329041E+2,
668.700,8.06148499E+2,
668.8500,7.79108643E+2,
669.00,6.23692261E+2,
669.1500,8.59089600E+2,
669.300,6.38678711E+2,
669.4500,7.75470581E+2,
669.600,8.42293640E+2,
669.7500,7.26389282E+2,
669.900,6.33557495E+2,
670.0500,8.01437500E+2,
670.200,6.36861450E+2,
670.3500,4.77394196E+2,
670.500,6.64104858E+2,
670.6500,7.97798035E+2,
670.800,6.67562927E+2,
670.9500,5.96943115E+2,
671.100,7.25385925E+2,
671.2500,6.36280090E+2,
671.400,6.01403992E+2,
671.5500,5.48082214E+2,
671.700,6.22695862E+2,
671.8500,6.73195984E+2,
672.00,5.58295105E+2,
672.1500,6.08827820E+2,
672.300,7.08914551E+2,
672.4500,6.42638245E+2,
672.600,5.76041504E+2,
672.7500,5.83628662E+2,
672.900,5.29013184E+2,
673.0500,5.80198792E+2,
673.200,6.25396667E+2,
673.3500,6.20658997E+2,
673.500,5.40479126E+2,
673.6500,5.22904236E+2,
673.800,6.31549866E+2,
673.9500,6.45761108E+2,
674.100,6.66424561E+2,
674.2500,6.10852112E+2,
674.400,5.61373291E+2,
674.5500,5.69198059E+2,
674.700,5.51412781E+2,
674.8500,6.74952576E+2,
675.00,5.67117188E+2,
675.1500,6.07355042E+2,
675.300,5.11760559E+2,
675.4500,5.78036438E+2,
675.600,6.57677307E+2,
675.7500,5.35343201E+2,
675.900,6.15282104E+2,
676.0500,5.44700562E+2,
676.200,5.85617188E+2,
676.3500,6.00357483E+2,
676.500,6.41631653E+2,
676.6500,6.43328125E+2,
676.800,6.05130676E+2,
676.9500,7.73416565E+2,
677.100,6.01655090E+2,
677.2500,6.50171143E+2,
677.400,5.24206787E+2,
677.5500,6.26676331E+2,
677.700,5.47266052E+2,
677.8500,5.82593811E+2,
678.00,6.79238281E+2,
678.1500,5.17565613E+2,
678.300,6.21331238E+2,
678.4500,6.91407043E+2,
678.600,7.20664368E+2,
678.7500,5.98680359E+2,
678.900,6.62338806E+2,
679.0500,5.32629333E+2,
679.200,5.96407166E+2,
679.3500,5.42312500E+2,
679.500,5.92495667E+2,
679.6500,5.87026733E+2,
679.800,6.93627625E+2,
679.9500,5.54921631E+2,
680.100,5.93587646E+2,
680.2500,5.10195953E+2,
680.400,6.32404480E+2,
680.5500,6.27030029E+2,
680.700,6.21622375E+2,
680.8500,5.87521729E+2,
681.00,5.74782715E+2,
681.1500,4.97108307E+2,
681.300,5.34591675E+2,
681.4500,7.38890625E+2,
681.600,5.95640503E+2,
681.7500,4.73451080E+2,
681.900,5.47791992E+2,
682.0500,5.56613953E+2,
682.200,7.12335876E+2,
682.3500,6.47991333E+2,
682.500,6.94046814E+2,
682.6500,6.07086365E+2,
682.800,7.79474609E+2,
682.9500,5.21059875E+2,
683.100,6.86667114E+2,
683.2500,6.81027832E+2,
683.400,5.70300110E+2,
683.5500,6.69648071E+2,
683.700,5.58284851E+2,
683.8500,7.79165710E+2,
684.00,5.76468323E+2,
684.1500,5.32392578E+2,
684.300,5.87215088E+2,
684.4500,6.65271729E+2,
684.600,7.51415405E+2,
684.7500,6.30438782E+2,
684.900,6.24439758E+2,
685.0500,6.57052979E+2,
685.200,7.28591736E+2,
685.3500,5.75127380E+2,
685.500,6.54618530E+2,
685.6500,8.20495789E+2,
685.800,6.89522156E+2,
685.9500,6.83540466E+2,
686.100,7.64175537E+2,
686.2500,7.97844299E+2,
686.400,7.44562988E+2,
686.5500,7.30698914E+2,
686.700,9.47710388E+2,
686.8500,9.02372864E+2,
687.00,8.72798340E+2,
687.1500,8.91253906E+2,
687.300,1.07083264E+3,
687.4500,8.71939087E+2,
687.600,9.31008362E+2,
687.7500,9.09218201E+2,
687.900,6.43091858E+2,
688.0500,9.71378601E+2,
688.200,7.77608032E+2,
688.3500,9.43912109E+2,
688.500,9.21826538E+2,
688.6500,8.74854858E+2,
688.800,7.53131836E+2,
688.9500,8.54805420E+2,
689.100,7.57280273E+2,
689.2500,6.67549194E+2,
689.400,8.03237305E+2,
689.5500,9.14489929E+2,
689.700,9.92693481E+2,
689.8500,7.50766357E+2,
690.00,8.88150757E+2,
690.1500,9.07510071E+2,
690.300,8.58933960E+2,
690.4500,6.99235962E+2,
690.600,7.86629517E+2,
690.7500,9.25932922E+2,
690.900,9.71424194E+2,
691.0500,1.08612256E+3,
691.200,7.95206787E+2,
691.3500,9.62055664E+2,
691.500,7.64796204E+2,
691.6500,8.54036499E+2,
691.800,8.38898438E+2,
691.9500,8.85010071E+2,
692.100,8.96229065E+2,
692.2500,9.16318237E+2,
692.400,9.27679321E+2,
692.5500,8.68221802E+2,
692.700,8.61734253E+2,
692.8500,1.07791626E+3,
693.00,1.07196338E+3,
693.1500,9.67407776E+2,
693.300,1.01496680E+3,
693.4500,1.06278125E+3,
693.600,1.05666492E+3,
693.7500,1.19540686E+3,
693.900,8.26371216E+2,
694.0500,9.92551941E+2,
694.200,1.00441815E+3,
694.3500,1.00718823E+3,
694.500,1.07423901E+3,
694.6500,9.20690552E+2,
694.800,1.21867151E+3,
694.9500,9.99854065E+2,
695.100,8.54114746E+2,
695.2500,1.08927625E+3,
695.400,1.05500854E+3,
695.5500,1.06735388E+3,
695.700,9.38924438E+2,
695.8500,1.21464294E+3,
696.00,1.10477563E+3,
696.1500,1.27833594E+3,
696.300,1.42438062E+3,
696.4500,1.17129053E+3,
696.600,1.06000586E+3,
696.7500,1.06300476E+3,
696.900,1.27729858E+3,
697.0500,1.07864185E+3,
697.200,1.24579663E+3,
697.3500,1.21050525E+3,
697.500,1.25269873E+3,
697.6500,1.07115259E+3,
697.800,1.29871130E+3,
697.9500,1.20439624E+3,
698.100,1.29611401E+3,
698.2500,1.39818311E+3,
698.400,1.39220386E+3,
698.5500,9.40623535E+2,
698.700,1.12196716E+3,
698.8500,1.39392810E+3,
699.00,1.19813391E+3,
699.1500,1.15146509E+3,
699.300,1.23505859E+3,
699.4500,1.03717090E+3,
699.600,1.21178638E+3,
699.7500,1.21523157E+3,
699.900,1.48274084E+3,
700.0500,1.19158350E+3,
700.200,1.09277747E+3,
700.3500,1.05486169E+3,
700.500,1.16050830E+3,
700.6500,1.05046875E+3,
700.800,1.19799353E+3,
700.9500,1.22206213E+3,
701.100,1.27732483E+3,
701.2500,1.29118420E+3,
701.400,1.07541357E+3,
701.5500,1.27723352E+3,
701.700,1.03924719E+3,
701.8500,1.13679346E+3,
702.00,1.22430835E+3,
702.1500,1.32287036E+3,
702.300,1.16727942E+3,
702.4500,1.01083807E+3,
702.600,1.28031287E+3,
702.7500,1.27309143E+3,
702.900,1.23364355E+3,
703.0500,1.31234607E+3,
703.200,1.55339783E+3,
703.3500,1.06017883E+3,
703.500,1.30187183E+3,
703.6500,1.26206226E+3,
703.800,1.44023425E+3,
703.9500,1.14891003E+3,
704.100,1.29493640E+3,
704.2500,1.43085706E+3,
704.400,1.26951917E+3,
704.5500,1.58331287E+3,
704.700,1.73239160E+3,
704.8500,1.49251392E+3,
705.00,1.54165173E+3,
705.1500,1.59104968E+3,
705.300,1.49463855E+3,
705.4500,1.61179980E+3,
705.600,1.44702808E+3,
705.7500,1.36063489E+3,
705.900,1.75136389E+3,
706.0500,1.39156128E+3,
706.200,1.38419519E+3,
706.3500,1.44561670E+3,
706.500,1.59944543E+3,
706.6500,1.70800952E+3,
706.800,1.53941211E+3,
706.9500,1.86898267E+3,
707.100,1.61832727E+3,
707.2500,1.61139270E+3,
707.400,1.76836499E+3,
707.5500,1.53864929E+3,
707.700,1.67275208E+3,
707.8500,1.64223083E+3,
708.00,1.37453247E+3,
708.1500,1.41415369E+3,
708.300,1.48974866E+3,
708.4500,1.48210669E+3,
708.600,1.54633447E+3,
708.7500,1.68305762E+3,
708.900,1.45886609E+3,
709.0500,1.72904492E+3,
709.200,1.30947131E+3,
709.3500,1.50763782E+3,
709.500,1.90197168E+3,
709.6500,1.39376672E+3,
709.800,1.69188489E+3,
709.9500,1.45071191E+3,
710.100,1.43003259E+3,
710.2500,1.59462109E+3,
710.400,1.59896399E+3,
710.5500,1.47903296E+3,
710.700,1.35843958E+3,
710.8500,1.39963818E+3,
711.00,1.54130225E+3,
711.1500,1.41993738E+3,
711.300,1.32308789E+3,
711.4500,1.46577466E+3,
711.600,1.54589502E+3,
711.7500,1.53750891E+3,
711.900,1.35067810E+3,
712.0500,1.64837561E+3,
712.200,1.57617859E+3,
712.3500,1.43930652E+3,
712.500,1.23720813E+3,
712.6500,1.38290820E+3,
712.800,1.24428430E+3,
712.9500,1.42981909E+3,
713.100,1.22528479E+3,
713.2500,1.38556494E+3,
713.400,1.38944177E+3,
713.5500,1.20930640E+3,
713.700,1.31814697E+3,
713.8500,1.38793640E+3,
714.00,1.47136670E+3,
714.1500,1.28934705E+3,
714.300,1.61281433E+3,
714.4500,1.41679419E+3,
714.600,1.50114294E+3,
714.7500,1.46499036E+3,
714.900,1.21298853E+3,
715.0500,1.36506909E+3,
715.200,1.45031543E+3,
715.3500,1.31855164E+3,
715.500,1.60862744E+3,
715.6500,1.33982898E+3,
715.800,1.31627100E+3,
715.9500,1.47132922E+3,
716.100,1.35151074E+3,
716.2500,1.34165515E+3,
716.400,1.38722461E+3,
716.5500,1.57218567E+3,
716.700,1.39542188E+3,
716.8500,1.23159985E+3,
717.00,1.55809155E+3,
717.1500,1.36553796E+3,
717.300,1.27068372E+3,
717.4500,1.23190869E+3,
717.600,1.34911389E+3,
717.7500,1.38154150E+3,
717.900,1.28559363E+3,
718.0500,1.48989392E+3,
718.200,1.14936011E+3,
718.3500,1.19588513E+3,
718.500,1.34381958E+3,
718.6500,1.37667114E+3,
718.800,1.58409912E+3,
718.9500,1.22429456E+3,
719.100,1.43242847E+3,
719.2500,1.42185168E+3,
719.400,1.22010742E+3,
719.5500,1.40049597E+3,
719.700,9.46188904E+2,
719.8500,1.66056860E+3,
720.00,1.18951782E+3,
720.1500,1.11834277E+3,
720.300,1.37573584E+3,
720.4500,1.39464941E+3,
720.600,1.24823474E+3,
720.7500,1.19146887E+3,
720.900,1.31587329E+3,
721.0500,1.42578503E+3,
721.200,1.52104248E+3,
721.3500,1.57106787E+3,
721.500,1.17778528E+3,
721.6500,1.41118066E+3,
721.800,1.16903760E+3,
721.9500,1.34200928E+3,
722.100,1.28385413E+3,
722.2500,1.31840332E+3,
722.400,1.19760474E+3,
722.5500,1.26328650E+3,
722.700,1.18857263E+3,
722.8500,1.27026282E+3,
723.00,1.27377063E+3,
723.1500,1.37195215E+3,
723.300,1.23346960E+3,
723.4500,9.35624023E+2,
723.600,1.01776160E+3,
723.7500,1.16414478E+3,
723.900,1.29535535E+3,
724.0500,1.31507385E+3,
724.200,1.38322290E+3,
724.3500,1.20980078E+3,
724.500,9.86830750E+2,
724.6500,1.29797131E+3,
724.800,1.69227771E+3,
724.9500,1.19131274E+3,
725.100,1.45662476E+3,
725.2500,1.18179102E+3,
725.400,1.25104871E+3,
725.5500,1.45276917E+3,
725.700,1.55631128E+3,
725.8500,1.34496130E+3,
726.00,1.58199841E+3,
726.1500,1.43613403E+3,
726.300,1.22245886E+3,
726.4500,1.42740259E+3,
726.600,1.39772949E+3,
726.7500,1.09768372E+3,
726.900,1.28705750E+3,
727.0500,9.84971069E+2,
727.200,1.12390930E+3,
727.3500,1.29775879E+3,
727.500,1.23284143E+3,
727.6500,1.27058105E+3,
727.800,1.03304370E+3,
727.9500,9.84102234E+2,
728.100,1.00411273E+3,
728.2500,8.85339783E+2,
728.400,1.02701965E+3,
728.5500,1.08219617E+3,
728.700,1.03265491E+3,
728.8500,1.29874854E+3,
729.00,1.02073407E+3,
729.1500,1.00594177E+3,
729.300,9.91060303E+2,
729.4500,1.18905603E+3,
729.600,6.76282104E+2,
729.7500,8.74497131E+2,
729.900,6.44294983E+2,
730.0500,6.82012024E+2,
730.200,1.04393884E+3,
730.3500,1.08302441E+3,
730.500,9.41308167E+2,
730.6500,1.03477686E+3,
730.800,7.46448608E+2,
730.9500,8.76401306E+2,
731.100,8.05633179E+2,
731.2500,9.91494873E+2,
731.400,9.75857727E+2,
731.5500,1.10783899E+3,
731.700,9.25787537E+2,
731.8500,9.28386414E+2,
732.00,9.49615356E+2,
732.1500,1.13894434E+3,
732.300,1.27314417E+3,
732.4500,1.22033569E+3,
732.600,1.03544519E+3,
732.7500,1.03830981E+3,
732.900,1.07904761E+3,
733.0500,1.19595874E+3,
733.200,9.32820374E+2,
733.3500,1.12637134E+3,
733.500,1.32101514E+3,
733.6500,1.13276978E+3,
733.800,1.48256006E+3,
733.9500,1.11990930E+3,
734.100,9.87572327E+2,
734.2500,1.49533777E+3,
734.400,1.61651062E+3,
734.5500,1.75790710E+3,
734.700,1.54751514E+3,
734.8500,1.68951575E+3,
735.00,1.89143958E+3,
735.1500,1.83755310E+3,
735.300,1.84279309E+3,
735.4500,1.92754028E+3,
735.600,1.79355115E+3,
735.7500,1.87862561E+3,
735.900,1.46311438E+3,
736.0500,1.54765320E+3,
736.200,1.41083691E+3,
736.3500,1.41473132E+3,
736.500,1.49970593E+3,
736.6500,1.21934338E+3,
736.800,1.22272034E+3,
736.9500,1.41002710E+3,
737.100,1.57772083E+3,
737.2500,1.33534570E+3,
737.400,1.48304834E+3,
737.5500,1.40434839E+3,
737.700,1.15957349E+3,
737.8500,1.49481750E+3,
738.00,1.72774744E+3,
738.1500,1.69040894E+3,
738.300,1.77840564E+3,
738.4500,2.51709326E+3,
738.600,2.12396143E+3,
738.7500,3.05704199E+3,
738.900,2.36734229E+3,
739.0500,2.94561621E+3,
739.200,2.97457739E+3,
739.3500,3.25930933E+3,
739.500,2.94748242E+3,
739.6500,2.74108032E+3,
739.800,2.85564209E+3,
739.9500,3.03537720E+3,
740.100,2.87094360E+3,
740.2500,2.48925903E+3,
740.400,2.17056763E+3,
740.5500,2.04598816E+3,
740.700,2.09531763E+3,
740.8500,1.88226978E+3,
741.00,1.66802710E+3,
741.1500,1.38654993E+3,
741.300,1.10349719E+3,
741.4500,1.01804468E+3,
741.600,1.06526917E+3,
741.7500,1.09049780E+3,
741.900,1.11586377E+3,
742.0500,9.84680115E+2,
742.200,9.87355469E+2,
742.3500,9.90041138E+2,
742.500,9.92737000E+2,
742.6500,9.27573303E+2,
742.800,5.67137024E+2,
742.9500,5.91434082E+2,
743.100,6.84293030E+2,
743.2500,7.54787842E+2,
743.400,8.02732666E+2,
743.5500,8.50937012E+2,
743.700,4.38170837E+2,
743.8500,5.55004700E+2,
744.00,5.79725464E+2,
744.1500,6.04590637E+2,
744.300,7.69499939E+2,
744.4500,4.91045715E+2,
744.600,5.39311829E+2,
744.7500,5.40817749E+2,
744.900,6.83807556E+2,
745.0500,8.27575684E+2,
745.200,4.97902100E+2,
745.3500,5.70587341E+2,
745.500,5.72149841E+2,
745.6500,7.64958801E+2,
745.800,7.43087891E+2,
745.9500,5.76874695E+2,
746.100,1.01222021E+3,
746.2500,7.24911133E+2,
746.400,7.99497131E+2,
746.5500,5.34399292E+2,
746.700,1.09596582E+3,
746.8500,8.30244568E+2,
747.00,1.00381757E+3,
747.1500,7.85408264E+2,
747.300,8.85774292E+2,
747.4500,1.06063293E+3,
747.600,9.64358032E+2,
747.7500,5.20560303E+2,
747.900,1.11826257E+3,
748.0500,6.72624207E+2,
748.200,3.99578552E+2,
748.3500,6.00852356E+2,
748.500,7.27830017E+2,
748.6500,8.05116577E+2,
748.800,5.04447693E+2,
748.9500,3.79276367E+2,
749.100,7.60528748E+2,
749.2500,3.81278229E+2,
749.400,4.84242004E+2,
749.5500,5.11090546E+2,
749.700,4.35589111E+2,
749.8500,4.36755676E+2,
750.00,4.89447479E+2,
