Labels,32C_11_175K,
Type,Emission Scan,
Comment,,
Start,252.00,
Stop,750.00,
Step,0.150,
Fixed/Offset,248.400,
Xaxis,Wavelength,
Yaxis,Counts,
Scan Corr. by File,True,
Corr. by Ref. Det.,False,
Fixed/Offset Corr. by File,False,
Repeats,1,
Dwell Time,0.20,
Lamp,Xe,
Temp,27.60,
Scan Polariser,None,
Scan Slit,0.2520,
Fixed/Offset Polariser,None,
Fixed/Offset Slit,2.9970,
Detector,Red PMT,

252.00,4.72668516E+4,
252.1500,2.68001738E+4,
252.300,2.26303457E+4,
252.4500,2.18348184E+4,
252.600,2.23066055E+4,
252.7500,1.97869824E+4,
252.900,2.17402832E+4,
253.0500,1.84368965E+4,
253.200,2.09770215E+4,
253.3500,1.93231777E+4,
253.500,1.90968535E+4,
253.6500,1.85583359E+4,
253.800,1.83494180E+4,
253.9500,1.69880137E+4,
254.100,2.02767285E+4,
254.2500,1.92603789E+4,
254.400,1.82772266E+4,
254.5500,2.00689277E+4,
254.700,1.99552168E+4,
254.8500,1.87263027E+4,
255.00,1.82232813E+4,
255.1500,1.72991172E+4,
255.300,1.85975059E+4,
255.4500,1.96555234E+4,
255.600,1.77877930E+4,
255.7500,2.04650957E+4,
255.900,2.06936602E+4,
256.0500,2.11496445E+4,
256.200,2.05501816E+4,
256.3500,1.91427676E+4,
256.500,2.40564512E+4,
256.6500,2.22928516E+4,
256.800,2.69402500E+4,
256.9500,2.66235527E+4,
257.100,2.62436445E+4,
257.2500,2.95077617E+4,
257.400,3.10315664E+4,
257.5500,3.10017695E+4,
257.700,3.22978574E+4,
257.8500,3.11413281E+4,
258.00,3.60029258E+4,
258.1500,3.72813750E+4,
258.300,3.56435352E+4,
258.4500,3.94313359E+4,
258.600,4.44952852E+4,
258.7500,4.55618984E+4,
258.900,4.58285313E+4,
259.0500,5.12297422E+4,
259.200,5.86441992E+4,
259.3500,5.36443320E+4,
259.500,5.85956367E+4,
259.6500,6.19371406E+4,
259.800,6.56758359E+4,
259.9500,7.03634609E+4,
260.100,6.78051328E+4,
260.2500,7.45986328E+4,
260.400,7.71065391E+4,
260.5500,8.24251484E+4,
260.700,8.42576328E+4,
260.8500,9.01147266E+4,
261.00,9.16408438E+4,
261.1500,9.83970703E+4,
261.300,9.74250391E+4,
261.4500,1.05756453E+5,
261.600,1.02815758E+5,
261.7500,1.09918094E+5,
261.900,1.15979727E+5,
262.0500,1.20890891E+5,
262.200,1.27132234E+5,
262.3500,1.29147117E+5,
262.500,1.29908703E+5,
262.6500,1.33994922E+5,
262.800,1.40681141E+5,
262.9500,1.37923672E+5,
263.100,1.48453656E+5,
263.2500,1.52155859E+5,
263.400,1.51985141E+5,
263.5500,1.58884688E+5,
263.700,1.64001500E+5,
263.8500,1.62577281E+5,
264.00,1.69826859E+5,
264.1500,1.76874313E+5,
264.300,1.73242406E+5,
264.4500,1.82220297E+5,
264.600,1.79630313E+5,
264.7500,1.90820047E+5,
264.900,1.87963172E+5,
265.0500,1.95908313E+5,
265.200,1.92706344E+5,
265.3500,2.01819266E+5,
265.500,2.00568234E+5,
265.6500,2.03063563E+5,
265.800,2.05671953E+5,
265.9500,2.12677609E+5,
266.100,2.13722141E+5,
266.2500,2.14917328E+5,
266.400,2.17226734E+5,
266.5500,2.16288438E+5,
266.700,2.20158984E+5,
266.8500,2.20375781E+5,
267.00,2.17345406E+5,
267.1500,2.24958625E+5,
267.300,2.26094641E+5,
267.4500,2.22699781E+5,
267.600,2.26114188E+5,
267.7500,2.26461781E+5,
267.900,2.29067250E+5,
268.0500,2.35803422E+5,
268.200,2.34370500E+5,
268.3500,2.36702469E+5,
268.500,2.35543531E+5,
268.6500,2.36298234E+5,
268.800,2.38893938E+5,
268.9500,2.44111109E+5,
269.100,2.41912234E+5,
269.2500,2.34694203E+5,
269.400,2.38852547E+5,
269.5500,2.41677656E+5,
269.700,2.41747516E+5,
269.8500,2.37345953E+5,
270.00,2.42663297E+5,
270.1500,2.41237422E+5,
270.300,2.38796063E+5,
270.4500,2.40833172E+5,
270.600,2.42535313E+5,
270.7500,2.34026641E+5,
270.900,2.38791844E+5,
271.0500,2.33224703E+5,
271.200,2.36202219E+5,
271.3500,2.33436859E+5,
271.500,2.32167672E+5,
271.6500,2.35484375E+5,
271.800,2.35972422E+5,
271.9500,2.32699016E+5,
272.100,2.30052203E+5,
272.2500,2.28558078E+5,
272.400,2.23639422E+5,
272.5500,2.26785969E+5,
272.700,2.24736719E+5,
272.8500,2.25911594E+5,
273.00,2.25678844E+5,
273.1500,2.20973750E+5,
273.300,2.23816422E+5,
273.4500,2.24811375E+5,
273.600,2.22554625E+5,
273.7500,2.25032563E+5,
273.900,2.26456891E+5,
274.0500,2.28313188E+5,
274.200,2.28894969E+5,
274.3500,2.22501531E+5,
274.500,2.27716000E+5,
274.6500,2.23998250E+5,
274.800,2.26121469E+5,
274.9500,2.30970875E+5,
275.100,2.28138219E+5,
275.2500,2.31135344E+5,
275.400,2.27576641E+5,
275.5500,2.35023438E+5,
275.700,2.34386953E+5,
275.8500,2.30102000E+5,
276.00,2.31190531E+5,
276.1500,2.30029531E+5,
276.300,2.38339016E+5,
276.4500,2.35465766E+5,
276.600,2.40292781E+5,
276.7500,2.36268859E+5,
276.900,2.40869000E+5,
277.0500,2.40610469E+5,
277.200,2.39789594E+5,
277.3500,2.41395719E+5,
277.500,2.45217656E+5,
277.6500,2.45350609E+5,
277.800,2.46669438E+5,
277.9500,2.41151406E+5,
278.100,2.44493328E+5,
278.2500,2.43243422E+5,
278.400,2.38751828E+5,
278.5500,2.48465031E+5,
278.700,2.42008094E+5,
278.8500,2.47036297E+5,
279.00,2.43963484E+5,
279.1500,2.45481234E+5,
279.300,2.38819297E+5,
279.4500,2.35673234E+5,
279.600,2.34464469E+5,
279.7500,2.36728172E+5,
279.900,2.38932844E+5,
280.0500,2.36802453E+5,
280.200,2.39737469E+5,
280.3500,2.39950766E+5,
280.500,2.42266500E+5,
280.6500,2.37359547E+5,
280.800,2.39347734E+5,
280.9500,2.36614469E+5,
281.100,2.39219047E+5,
281.2500,2.38080328E+5,
281.400,2.38673484E+5,
281.5500,2.35167594E+5,
281.700,2.36402797E+5,
281.8500,2.36085750E+5,
282.00,2.32213234E+5,
282.1500,2.31891828E+5,
282.300,2.34475453E+5,
282.4500,2.35343719E+5,
282.600,2.30119734E+5,
282.7500,2.30034500E+5,
282.900,2.27026719E+5,
283.0500,2.27756609E+5,
283.200,2.27312438E+5,
283.3500,2.24361469E+5,
283.500,2.21116688E+5,
283.6500,2.19973016E+5,
283.800,2.22744531E+5,
283.9500,2.23298047E+5,
284.100,2.18439672E+5,
284.2500,2.21857938E+5,
284.400,2.20396172E+5,
284.5500,2.21520281E+5,
284.700,2.15535609E+5,
284.8500,2.08586938E+5,
285.00,2.14524844E+5,
285.1500,2.17915188E+5,
285.300,2.11925547E+5,
285.4500,2.10069531E+5,
285.600,2.08855000E+5,
285.7500,2.10407359E+5,
285.900,2.06398391E+5,
286.0500,2.01391609E+5,
286.200,1.97504172E+5,
286.3500,1.93066469E+5,
286.500,1.97369750E+5,
286.6500,1.91829078E+5,
286.800,1.92826266E+5,
286.9500,1.89023578E+5,
287.100,1.94414828E+5,
287.2500,1.91031547E+5,
287.400,1.81832016E+5,
287.5500,1.82298984E+5,
287.700,1.76438188E+5,
287.8500,1.82376453E+5,
288.00,1.77306453E+5,
288.1500,1.75523531E+5,
288.300,1.72172922E+5,
288.4500,1.69313031E+5,
288.600,1.71790594E+5,
288.7500,1.69430906E+5,
288.900,1.66836906E+5,
289.0500,1.66104453E+5,
289.200,1.65430813E+5,
289.3500,1.60671422E+5,
289.500,1.60133531E+5,
289.6500,1.59067391E+5,
289.800,1.58332969E+5,
289.9500,1.55969422E+5,
290.100,1.52489406E+5,
290.2500,1.53882844E+5,
290.400,1.53799766E+5,
290.5500,1.49483672E+5,
290.700,1.47894922E+5,
290.8500,1.49393922E+5,
291.00,1.44919250E+5,
291.1500,1.44941500E+5,
291.300,1.45025625E+5,
291.4500,1.38224156E+5,
291.600,1.39494969E+5,
291.7500,1.40603188E+5,
291.900,1.35297563E+5,
292.0500,1.32063719E+5,
292.200,1.35248734E+5,
292.3500,1.29650070E+5,
292.500,1.29975719E+5,
292.6500,1.27319664E+5,
292.800,1.28182516E+5,
292.9500,1.27140250E+5,
293.100,1.26395094E+5,
293.2500,1.23340359E+5,
293.400,1.21490789E+5,
293.5500,1.20526461E+5,
293.700,1.21059047E+5,
293.8500,1.16352961E+5,
294.00,1.16405883E+5,
294.1500,1.15278430E+5,
294.300,1.14491484E+5,
294.4500,1.11851016E+5,
294.600,1.13586867E+5,
294.7500,1.09735961E+5,
294.900,1.10767695E+5,
295.0500,1.09347750E+5,
295.200,1.07412328E+5,
295.3500,1.06681156E+5,
295.500,1.05134305E+5,
295.6500,1.05422813E+5,
295.800,1.00309414E+5,
295.9500,1.02467461E+5,
296.100,1.01454070E+5,
296.2500,1.02458938E+5,
296.400,1.02734953E+5,
296.5500,9.65115234E+4,
296.700,9.86244453E+4,
296.8500,1.00254883E+5,
297.00,9.90011328E+4,
297.1500,9.92216953E+4,
297.300,9.68323672E+4,
297.4500,9.92182969E+4,
297.600,9.86914688E+4,
297.7500,9.79027578E+4,
297.900,9.61509844E+4,
298.0500,9.72669297E+4,
298.200,9.56220547E+4,
298.3500,9.48516953E+4,
298.500,9.59286094E+4,
298.6500,9.57729844E+4,
298.800,9.57426563E+4,
298.9500,9.47165938E+4,
299.100,9.67710703E+4,
299.2500,9.64216797E+4,
299.400,9.41723047E+4,
299.5500,9.29194609E+4,
299.700,9.54015078E+4,
299.8500,9.32821641E+4,
300.00,9.22580781E+4,
300.1500,9.36797266E+4,
300.300,9.39973438E+4,
300.4500,9.36051563E+4,
300.600,9.46722422E+4,
300.7500,9.64641250E+4,
300.900,9.48034844E+4,
301.0500,9.43819922E+4,
301.200,9.31076016E+4,
301.3500,9.89325469E+4,
301.500,9.80128359E+4,
301.6500,9.74440703E+4,
301.800,9.75270469E+4,
301.9500,9.88538359E+4,
302.100,9.80093281E+4,
302.2500,9.90702891E+4,
302.400,9.84112109E+4,
302.5500,1.01982609E+5,
302.700,9.97116563E+4,
302.8500,1.01899406E+5,
303.00,9.94238281E+4,
303.1500,1.02674133E+5,
303.300,1.01594922E+5,
303.4500,1.01998820E+5,
303.600,1.01279922E+5,
303.7500,1.00487414E+5,
303.900,1.01006664E+5,
304.0500,1.01574672E+5,
304.200,9.91651328E+4,
304.3500,1.01376031E+5,
304.500,1.01169539E+5,
304.6500,1.01757516E+5,
304.800,1.03031250E+5,
304.9500,1.05203313E+5,
305.100,1.03579805E+5,
305.2500,1.04038352E+5,
305.400,1.04132625E+5,
305.5500,1.05475484E+5,
305.700,1.06112492E+5,
305.8500,1.04439117E+5,
306.00,1.04672281E+5,
306.1500,1.05632211E+5,
306.300,1.06794422E+5,
306.4500,1.06087352E+5,
306.600,1.05929461E+5,
306.7500,1.05891992E+5,
306.900,1.06170156E+5,
307.0500,1.07037766E+5,
307.200,1.06089758E+5,
307.3500,1.06244578E+5,
307.500,1.08527500E+5,
307.6500,1.08578578E+5,
307.800,1.08720547E+5,
307.9500,1.07152484E+5,
308.100,1.10687523E+5,
308.2500,1.08035922E+5,
308.400,1.06068289E+5,
308.5500,1.04808492E+5,
308.700,1.06214836E+5,
308.8500,1.05199180E+5,
309.00,1.09004906E+5,
309.1500,1.05860594E+5,
309.300,1.07213391E+5,
309.4500,1.06059633E+5,
309.600,1.07777734E+5,
309.7500,1.08146219E+5,
309.900,1.07936469E+5,
310.0500,1.07401906E+5,
310.200,1.06298047E+5,
310.3500,1.04761164E+5,
310.500,1.07221531E+5,
310.6500,1.03675375E+5,
310.800,1.04370406E+5,
310.9500,1.05977742E+5,
311.100,1.04452242E+5,
311.2500,1.03794984E+5,
311.400,1.02642063E+5,
311.5500,1.02530438E+5,
311.700,1.02873281E+5,
311.8500,1.04209266E+5,
312.00,1.02173578E+5,
312.1500,1.03302422E+5,
312.300,1.04575914E+5,
312.4500,1.02752180E+5,
312.600,1.00410523E+5,
312.7500,1.02865906E+5,
312.900,1.02865906E+5,
313.0500,9.99962891E+4,
313.200,1.02275617E+5,
313.3500,9.92472734E+4,
313.500,1.01154555E+5,
313.6500,1.01208234E+5,
313.800,1.00793367E+5,
313.9500,1.01981844E+5,
314.100,1.01120961E+5,
314.2500,1.01652359E+5,
314.400,9.86768828E+4,
314.5500,9.92728359E+4,
314.700,1.00991398E+5,
314.8500,9.95155703E+4,
315.00,1.00065617E+5,
315.1500,1.00931805E+5,
315.300,1.00225148E+5,
315.4500,9.88626016E+4,
315.600,1.00295492E+5,
315.7500,9.84230469E+4,
315.900,9.82293125E+4,
316.0500,9.56402422E+4,
316.200,9.72266641E+4,
316.3500,9.48265547E+4,
316.500,9.66102578E+4,
316.6500,9.57521250E+4,
316.800,9.50778203E+4,
316.9500,9.63048906E+4,
317.100,9.48680078E+4,
317.2500,9.44111328E+4,
317.400,9.38328672E+4,
317.5500,9.41853438E+4,
317.700,9.28909531E+4,
317.8500,9.47192891E+4,
318.00,9.15443125E+4,
318.1500,9.39560703E+4,
318.300,9.22922500E+4,
318.4500,9.08361172E+4,
318.600,9.07778750E+4,
318.7500,9.17101797E+4,
318.900,9.07329531E+4,
319.0500,9.03318906E+4,
319.200,9.23381953E+4,
319.3500,8.87614531E+4,
319.500,8.88275313E+4,
319.6500,9.08990234E+4,
319.800,8.87337266E+4,
319.9500,8.95934844E+4,
320.100,8.77385234E+4,
320.2500,8.68512500E+4,
320.400,8.87322344E+4,
320.5500,8.70333906E+4,
320.700,8.65790859E+4,
320.8500,8.71202109E+4,
321.00,8.71603047E+4,
321.1500,8.41020781E+4,
321.300,8.42408281E+4,
321.4500,8.37703984E+4,
321.600,8.50755547E+4,
321.7500,8.31477500E+4,
321.900,8.15653281E+4,
322.0500,8.10844766E+4,
322.200,8.29367344E+4,
322.3500,8.02732969E+4,
322.500,8.20212109E+4,
322.6500,8.19136563E+4,
322.800,7.99365000E+4,
322.9500,7.90938359E+4,
323.100,7.90997500E+4,
323.2500,7.99341484E+4,
323.400,8.00613203E+4,
323.5500,7.83403516E+4,
323.700,7.77938750E+4,
323.8500,7.83625781E+4,
324.00,7.78958828E+4,
324.1500,7.70837344E+4,
324.300,7.71076250E+4,
324.4500,7.58342422E+4,
324.600,7.55694688E+4,
324.7500,7.50581953E+4,
324.900,7.48301953E+4,
325.0500,7.24900547E+4,
325.200,7.39704922E+4,
325.3500,7.29747891E+4,
325.500,7.26858750E+4,
325.6500,7.20510547E+4,
325.800,7.19470938E+4,
325.9500,7.03903516E+4,
326.100,7.13134922E+4,
326.2500,7.00711719E+4,
326.400,6.96552734E+4,
326.5500,6.91354609E+4,
326.700,6.85798828E+4,
326.8500,6.69556563E+4,
327.00,6.72207813E+4,
327.1500,6.74629531E+4,
327.300,6.61486719E+4,
327.4500,6.56895156E+4,
327.600,6.39574219E+4,
327.7500,6.29456523E+4,
327.900,6.28453164E+4,
328.0500,6.29279375E+4,
328.200,6.22798359E+4,
328.3500,6.24115156E+4,
328.500,6.13965586E+4,
328.6500,6.07541797E+4,
328.800,6.08797266E+4,
328.9500,6.04584805E+4,
329.100,6.02619727E+4,
329.2500,5.92237578E+4,
329.400,5.87536055E+4,
329.5500,5.86424766E+4,
329.700,5.68222305E+4,
329.8500,5.70383789E+4,
330.00,5.65061211E+4,
330.1500,5.67709063E+4,
330.300,5.47929297E+4,
330.4500,5.44299414E+4,
330.600,5.53312734E+4,
330.7500,5.55167461E+4,
330.900,5.40295781E+4,
331.0500,5.42324883E+4,
331.200,5.30845859E+4,
331.3500,5.33312695E+4,
331.500,5.18909453E+4,
331.6500,5.13971250E+4,
331.800,5.17361445E+4,
331.9500,5.05822188E+4,
332.100,5.09974961E+4,
332.2500,5.04113750E+4,
332.400,5.00929883E+4,
332.5500,4.92929375E+4,
332.700,4.89035547E+4,
332.8500,4.79994922E+4,
333.00,4.69658867E+4,
333.1500,4.75503164E+4,
333.300,4.71027422E+4,
333.4500,4.57149414E+4,
333.600,4.56239844E+4,
333.7500,4.61506055E+4,
333.900,4.60759766E+4,
334.0500,4.37771172E+4,
334.200,4.40020781E+4,
334.3500,4.31604258E+4,
334.500,4.24684766E+4,
334.6500,4.19391523E+4,
334.800,4.19534453E+4,
334.9500,4.07354453E+4,
335.100,3.93200508E+4,
335.2500,4.06649453E+4,
335.400,3.93296328E+4,
335.5500,3.85225313E+4,
335.700,3.88859688E+4,
335.8500,3.89716641E+4,
336.00,3.84175039E+4,
336.1500,3.77822969E+4,
336.300,3.72394844E+4,
336.4500,3.66211719E+4,
336.600,3.60615078E+4,
336.7500,3.64583008E+4,
336.900,3.48369844E+4,
337.0500,3.35817852E+4,
337.200,3.43339922E+4,
337.3500,3.34949023E+4,
337.500,3.35424727E+4,
337.6500,3.33087969E+4,
337.800,3.17792441E+4,
337.9500,3.17664629E+4,
338.100,3.13695605E+4,
338.2500,3.22536211E+4,
338.400,3.05904180E+4,
338.5500,3.11617344E+4,
338.700,3.02863086E+4,
338.8500,2.98014395E+4,
339.00,2.91430488E+4,
339.1500,2.98470977E+4,
339.300,2.93713027E+4,
339.4500,2.85460273E+4,
339.600,2.78305254E+4,
339.7500,2.81034824E+4,
339.900,2.73214492E+4,
340.0500,2.68168281E+4,
340.200,2.61599160E+4,
340.3500,2.57062773E+4,
340.500,2.60127090E+4,
340.6500,2.53903574E+4,
340.800,2.53200586E+4,
340.9500,2.58041738E+4,
341.100,2.52938945E+4,
341.2500,2.47611855E+4,
341.400,2.49656484E+4,
341.5500,2.46199180E+4,
341.700,2.40982461E+4,
341.8500,2.35944004E+4,
342.00,2.36565293E+4,
342.1500,2.31607500E+4,
342.300,2.31511738E+4,
342.4500,2.20001074E+4,
342.600,2.19131289E+4,
342.7500,2.20438340E+4,
342.900,2.17826934E+4,
343.0500,2.14433145E+4,
343.200,2.12877988E+4,
343.3500,2.09902422E+4,
343.500,2.08846484E+4,
343.6500,2.06223223E+4,
343.800,1.99029648E+4,
343.9500,1.92168398E+4,
344.100,1.97796445E+4,
344.2500,1.94677871E+4,
344.400,1.86349629E+4,
344.5500,1.94020801E+4,
344.700,1.89950078E+4,
344.8500,1.85720293E+4,
345.00,1.82130684E+4,
345.1500,1.79903047E+4,
345.300,1.79332207E+4,
345.4500,1.78499199E+4,
345.600,1.72815352E+4,
345.7500,1.71039355E+4,
345.900,1.71743770E+4,
346.0500,1.69969883E+4,
346.200,1.64516152E+4,
346.3500,1.62985586E+4,
346.500,1.59679199E+4,
346.6500,1.60864189E+4,
346.800,1.57808535E+4,
346.9500,1.56223271E+4,
347.100,1.54304385E+4,
347.2500,1.53557695E+4,
347.400,1.54227949E+4,
347.5500,1.49958418E+4,
347.700,1.45543066E+4,
347.8500,1.47264141E+4,
348.00,1.41229287E+4,
348.1500,1.43486035E+4,
348.300,1.41474834E+4,
348.4500,1.36506797E+4,
348.600,1.39003574E+4,
348.7500,1.36549609E+4,
348.900,1.36693027E+4,
349.0500,1.32963428E+4,
349.200,1.35560703E+4,
349.3500,1.31108193E+4,
349.500,1.36412363E+4,
349.6500,1.29080518E+4,
349.800,1.22141113E+4,
349.9500,1.23298896E+4,
350.100,1.24669492E+4,
350.2500,1.25055713E+4,
350.400,1.23516025E+4,
350.5500,1.20707285E+4,
350.700,1.18206943E+4,
350.8500,1.20191445E+4,
351.00,1.15438760E+4,
351.1500,1.15771221E+4,
351.300,1.11804307E+4,
351.4500,1.11961631E+4,
351.600,1.12169102E+4,
351.7500,1.10273096E+4,
351.900,1.09215820E+4,
352.0500,1.08113721E+4,
352.200,1.06736875E+4,
352.3500,1.04190234E+4,
352.500,1.03011836E+4,
352.6500,1.04206201E+4,
352.800,1.02500977E+4,
352.9500,1.03712773E+4,
353.100,1.00101162E+4,
353.2500,9.99515039E+3,
353.400,9.72987695E+3,
353.5500,9.47621777E+3,
353.700,9.85083887E+3,
353.8500,9.59083789E+3,
354.00,9.56223047E+3,
354.1500,9.19550879E+3,
354.300,9.34902734E+3,
354.4500,9.23969434E+3,
354.600,9.05786914E+3,
354.7500,9.19308594E+3,
354.900,9.09723438E+3,
355.0500,9.20717773E+3,
355.200,8.67159277E+3,
355.3500,8.92846191E+3,
355.500,8.69595020E+3,
355.6500,8.39818164E+3,
355.800,8.46561035E+3,
355.9500,8.14909668E+3,
356.100,8.05896826E+3,
356.2500,8.24227148E+3,
356.400,8.08210498E+3,
356.5500,8.02804004E+3,
356.700,7.95795459E+3,
356.8500,7.85343994E+3,
357.00,7.99250146E+3,
357.1500,7.91125537E+3,
357.300,7.48791357E+3,
357.4500,7.75701514E+3,
357.600,7.52637012E+3,
357.7500,7.40416553E+3,
357.900,7.27588037E+3,
358.0500,7.13017480E+3,
358.200,7.41809717E+3,
358.3500,7.33776758E+3,
358.500,7.17501855E+3,
358.6500,6.76319287E+3,
358.800,6.86363818E+3,
358.9500,7.00774268E+3,
359.100,7.05566113E+3,
359.2500,6.72187646E+3,
359.400,6.91303076E+3,
359.5500,6.91677197E+3,
359.700,7.05356201E+3,
359.8500,7.02408838E+3,
360.00,6.94271582E+3,
360.1500,7.07733496E+3,
360.300,7.06669385E+3,
360.4500,7.08182813E+3,
360.600,7.13532471E+3,
360.7500,6.75979102E+3,
360.900,6.83726953E+3,
361.0500,6.90343018E+3,
361.200,6.53178320E+3,
361.3500,6.45505029E+3,
361.500,6.98059619E+3,
361.6500,6.67915430E+3,
361.800,6.54422266E+3,
361.9500,6.56790918E+3,
362.100,6.40745264E+3,
362.2500,6.50314307E+3,
362.400,6.49131104E+3,
362.5500,6.50229297E+3,
362.700,6.41877832E+3,
362.8500,6.23716113E+3,
363.00,6.27141064E+3,
363.1500,6.37964648E+3,
363.300,6.25483643E+3,
363.4500,6.13869141E+3,
363.600,5.89885596E+3,
363.7500,6.09275146E+3,
363.900,6.09742725E+3,
364.0500,6.01641846E+3,
364.200,6.09014844E+3,
364.3500,5.79640137E+3,
364.500,5.96114355E+3,
364.6500,5.87402930E+3,
364.800,5.70301709E+3,
364.9500,5.87737402E+3,
365.100,5.84784326E+3,
365.2500,5.58236963E+3,
365.400,5.54914111E+3,
365.5500,5.56982666E+3,
365.700,5.50721826E+3,
365.8500,5.72414453E+3,
366.00,5.50558203E+3,
366.1500,5.50113135E+3,
366.300,5.50073633E+3,
366.4500,5.55743311E+3,
366.600,5.54733252E+3,
366.7500,5.62547998E+3,
366.900,5.46498975E+3,
367.0500,5.35206348E+3,
367.200,5.29820752E+3,
367.3500,5.44102881E+3,
367.500,5.39903174E+3,
367.6500,5.42897607E+3,
367.800,5.21314990E+3,
367.9500,5.16231885E+3,
368.100,5.31294873E+3,
368.2500,5.23533057E+3,
368.400,5.24071680E+3,
368.5500,5.57598096E+3,
368.700,5.61344043E+3,
368.8500,5.44645508E+3,
369.00,5.41747217E+3,
369.1500,5.38240918E+3,
369.300,5.31724561E+3,
369.4500,5.15209668E+3,
369.600,5.36956836E+3,
369.7500,5.19959033E+3,
369.900,5.26004395E+3,
370.0500,5.57169775E+3,
370.200,5.14514307E+3,
370.3500,5.25528809E+3,
370.500,5.13747461E+3,
370.6500,5.16919482E+3,
370.800,5.28261182E+3,
370.9500,5.23625049E+3,
371.100,5.24717871E+3,
371.2500,5.25614746E+3,
371.400,5.53590527E+3,
371.5500,5.61794873E+3,
371.700,5.61356836E+3,
371.8500,5.50317188E+3,
372.00,5.64720264E+3,
372.1500,5.73174561E+3,
372.300,5.53779004E+3,
372.4500,5.64058008E+3,
372.600,5.51485742E+3,
372.7500,5.46747412E+3,
372.900,5.33380518E+3,
373.0500,5.31593457E+3,
373.200,5.46342725E+3,
373.3500,5.11376611E+3,
373.500,5.27917041E+3,
373.6500,5.20290527E+3,
373.800,5.24468262E+3,
373.9500,5.04974268E+3,
374.100,4.99523486E+3,
374.2500,4.92829150E+3,
374.400,4.98197656E+3,
374.5500,4.78314111E+3,
374.700,4.85645801E+3,
374.8500,4.99989697E+3,
375.00,4.83755859E+3,
375.1500,4.67282324E+3,
375.300,4.78317529E+3,
375.4500,4.80772900E+3,
375.600,4.82009668E+3,
375.7500,4.91061719E+3,
375.900,4.68732422E+3,
376.0500,4.73642773E+3,
376.200,4.72502295E+3,
376.3500,4.73441260E+3,
376.500,4.82116797E+3,
376.6500,4.95053418E+3,
376.800,4.73890723E+3,
376.9500,4.58455273E+3,
377.100,4.67337012E+3,
377.2500,4.85746045E+3,
377.400,4.74195801E+3,
377.5500,4.79483838E+3,
377.700,4.59024561E+3,
377.8500,4.76674414E+3,
378.00,4.84990625E+3,
378.1500,4.79331982E+3,
378.300,4.81267676E+3,
378.4500,4.76485742E+3,
378.600,4.72396143E+3,
378.7500,4.66483643E+3,
378.900,4.78985693E+3,
379.0500,4.66568311E+3,
379.200,4.55166504E+3,
379.3500,4.71929590E+3,
379.500,4.69373584E+3,
379.6500,4.84582764E+3,
379.800,4.64303760E+3,
379.9500,4.64600977E+3,
380.100,4.77864063E+3,
380.2500,4.68628320E+3,
380.400,4.66342676E+3,
380.5500,4.55693555E+3,
380.700,4.59682813E+3,
380.8500,4.40744141E+3,
381.00,4.36585107E+3,
381.1500,4.52194238E+3,
381.300,4.57166699E+3,
381.4500,4.52377783E+3,
381.600,4.45831006E+3,
381.7500,4.59064697E+3,
381.900,4.65631445E+3,
382.0500,4.53119092E+3,
382.200,4.56047559E+3,
382.3500,4.55118018E+3,
382.500,4.59969580E+3,
382.6500,4.47055225E+3,
382.800,4.46810254E+3,
382.9500,4.61231006E+3,
383.100,4.50638086E+3,
383.2500,4.62153174E+3,
383.400,4.48603760E+3,
383.5500,4.53294629E+3,
383.700,4.45665527E+3,
383.8500,4.33660938E+3,
384.00,4.44191504E+3,
384.1500,4.43029248E+3,
384.300,4.41564990E+3,
384.4500,4.32920947E+3,
384.600,4.41482129E+3,
384.7500,4.21979785E+3,
384.900,4.28054736E+3,
385.0500,4.14528174E+3,
385.200,3.98213306E+3,
385.3500,4.17832422E+3,
385.500,4.02205518E+3,
385.6500,4.07741113E+3,
385.800,4.03425610E+3,
385.9500,4.02967603E+3,
386.100,3.84137476E+3,
386.2500,4.16115332E+3,
386.400,4.06338940E+3,
386.5500,4.13656494E+3,
386.700,3.95422534E+3,
386.8500,4.26561035E+3,
387.00,4.10047217E+3,
387.1500,4.01923877E+3,
387.300,4.07867358E+3,
387.4500,4.15302246E+3,
387.600,4.18356592E+3,
387.7500,4.19904980E+3,
387.900,4.17107178E+3,
388.0500,4.27915283E+3,
388.200,4.11907764E+3,
388.3500,4.14002783E+3,
388.500,4.06125220E+3,
388.6500,4.11948389E+3,
388.800,4.11528223E+3,
388.9500,4.20737842E+3,
389.100,4.10344189E+3,
389.2500,4.13087549E+3,
389.400,4.23186377E+3,
389.5500,4.21352588E+3,
389.700,4.20705078E+3,
389.8500,3.95623340E+3,
390.00,4.11692773E+3,
390.1500,4.20711182E+3,
390.300,4.10488232E+3,
390.4500,4.02342114E+3,
390.600,4.14827002E+3,
390.7500,4.01356104E+3,
390.900,4.05282153E+3,
391.0500,3.93935010E+3,
391.200,4.07469629E+3,
391.3500,4.13056055E+3,
391.500,4.14177246E+3,
391.6500,4.04397290E+3,
391.800,4.26307715E+3,
391.9500,4.17262646E+3,
392.100,4.13721240E+3,
392.2500,4.11214502E+3,
392.400,4.14703369E+3,
392.5500,4.25162207E+3,
392.700,4.10152002E+3,
392.8500,4.18753320E+3,
393.00,4.22090381E+3,
393.1500,4.20454395E+3,
393.300,4.21373584E+3,
393.4500,4.20459668E+3,
393.600,4.21245166E+3,
393.7500,4.13446143E+3,
393.900,4.25494629E+3,
394.0500,4.03646606E+3,
394.200,4.10940283E+3,
394.3500,4.16116699E+3,
394.500,4.02709546E+3,
394.6500,4.16118066E+3,
394.800,4.21554395E+3,
394.9500,4.11555322E+3,
395.100,4.19210791E+3,
395.2500,4.31555127E+3,
395.400,4.11785449E+3,
395.5500,4.27564209E+3,
395.700,4.25792773E+3,
395.8500,4.02011597E+3,
396.00,4.26404395E+3,
396.1500,4.10272998E+3,
396.300,4.09265088E+3,
396.4500,4.15515967E+3,
396.600,4.04539258E+3,
396.7500,4.09423926E+3,
396.900,4.15525488E+3,
397.0500,4.03669019E+3,
397.200,4.12663721E+3,
397.3500,4.28832080E+3,
397.500,4.00779126E+3,
397.6500,3.92563843E+3,
397.800,4.06004443E+3,
397.9500,3.93624268E+3,
398.100,4.01016431E+3,
398.2500,3.95888037E+3,
398.400,3.90908008E+3,
398.5500,3.83923853E+3,
398.700,3.88241284E+3,
398.8500,3.74972119E+3,
399.00,3.79697803E+3,
399.1500,3.72811133E+3,
399.300,3.91235596E+3,
399.4500,3.77936328E+3,
399.600,3.72946362E+3,
399.7500,3.82920630E+3,
399.900,3.89545898E+3,
400.0500,3.41461450E+3,
400.200,3.44082056E+3,
400.3500,3.45138843E+3,
400.500,3.35149414E+3,
400.6500,3.34365186E+3,
400.800,3.34518530E+3,
400.9500,3.36223193E+3,
401.100,3.29167944E+3,
401.2500,3.39434937E+3,
401.400,3.37971240E+3,
401.5500,3.39129492E+3,
401.700,3.31999634E+3,
401.8500,3.20604810E+3,
402.00,3.33272485E+3,
402.1500,3.43798218E+3,
402.300,3.39497046E+3,
402.4500,3.26374146E+3,
402.600,3.30028687E+3,
402.7500,3.45224463E+3,
402.900,3.50974268E+3,
403.0500,3.25643994E+3,
403.200,3.30644751E+3,
403.3500,3.38355444E+3,
403.500,3.46652344E+3,
403.6500,3.38804126E+3,
403.800,3.25711963E+3,
403.9500,3.34753955E+3,
404.100,3.22315039E+3,
404.2500,3.20109644E+3,
404.400,3.16415283E+3,
404.5500,3.24996924E+3,
404.700,3.30124658E+3,
404.8500,3.08089282E+3,
405.00,3.10697607E+3,
405.1500,3.20617358E+3,
405.300,3.08810083E+3,
405.4500,3.05348438E+3,
405.600,3.18512500E+3,
405.7500,3.06902393E+3,
405.900,3.10715137E+3,
406.0500,3.11560913E+3,
406.200,2.98072363E+3,
406.3500,3.01731079E+3,
406.500,2.95804175E+3,
406.6500,2.80175293E+3,
406.800,2.91348877E+3,
406.9500,2.91041528E+3,
407.100,2.92478857E+3,
407.2500,3.00355444E+3,
407.400,2.88010596E+3,
407.5500,2.89005078E+3,
407.700,2.84009790E+3,
407.8500,2.84719287E+3,
408.00,3.03651440E+3,
408.1500,2.85273413E+3,
408.300,2.83956104E+3,
408.4500,2.79301318E+3,
408.600,2.87287964E+3,
408.7500,2.86269019E+3,
408.900,2.92932568E+3,
409.0500,2.93083887E+3,
409.200,2.83861426E+3,
409.3500,2.76535059E+3,
409.500,2.88999878E+3,
409.6500,2.72165918E+3,
409.800,2.72223047E+3,
409.9500,2.79625146E+3,
410.100,2.77954077E+3,
410.2500,2.53719165E+3,
410.400,2.70317236E+3,
410.5500,2.68519678E+3,
410.700,2.59843335E+3,
410.8500,2.67230542E+3,
411.00,2.63296753E+3,
411.1500,2.59643994E+3,
411.300,2.69148853E+3,
411.4500,2.59930396E+3,
411.600,2.64998804E+3,
411.7500,2.64357031E+3,
411.900,2.70413965E+3,
412.0500,2.69201514E+3,
412.200,2.66852783E+3,
412.3500,2.69199756E+3,
412.500,2.71118433E+3,
412.6500,2.72609839E+3,
412.800,2.68570166E+3,
412.9500,2.63404590E+3,
413.100,2.70557422E+3,
413.2500,2.54637036E+3,
413.400,2.61077319E+3,
413.5500,2.51266089E+3,
413.700,2.64193530E+3,
413.8500,2.56795483E+3,
414.00,2.50114795E+3,
414.1500,2.43866333E+3,
414.300,2.57184912E+3,
414.4500,2.54739014E+3,
414.600,2.61288818E+3,
414.7500,2.61232642E+3,
414.900,2.49535645E+3,
415.0500,2.34077686E+3,
415.200,2.40363257E+3,
415.3500,2.62319092E+3,
415.500,2.43260522E+3,
415.6500,2.52186841E+3,
415.800,2.57610034E+3,
415.9500,2.50322729E+3,
416.100,2.57974780E+3,
416.2500,2.43866870E+3,
416.400,2.51515625E+3,
416.5500,2.42584204E+3,
416.700,2.45077002E+3,
416.8500,2.42282520E+3,
417.00,2.45469458E+3,
417.1500,2.45175659E+3,
417.300,2.48909155E+3,
417.4500,2.52639087E+3,
417.600,2.47353149E+3,
417.7500,2.47478833E+3,
417.900,2.58129980E+3,
418.0500,2.48426636E+3,
418.200,2.56997681E+3,
418.3500,2.57541895E+3,
418.500,2.64718335E+3,
418.6500,2.59736230E+3,
418.800,2.66353296E+3,
418.9500,2.75722559E+3,
419.100,2.78049878E+3,
419.2500,2.86850073E+3,
419.400,2.82697803E+3,
419.5500,2.93139282E+3,
419.700,2.95455029E+3,
419.8500,2.93370190E+3,
420.00,2.75762378E+3,
420.1500,2.82466968E+3,
420.300,2.78048315E+3,
420.4500,2.85157446E+3,
420.600,2.87598706E+3,
420.7500,2.88531201E+3,
420.900,2.84671338E+3,
421.0500,2.83554346E+3,
421.200,2.73687085E+3,
421.3500,2.72443872E+3,
421.500,2.86641699E+3,
421.6500,2.81161646E+3,
421.800,2.77053296E+3,
421.9500,2.83726440E+3,
422.100,2.92866162E+3,
422.2500,3.01462769E+3,
422.400,2.84987109E+3,
422.5500,2.93717554E+3,
422.700,2.78213477E+3,
422.8500,2.79185913E+3,
423.00,2.94710156E+3,
423.1500,2.93255151E+3,
423.300,2.90170728E+3,
423.4500,2.96463721E+3,
423.600,2.85911157E+3,
423.7500,2.91931226E+3,
423.900,2.90346704E+3,
424.0500,2.88628271E+3,
424.200,2.96000854E+3,
424.3500,2.81942529E+3,
424.500,2.80230371E+3,
424.6500,2.98985327E+3,
424.800,2.96457300E+3,
424.9500,2.89055078E+3,
425.100,2.99792944E+3,
425.2500,2.85071313E+3,
425.400,2.87410132E+3,
425.5500,2.74327197E+3,
425.700,2.95465430E+3,
425.8500,2.88337769E+3,
426.00,3.02026123E+3,
426.1500,2.86107837E+3,
426.300,2.88701758E+3,
426.4500,2.80225757E+3,
426.600,2.95100269E+3,
426.7500,2.77862036E+3,
426.900,2.81536597E+3,
427.0500,2.74703394E+3,
427.200,2.87698999E+3,
427.3500,2.85464990E+3,
427.500,2.81347217E+3,
427.6500,2.90427246E+3,
427.800,2.73927368E+3,
427.9500,2.78699170E+3,
428.100,2.75299463E+3,
428.2500,2.74206494E+3,
428.400,2.80917065E+3,
428.5500,2.92739111E+3,
428.700,2.65951733E+3,
428.8500,2.75083154E+3,
429.00,2.89055835E+3,
429.1500,2.83402612E+3,
429.300,2.89854858E+3,
429.4500,2.68330688E+3,
429.600,2.75052002E+3,
429.7500,2.70340918E+3,
429.900,2.71144263E+3,
430.0500,2.74488818E+3,
430.200,2.91519751E+3,
430.3500,2.76548071E+3,
430.500,2.87255835E+3,
430.6500,2.76591138E+3,
430.800,2.80442773E+3,
430.9500,2.72335986E+3,
431.100,2.76441650E+3,
431.2500,2.69795142E+3,
431.400,2.71879150E+3,
431.5500,2.68459204E+3,
431.700,2.73361450E+3,
431.8500,2.49818555E+3,
432.00,2.68003101E+3,
432.1500,2.75483984E+3,
432.300,2.74380591E+3,
432.4500,2.71936768E+3,
432.600,2.76465625E+3,
432.7500,2.70000537E+3,
432.900,2.60588062E+3,
433.0500,2.75856885E+3,
433.200,2.63679614E+3,
433.3500,2.64102222E+3,
433.500,2.68815039E+3,
433.6500,2.63204126E+3,
433.800,2.63760522E+3,
433.9500,2.66998853E+3,
434.100,2.69852490E+3,
434.2500,2.69361719E+3,
434.400,2.70883057E+3,
434.5500,2.57643750E+3,
434.700,2.55405103E+3,
434.8500,2.73971802E+3,
435.00,2.64887524E+3,
435.1500,2.51776807E+3,
435.300,2.74520581E+3,
435.4500,2.60062891E+3,
435.600,2.75426392E+3,
435.7500,2.50481519E+3,
435.900,2.64235376E+3,
436.0500,2.68319702E+3,
436.200,2.65422559E+3,
436.3500,2.63734082E+3,
436.500,2.65407544E+3,
436.6500,2.63986670E+3,
436.800,2.68755493E+3,
436.9500,2.63026611E+3,
437.100,2.56369531E+3,
437.2500,2.72209912E+3,
437.400,2.62864771E+3,
437.5500,2.67664624E+3,
437.700,2.65995728E+3,
437.8500,2.71203174E+3,
438.00,2.73985059E+3,
438.1500,2.63043140E+3,
438.300,2.61812280E+3,
438.4500,2.73682861E+3,
438.600,2.69886499E+3,
438.7500,2.61624121E+3,
438.900,2.70532568E+3,
439.0500,2.62408643E+3,
439.200,2.71360034E+3,
439.3500,2.54713818E+3,
439.500,2.50790771E+3,
439.6500,2.58662988E+3,
439.800,2.57178906E+3,
439.9500,2.53248096E+3,
440.100,2.47953149E+3,
440.2500,2.44962402E+3,
440.400,2.48632227E+3,
440.5500,2.49039209E+3,
440.700,2.39778394E+3,
440.8500,2.55437573E+3,
441.00,2.40580127E+3,
441.1500,2.54612866E+3,
441.300,2.49283960E+3,
441.4500,2.40126538E+3,
441.600,2.50626929E+3,
441.7500,2.45422437E+3,
441.900,2.55524341E+3,
442.0500,2.38699634E+3,
442.200,2.50209302E+3,
442.3500,2.46118872E+3,
442.500,2.48326538E+3,
442.6500,2.39291357E+3,
442.800,2.42730713E+3,
442.9500,2.47271802E+3,
443.100,2.41963965E+3,
443.2500,2.49179395E+3,
443.400,2.38513623E+3,
443.5500,2.40363843E+3,
443.700,2.47040991E+3,
443.8500,2.44069849E+3,
444.00,2.39988086E+3,
444.1500,2.48255664E+3,
444.300,2.39796167E+3,
444.4500,2.40044019E+3,
444.600,2.44034644E+3,
444.7500,2.32902954E+3,
444.900,2.46200488E+3,
445.0500,2.31173096E+3,
445.200,2.34814063E+3,
445.3500,2.36231323E+3,
445.500,2.35974951E+3,
445.6500,2.33059814E+3,
445.800,2.30555566E+3,
445.9500,2.46124194E+3,
446.100,2.18012378E+3,
446.2500,2.36104736E+3,
446.400,2.40452197E+3,
446.5500,2.42272363E+3,
446.700,2.37170630E+3,
446.8500,2.41535107E+3,
447.00,2.40522900E+3,
447.1500,2.34028418E+3,
447.300,2.39043384E+3,
447.4500,2.36077759E+3,
447.600,2.43551880E+3,
447.7500,2.32245142E+3,
447.900,2.44636157E+3,
448.0500,2.45097144E+3,
448.200,2.47715869E+3,
448.3500,2.31271924E+3,
448.500,2.39254053E+3,
448.6500,2.40835571E+3,
448.800,2.43309570E+3,
448.9500,2.43725342E+3,
449.100,2.38446802E+3,
449.2500,2.48949731E+3,
449.400,2.57608325E+3,
449.5500,2.61361621E+3,
449.700,2.78551953E+3,
449.8500,2.87200244E+3,
450.00,3.15041797E+3,
450.1500,1.64048187E+2,
450.300,1.46144440E+2,
450.4500,1.67118652E+2,
450.600,1.61607895E+2,
450.7500,2.09632721E+2,
450.900,1.88423233E+2,
451.0500,2.20766617E+2,
451.200,2.55728943E+2,
451.3500,2.38276154E+2,
451.500,2.36706741E+2,
451.6500,2.51024612E+2,
451.800,3.25722504E+2,
451.9500,3.40049500E+2,
452.100,3.54913513E+2,
452.2500,3.62844360E+2,
452.400,5.02665466E+2,
452.5500,3.97298828E+2,
452.700,4.34570496E+2,
452.8500,4.97910858E+2,
453.00,4.72689453E+2,
453.1500,4.78860046E+2,
453.300,5.55120850E+2,
453.4500,5.39512024E+2,
453.600,5.37671448E+2,
453.7500,5.77783569E+2,
453.900,6.57597351E+2,
454.0500,6.48978210E+2,
454.200,7.09010010E+2,
454.3500,7.52200073E+2,
454.500,7.06511475E+2,
454.6500,8.08142639E+2,
454.800,8.27023499E+2,
454.9500,8.07373230E+2,
455.100,8.76430969E+2,
455.2500,8.78606628E+2,
455.400,9.69698181E+2,
455.5500,9.29874634E+2,
455.700,9.56401917E+2,
455.8500,1.05882019E+3,
456.00,1.08825732E+3,
456.1500,1.07812622E+3,
456.300,1.11751196E+3,
456.4500,1.13521716E+3,
456.600,1.18431213E+3,
456.7500,1.14783142E+3,
456.900,1.27292603E+3,
457.0500,1.18744397E+3,
457.200,1.35589001E+3,
457.3500,1.29283447E+3,
457.500,1.33576892E+3,
457.6500,1.34296082E+3,
457.800,1.45656458E+3,
457.9500,1.48048657E+3,
458.100,1.45121643E+3,
458.2500,1.46924207E+3,
458.400,1.60593982E+3,
458.5500,1.59866858E+3,
458.700,1.52000354E+3,
458.8500,1.49525574E+3,
459.00,1.52358936E+3,
459.1500,1.59492273E+3,
459.300,1.54204895E+3,
459.4500,1.61032056E+3,
459.600,1.65209705E+3,
459.7500,1.52721448E+3,
459.900,1.64950354E+3,
460.0500,1.62346313E+3,
460.200,1.71810718E+3,
460.3500,1.66011694E+3,
460.500,1.73210864E+3,
460.6500,1.73964929E+3,
460.800,1.85281177E+3,
460.9500,1.86891699E+3,
461.100,1.89340601E+3,
461.2500,1.75970459E+3,
461.400,1.87876111E+3,
461.5500,1.97470837E+3,
461.700,1.94001782E+3,
461.8500,2.00747412E+3,
462.00,2.05905273E+3,
462.1500,2.12236523E+3,
462.300,2.18753613E+3,
462.4500,2.31690649E+3,
462.600,2.38230835E+3,
462.7500,2.40495435E+3,
462.900,2.32663379E+3,
463.0500,2.16895630E+3,
463.200,2.23808521E+3,
463.3500,2.17342163E+3,
463.500,2.14024243E+3,
463.6500,2.13510376E+3,
463.800,2.15352759E+3,
463.9500,2.00342798E+3,
464.100,1.98090271E+3,
464.2500,2.05310791E+3,
464.400,1.93540833E+3,
464.5500,2.03810425E+3,
464.700,1.99587061E+3,
464.8500,1.99068018E+3,
465.00,1.96347083E+3,
465.1500,2.08793311E+3,
465.300,2.04133997E+3,
465.4500,2.05971924E+3,
465.600,2.08118384E+3,
465.7500,2.11196484E+3,
465.900,2.21127466E+3,
466.0500,2.09872534E+3,
466.200,2.11542163E+3,
466.3500,2.18073120E+3,
466.500,2.48358496E+3,
466.6500,2.57402930E+3,
466.800,2.81780591E+3,
466.9500,3.03725513E+3,
467.100,3.26776318E+3,
467.2500,3.31103247E+3,
467.400,3.28653857E+3,
467.5500,3.15560449E+3,
467.700,3.08024390E+3,
467.8500,2.78233105E+3,
468.00,2.66986255E+3,
468.1500,2.59683862E+3,
468.300,2.48119360E+3,
468.4500,2.48993213E+3,
468.600,2.44478882E+3,
468.7500,2.27686426E+3,
468.900,2.32943945E+3,
469.0500,2.27056812E+3,
469.200,2.35590991E+3,
469.3500,2.29842676E+3,
469.500,2.42307446E+3,
469.6500,2.32926709E+3,
469.800,2.28710913E+3,
469.9500,2.26823047E+3,
470.100,2.28693286E+3,
470.2500,2.27248242E+3,
470.400,2.30136426E+3,
470.5500,2.19332471E+3,
470.700,2.15986035E+3,
470.8500,2.12141382E+3,
471.00,2.14230347E+3,
471.1500,2.16557764E+3,
471.300,2.07538013E+3,
471.4500,2.02540295E+3,
471.600,2.02663538E+3,
471.7500,2.05494897E+3,
471.900,2.06118994E+3,
472.0500,2.01141553E+3,
472.200,2.09213965E+3,
472.3500,2.13075684E+3,
472.500,2.03915808E+3,
472.6500,2.19192725E+3,
472.800,2.26854810E+3,
472.9500,2.27807715E+3,
473.100,2.60499341E+3,
473.2500,2.74778833E+3,
473.400,2.84252637E+3,
473.5500,2.83620190E+3,
473.700,2.45876465E+3,
473.8500,2.16043018E+3,
474.00,2.16918945E+3,
474.1500,2.17816138E+3,
474.300,2.09912793E+3,
474.4500,2.12910156E+3,
474.600,2.05607129E+3,
474.7500,2.02904395E+3,
474.900,1.93301685E+3,
475.0500,2.02105212E+3,
475.200,2.02920911E+3,
475.3500,2.10637891E+3,
475.500,2.10153882E+3,
475.6500,1.92363977E+3,
475.800,1.96380188E+3,
475.9500,2.08500830E+3,
476.100,2.07724902E+3,
476.2500,1.98146460E+3,
476.400,2.00575854E+3,
476.5500,1.94096704E+3,
476.700,2.03333752E+3,
476.8500,2.13073828E+3,
477.00,2.10999585E+3,
477.1500,2.04435364E+3,
477.300,2.03779004E+3,
477.4500,2.06729639E+3,
477.600,2.04268896E+3,
477.7500,2.13035083E+3,
477.900,2.08468506E+3,
478.0500,2.08220605E+3,
478.200,2.12403271E+3,
478.3500,2.11369336E+3,
478.500,2.08226074E+3,
478.6500,2.14320044E+3,
478.800,2.19915381E+3,
478.9500,2.13554858E+3,
479.100,2.24496704E+3,
479.2500,2.13126440E+3,
479.400,2.07380859E+3,
479.5500,2.06562549E+3,
479.700,2.17122925E+3,
479.8500,2.16206396E+3,
480.00,2.08233325E+3,
480.1500,2.20326514E+3,
480.300,2.25973804E+3,
480.4500,2.27891309E+3,
480.600,2.30415869E+3,
480.7500,2.40720361E+3,
480.900,2.51841943E+3,
481.0500,2.61656934E+3,
481.200,2.48314063E+3,
481.3500,2.50947314E+3,
481.500,2.36271875E+3,
481.6500,2.45585303E+3,
481.800,2.41127271E+3,
481.9500,2.28860718E+3,
482.100,2.29772437E+3,
482.2500,2.28862036E+3,
482.400,2.33532349E+3,
482.5500,2.36886401E+3,
482.700,2.48064795E+3,
482.8500,2.44211743E+3,
483.00,2.53775562E+3,
483.1500,2.46793481E+3,
483.300,2.46928052E+3,
483.4500,2.30462305E+3,
483.600,2.44036938E+3,
483.7500,2.40702026E+3,
483.900,2.34302856E+3,
484.0500,2.38312744E+3,
484.200,2.45505713E+3,
484.3500,2.34926318E+3,
484.500,2.36398706E+3,
484.6500,2.37053735E+3,
484.800,2.34637671E+3,
484.9500,2.32422925E+3,
485.100,2.31241577E+3,
485.2500,2.30268994E+3,
485.400,2.25291479E+3,
485.5500,2.27598804E+3,
485.700,2.18294873E+3,
485.8500,2.24507275E+3,
486.00,2.26713623E+3,
486.1500,2.30988623E+3,
486.300,2.36814478E+3,
486.4500,2.35222754E+3,
486.600,2.35175977E+3,
486.7500,2.38019751E+3,
486.900,2.50269800E+3,
487.0500,2.55498486E+3,
487.200,2.57824341E+3,
487.3500,2.92761816E+3,
487.500,2.86202979E+3,
487.6500,3.21819263E+3,
487.800,3.92633228E+3,
487.9500,4.56784766E+3,
488.100,5.75194043E+3,
488.2500,6.94972021E+3,
488.400,8.19347949E+3,
488.5500,9.25449414E+3,
488.700,9.62885547E+3,
488.8500,8.88965625E+3,
489.00,7.82257422E+3,
489.1500,6.14840771E+3,
489.300,5.08014160E+3,
489.4500,4.75564111E+3,
489.600,4.53932080E+3,
489.7500,4.70514844E+3,
489.900,5.21724365E+3,
490.0500,5.95833740E+3,
490.200,6.21213428E+3,
490.3500,7.51939111E+3,
490.500,8.16902393E+3,
490.6500,9.49547363E+3,
490.800,9.66023145E+3,
490.9500,1.03349639E+4,
491.100,1.03654746E+4,
491.2500,1.09669189E+4,
491.400,1.16673271E+4,
491.5500,1.28012305E+4,
491.700,1.32604463E+4,
491.8500,1.45569688E+4,
492.00,1.49157539E+4,
492.1500,1.48910645E+4,
492.300,1.42298613E+4,
492.4500,1.33714570E+4,
492.600,1.22930957E+4,
492.7500,1.11099590E+4,
492.900,1.04666768E+4,
493.0500,9.58087891E+3,
493.200,9.13402441E+3,
493.3500,8.82167969E+3,
493.500,8.44807031E+3,
493.6500,8.03332422E+3,
493.800,7.92531299E+3,
493.9500,7.62803711E+3,
494.100,7.28427686E+3,
494.2500,7.20419824E+3,
494.400,7.23425146E+3,
494.5500,7.22253760E+3,
494.700,7.56569336E+3,
494.8500,7.43290820E+3,
495.00,7.44272119E+3,
495.1500,7.68818652E+3,
495.300,7.83506055E+3,
495.4500,7.97460303E+3,
495.600,8.30499121E+3,
495.7500,7.75621338E+3,
495.900,7.97037598E+3,
496.0500,7.42283691E+3,
496.200,7.47565332E+3,
496.3500,7.27220703E+3,
496.500,7.05756250E+3,
496.6500,6.61610596E+3,
496.800,6.60758789E+3,
496.9500,6.34184375E+3,
497.100,6.14109717E+3,
497.2500,5.95316357E+3,
497.400,6.08477393E+3,
497.5500,6.03689502E+3,
497.700,6.31811279E+3,
497.8500,6.39032471E+3,
498.00,6.41786963E+3,
498.1500,6.59969238E+3,
498.300,6.58708203E+3,
498.4500,6.46054541E+3,
498.600,6.45869482E+3,
498.7500,6.39648340E+3,
498.900,6.12113135E+3,
499.0500,6.07716748E+3,
499.200,5.81647461E+3,
499.3500,5.38464209E+3,
499.500,5.17239648E+3,
499.6500,5.13290527E+3,
499.800,4.83170313E+3,
499.9500,4.52552734E+3,
500.100,4.58487695E+3,
500.2500,4.23480762E+3,
500.400,4.02146606E+3,
500.5500,3.92082568E+3,
500.700,3.83664063E+3,
500.8500,3.77117310E+3,
501.00,3.55437280E+3,
501.1500,3.49628345E+3,
501.300,3.39464282E+3,
501.4500,3.28835498E+3,
501.600,3.30236035E+3,
501.7500,3.09975317E+3,
501.900,3.16165308E+3,
502.0500,3.00106323E+3,
502.200,2.99357080E+3,
502.3500,3.01294580E+3,
502.500,2.91907837E+3,
502.6500,2.91034180E+3,
502.800,2.81957568E+3,
502.9500,2.92989380E+3,
503.100,2.90320679E+3,
503.2500,2.81794409E+3,
503.400,2.70997412E+3,
503.5500,2.69319214E+3,
503.700,2.79720264E+3,
503.8500,2.81435571E+3,
504.00,2.90053467E+3,
504.1500,2.92242822E+3,
504.300,2.85821851E+3,
504.4500,3.00713745E+3,
504.600,3.07683887E+3,
504.7500,3.20688257E+3,
504.900,3.11194189E+3,
505.0500,3.39934082E+3,
505.200,3.47760913E+3,
505.3500,3.55828564E+3,
505.500,3.80803564E+3,
505.6500,4.27186816E+3,
505.800,4.35571533E+3,
505.9500,4.70980859E+3,
506.100,4.86305029E+3,
506.2500,5.70692529E+3,
506.400,6.04505127E+3,
506.5500,6.81457275E+3,
506.700,7.39576514E+3,
506.8500,8.31290527E+3,
507.00,9.04623242E+3,
507.1500,9.71136035E+3,
507.300,1.02877412E+4,
507.4500,1.05671348E+4,
507.600,1.04630723E+4,
507.7500,1.03390811E+4,
507.900,9.85094043E+3,
508.0500,9.36429492E+3,
508.200,8.56694434E+3,
508.3500,7.45291943E+3,
508.500,6.85667627E+3,
508.6500,6.27782031E+3,
508.800,5.88546631E+3,
508.9500,5.36741455E+3,
509.100,4.99424805E+3,
509.2500,4.49632715E+3,
509.400,4.45743213E+3,
509.5500,4.35282861E+3,
509.700,4.28201514E+3,
509.8500,4.21574121E+3,
510.00,4.46895361E+3,
510.1500,4.47774365E+3,
510.300,4.64428564E+3,
510.4500,4.82996680E+3,
510.600,4.99237891E+3,
510.7500,5.12909570E+3,
510.900,4.98956445E+3,
511.0500,5.02954102E+3,
511.200,4.70623584E+3,
511.3500,4.21764746E+3,
511.500,3.82183911E+3,
511.6500,3.39681812E+3,
511.800,3.30007764E+3,
511.9500,2.95584229E+3,
512.100,2.85150098E+3,
512.2500,2.68626221E+3,
512.400,2.58985718E+3,
512.5500,2.40493579E+3,
512.700,2.38093335E+3,
512.8500,2.26838794E+3,
513.00,2.33036938E+3,
513.1500,2.15180957E+3,
513.300,2.17796191E+3,
513.4500,2.11171997E+3,
513.600,1.96121460E+3,
513.7500,1.96918677E+3,
513.900,1.91575696E+3,
514.0500,1.94540942E+3,
514.200,1.84004053E+3,
514.3500,1.82020068E+3,
514.500,1.77613086E+3,
514.6500,1.85783704E+3,
514.800,1.78583362E+3,
514.9500,1.77431726E+3,
515.100,1.80161743E+3,
515.2500,1.71473120E+3,
515.400,1.81743530E+3,
515.5500,1.68410083E+3,
515.700,1.84181934E+3,
515.8500,1.66918250E+3,
516.00,1.63665210E+3,
516.1500,1.68353479E+3,
516.300,1.68644531E+3,
516.4500,1.60850256E+3,
516.600,1.70084973E+3,
516.7500,1.52700757E+3,
516.900,1.66736511E+3,
517.0500,1.55218848E+3,
517.200,1.55993555E+3,
517.3500,1.61575720E+3,
517.500,1.49773242E+3,
517.6500,1.55235754E+3,
517.800,1.53662170E+3,
517.9500,1.41071460E+3,
518.100,1.62274780E+3,
518.2500,1.52026331E+3,
518.400,1.53176038E+3,
518.5500,1.46250684E+3,
518.700,1.48390710E+3,
518.8500,1.44184351E+3,
519.00,1.52557324E+3,
519.1500,1.41240454E+3,
519.300,1.45137036E+3,
519.4500,1.52667358E+3,
519.600,1.46820081E+3,
519.7500,1.43089978E+3,
519.900,1.39978650E+3,
520.0500,1.40503394E+3,
520.200,1.39398767E+3,
520.3500,1.39549438E+3,
520.500,1.37936292E+3,
520.6500,1.36319104E+3,
520.800,1.40378589E+3,
520.9500,1.28396704E+3,
521.100,1.44219519E+3,
521.2500,1.35759412E+3,
521.400,1.37169409E+3,
521.5500,1.44292444E+3,
521.700,1.29452258E+3,
521.8500,1.35690869E+3,
522.00,1.39013965E+3,
522.1500,1.40304663E+3,
522.300,1.30499194E+3,
522.4500,1.31655029E+3,
522.600,1.32301318E+3,
522.7500,1.45232385E+3,
522.900,1.28600916E+3,
523.0500,1.32965393E+3,
523.200,1.37600549E+3,
523.3500,1.32736292E+3,
523.500,1.34421399E+3,
523.6500,1.31087585E+3,
523.800,1.27230396E+3,
523.9500,1.22332312E+3,
524.100,1.36285339E+3,
524.2500,1.21430542E+3,
524.400,1.35930237E+3,
524.5500,1.31928137E+3,
524.700,1.28046826E+3,
524.8500,1.25715112E+3,
525.00,1.27408240E+3,
525.1500,1.25846765E+3,
525.300,1.18549463E+3,
525.4500,1.20887000E+3,
525.600,1.16571289E+3,
525.7500,1.19825330E+3,
525.900,1.21254260E+3,
526.0500,1.28448462E+3,
526.200,1.28189612E+3,
526.3500,1.14808655E+3,
526.500,1.28062695E+3,
526.6500,1.29641870E+3,
526.800,1.18851550E+3,
526.9500,1.21345752E+3,
527.100,1.21743372E+3,
527.2500,1.17524158E+3,
527.400,1.29819812E+3,
527.5500,1.30231262E+3,
527.700,1.26138281E+3,
527.8500,1.31718713E+3,
528.00,1.21508435E+3,
528.1500,1.20187317E+3,
528.300,1.18330054E+3,
528.4500,1.23530823E+3,
528.600,1.24073535E+3,
528.7500,1.25685547E+3,
528.900,1.33585583E+3,
529.0500,1.33067993E+3,
529.200,1.29330151E+3,
529.3500,1.28132556E+3,
529.500,1.19812854E+3,
529.6500,1.20483630E+3,
529.800,1.21020642E+3,
529.9500,1.19806506E+3,
530.100,1.21690808E+3,
530.2500,1.28440125E+3,
530.400,1.22088782E+3,
530.5500,1.23979443E+3,
530.700,1.23434924E+3,
530.8500,1.26550903E+3,
531.00,1.26142725E+3,
531.1500,1.26687268E+3,
531.300,1.20156335E+3,
531.4500,1.27914502E+3,
531.600,1.31734033E+3,
531.7500,1.32421387E+3,
531.900,1.34066382E+3,
532.0500,1.25319006E+3,
532.200,1.38607642E+3,
532.3500,1.36156885E+3,
532.500,1.36170996E+3,
532.6500,1.36734290E+3,
532.800,1.39499341E+3,
532.9500,1.38826953E+3,
533.100,1.37191589E+3,
533.2500,1.38867017E+3,
533.400,1.20783691E+3,
533.5500,1.31574414E+3,
533.700,1.22582202E+3,
533.8500,1.30486499E+3,
534.00,1.30911621E+3,
534.1500,1.32312073E+3,
534.300,1.27453699E+3,
534.4500,1.29130933E+3,
534.600,1.24256860E+3,
534.7500,1.24118164E+3,
534.900,1.20903699E+3,
535.0500,1.34192737E+3,
535.200,1.20053406E+3,
535.3500,1.24113464E+3,
535.500,1.30287952E+3,
535.6500,1.24247668E+3,
535.800,1.26917249E+3,
535.9500,1.26775085E+3,
536.100,1.22120667E+3,
536.2500,1.34114502E+3,
536.400,1.18999194E+3,
536.5500,1.38230762E+3,
536.700,1.30167639E+3,
536.8500,1.36549390E+3,
537.00,1.34427563E+3,
537.1500,1.33158984E+3,
537.300,1.39854163E+3,
537.4500,1.38730200E+3,
537.600,1.37745654E+3,
537.7500,1.37472144E+3,
537.900,1.43485742E+3,
538.0500,1.31771289E+3,
538.200,1.34640796E+3,
538.3500,1.32927502E+3,
538.500,1.37526282E+3,
538.6500,1.34949072E+3,
538.800,1.27473682E+3,
538.9500,1.24734448E+3,
539.100,1.18096643E+3,
539.2500,1.23858887E+3,
539.400,1.20673401E+3,
539.5500,1.25582312E+3,
539.700,1.23983948E+3,
539.8500,1.21366443E+3,
540.00,1.22952380E+3,
540.1500,1.20333997E+3,
540.300,1.20182397E+3,
540.4500,1.15514380E+3,
540.600,1.24251941E+3,
540.7500,1.14466687E+3,
540.900,1.23514612E+3,
541.0500,1.15023010E+3,
541.200,1.14864343E+3,
541.3500,1.18225159E+3,
541.500,1.29229590E+3,
541.6500,1.27468213E+3,
541.800,1.27909973E+3,
541.9500,1.26436694E+3,
542.100,1.20828699E+3,
542.2500,1.36328723E+3,
542.400,1.37816162E+3,
542.5500,1.25390491E+3,
542.700,1.29980127E+3,
542.8500,1.25825330E+3,
543.00,1.29682141E+3,
543.1500,1.38603955E+3,
543.300,1.32210181E+3,
543.4500,1.32956104E+3,
543.600,1.33106238E+3,
543.7500,1.31463513E+3,
543.900,1.26975000E+3,
544.0500,1.29063440E+3,
544.200,1.28907129E+3,
544.3500,1.23197778E+3,
544.500,1.32197266E+3,
544.6500,1.27079517E+3,
544.800,1.34897681E+3,
544.9500,1.36703821E+3,
545.100,1.31122668E+3,
545.2500,1.33082764E+3,
545.400,1.36256653E+3,
545.5500,1.38982825E+3,
545.700,1.42017798E+3,
545.8500,1.41569031E+3,
546.00,1.38080640E+3,
546.1500,1.38549292E+3,
546.300,1.28207483E+3,
546.4500,1.27139917E+3,
546.600,1.28511279E+3,
546.7500,1.39970581E+3,
546.900,1.29732373E+3,
547.0500,1.28202588E+3,
547.200,1.29281323E+3,
547.3500,1.20227930E+3,
547.500,1.24526819E+3,
547.6500,1.27296570E+3,
547.800,1.28377197E+3,
547.9500,1.28688550E+3,
548.100,1.38887939E+3,
548.2500,1.39057678E+3,
548.400,1.52081458E+3,
548.5500,1.36450549E+3,
548.700,1.50898926E+3,
548.8500,1.49993726E+3,
549.00,1.57956140E+3,
549.1500,1.48172791E+3,
549.300,1.48816956E+3,
549.4500,1.46494775E+3,
549.600,1.47762769E+3,
549.7500,1.29777844E+3,
549.900,1.52970532E+3,
550.0500,1.52051892E+3,
550.200,1.69197009E+3,
550.3500,1.57126721E+3,
550.500,1.77623376E+3,
550.6500,1.81771545E+3,
550.800,1.81035645E+3,
550.9500,1.85670056E+3,
551.100,1.98541541E+3,
551.2500,1.94337109E+3,
551.400,1.92025012E+3,
551.5500,1.87960413E+3,
551.700,1.83091199E+3,
551.8500,1.93644263E+3,
552.00,1.89246765E+3,
552.1500,1.80859119E+3,
552.300,1.74366870E+3,
552.4500,1.64661353E+3,
552.600,1.64855566E+3,
552.7500,1.69536353E+3,
552.900,1.62034827E+3,
553.0500,1.56927356E+3,
553.200,1.53743152E+3,
553.3500,1.50389429E+3,
553.500,1.47510498E+3,
553.6500,1.57698254E+3,
553.800,1.53688672E+3,
553.9500,1.59700671E+3,
554.100,1.56331799E+3,
554.2500,1.55225464E+3,
554.400,1.48919153E+3,
554.5500,1.51864648E+3,
554.700,1.57095996E+3,
554.8500,1.60709436E+3,
555.00,1.62699097E+3,
555.1500,1.59300366E+3,
555.300,1.54747607E+3,
555.4500,1.64104553E+3,
555.600,1.73647144E+3,
555.7500,1.70735022E+3,
555.900,1.67486646E+3,
556.0500,1.66534570E+3,
556.200,1.61297961E+3,
556.3500,1.62646252E+3,
556.500,1.49959131E+3,
556.6500,1.66508203E+3,
556.800,1.62236951E+3,
556.9500,1.69059961E+3,
557.100,1.59970117E+3,
557.2500,1.65811707E+3,
557.400,1.75659082E+3,
557.5500,1.77535217E+3,
557.700,1.72578857E+3,
557.8500,1.71950342E+3,
558.00,1.71319666E+3,
558.1500,1.69019360E+3,
558.300,1.66042358E+3,
558.4500,1.76477979E+3,
558.600,1.66951160E+3,
558.7500,1.73712292E+3,
558.900,1.70892371E+3,
559.0500,1.73966919E+3,
559.200,1.65069397E+3,
559.3500,1.72203247E+3,
559.500,1.67679199E+3,
559.6500,1.64498633E+3,
559.800,1.65719495E+3,
559.9500,1.67282568E+3,
560.100,1.71059583E+3,
560.2500,1.55437000E+3,
560.400,1.64321375E+3,
560.5500,1.60426733E+3,
560.700,1.41143286E+3,
560.8500,1.45592749E+3,
561.00,1.41487878E+3,
561.1500,1.47660706E+3,
561.300,1.53847693E+3,
561.4500,1.42686108E+3,
561.600,1.38725989E+3,
561.7500,1.42855042E+3,
561.900,1.43887976E+3,
562.0500,1.45441504E+3,
562.200,1.29705420E+3,
562.3500,1.36267078E+3,
562.500,1.33656152E+3,
562.6500,1.31385657E+3,
562.800,1.23201050E+3,
562.9500,1.30654272E+3,
563.100,1.23151917E+3,
563.2500,1.26795886E+3,
563.400,1.31147144E+3,
563.5500,1.20996191E+3,
563.700,1.26400513E+3,
563.8500,1.26033301E+3,
564.00,1.18819836E+3,
564.1500,1.18628149E+3,
564.300,1.14739722E+3,
564.4500,1.22118408E+3,
564.600,1.22987512E+3,
564.7500,1.24565198E+3,
564.900,1.26854321E+3,
565.0500,1.15152258E+3,
565.200,1.12995898E+3,
565.3500,1.13320093E+3,
565.500,1.14711755E+3,
565.6500,1.15572375E+3,
565.800,1.17147876E+3,
565.9500,1.16406091E+3,
566.100,1.18157471E+3,
566.2500,1.07202295E+3,
566.400,1.17364075E+3,
566.5500,1.21808911E+3,
566.700,1.18001978E+3,
566.8500,1.10049695E+3,
567.00,1.22961914E+3,
567.1500,1.15896936E+3,
567.300,1.12604395E+3,
567.4500,1.17795166E+3,
567.600,1.18656531E+3,
567.7500,1.20606055E+3,
567.900,1.24191406E+3,
568.0500,1.25065381E+3,
568.200,1.27947302E+3,
568.3500,1.11729077E+3,
568.500,1.47031274E+3,
568.6500,1.30613110E+3,
568.800,1.26938904E+3,
568.9500,1.23986768E+3,
569.100,1.26707117E+3,
569.2500,1.24119348E+3,
569.400,1.27765930E+3,
569.5500,1.31788855E+3,
569.700,1.34901428E+3,
569.8500,1.33598743E+3,
570.00,1.45023315E+3,
570.1500,1.35408716E+3,
570.300,1.35387866E+3,
570.4500,1.42403406E+3,
570.600,1.38311145E+3,
570.7500,1.32537805E+3,
570.900,1.34741711E+3,
571.0500,1.27830261E+3,
571.200,1.20152417E+3,
571.3500,1.36887439E+3,
571.500,1.26214136E+3,
571.6500,1.27479016E+3,
571.800,1.19015405E+3,
571.9500,1.19712097E+3,
572.100,1.13849255E+3,
572.2500,1.24874512E+3,
572.400,1.22389136E+3,
572.5500,1.21214990E+3,
572.700,1.23429700E+3,
572.8500,1.28290332E+3,
573.00,1.24851123E+3,
573.1500,1.18575122E+3,
573.300,1.27241577E+3,
573.4500,1.30052002E+3,
573.600,1.35526172E+3,
573.7500,1.23529126E+3,
573.900,1.32052258E+3,
574.0500,1.32594543E+3,
574.200,1.18451355E+3,
574.3500,1.38839722E+3,
574.500,1.32316907E+3,
574.6500,1.29415173E+3,
574.800,1.31872632E+3,
574.9500,1.28770410E+3,
575.100,1.37765869E+3,
575.2500,1.35432983E+3,
575.400,1.42146680E+3,
575.5500,1.41355139E+3,
575.700,1.32258911E+3,
575.8500,1.41504724E+3,
576.00,1.35675854E+3,
576.1500,1.35843054E+3,
576.300,1.42024744E+3,
576.4500,1.27629529E+3,
576.600,1.47041296E+3,
576.7500,1.30084302E+3,
576.900,1.44476355E+3,
577.0500,1.40356628E+3,
577.200,1.42478638E+3,
577.3500,1.43235437E+3,
577.500,1.51633997E+3,
577.6500,1.41614709E+3,
577.800,1.47280945E+3,
577.9500,1.44702734E+3,
578.100,1.43491492E+3,
578.2500,1.40698401E+3,
578.400,1.49340784E+3,
578.5500,1.44966943E+3,
578.700,1.43351001E+3,
578.8500,1.35792444E+3,
579.00,1.46844446E+3,
579.1500,1.36495007E+3,
579.300,1.43004138E+3,
579.4500,1.54299658E+3,
579.600,1.49097827E+3,
579.7500,1.48467395E+3,
579.900,1.37660168E+3,
580.0500,1.48600793E+3,
580.200,1.49971667E+3,
580.3500,1.50344189E+3,
580.500,1.50716992E+3,
580.6500,1.46274622E+3,
580.800,1.47245251E+3,
580.9500,1.47212183E+3,
581.100,1.49196497E+3,
581.2500,1.46147705E+3,
581.400,1.46724072E+3,
581.5500,1.49523804E+3,
581.700,1.47676917E+3,
581.8500,1.50888464E+3,
582.00,1.52484875E+3,
582.1500,1.54293359E+3,
582.300,1.45535889E+3,
582.4500,1.59549731E+3,
582.600,1.51795227E+3,
582.7500,1.44837537E+3,
582.900,1.51751111E+3,
583.0500,1.49070850E+3,
583.200,1.59079480E+3,
583.3500,1.45743640E+3,
583.500,1.59260352E+3,
583.6500,1.51028406E+3,
583.800,1.58205530E+3,
583.9500,1.43360034E+3,
584.100,1.51783142E+3,
584.2500,1.48457751E+3,
584.400,1.60421765E+3,
584.5500,1.51716162E+3,
584.700,1.49413196E+3,
584.8500,1.69926953E+3,
585.00,1.63484644E+3,
585.1500,1.55152600E+3,
585.300,1.50131616E+3,
585.4500,1.53437317E+3,
585.600,1.52993274E+3,
585.7500,1.62996118E+3,
585.900,1.58167810E+3,
586.0500,1.58562451E+3,
586.200,1.57067249E+3,
586.3500,1.70474023E+3,
586.500,1.57007422E+3,
586.6500,1.60974768E+3,
586.800,1.51889319E+3,
586.9500,1.54382520E+3,
587.100,1.68070691E+3,
587.2500,1.58536841E+3,
587.400,1.61889880E+3,
587.5500,1.77961328E+3,
587.700,1.76252405E+3,
587.8500,1.69655286E+3,
588.00,1.63680566E+3,
588.1500,1.62163696E+3,
588.300,1.87061401E+3,
588.4500,1.80660706E+3,
588.600,1.67411743E+3,
588.7500,1.81709448E+3,
588.900,1.62438306E+3,
589.0500,1.72908044E+3,
589.200,1.75042188E+3,
589.3500,1.85771265E+3,
589.500,1.73518152E+3,
589.6500,1.62096912E+3,
589.800,1.71553650E+3,
589.9500,1.75637793E+3,
590.100,1.68292908E+3,
590.2500,1.74129639E+3,
590.400,1.68934827E+3,
590.5500,1.60907068E+3,
590.700,1.62195178E+3,
590.8500,1.71529736E+3,
591.00,1.66085315E+3,
591.1500,1.80684607E+3,
591.300,1.79826013E+3,
591.4500,1.92949780E+3,
591.600,1.87290015E+3,
591.7500,1.89720862E+3,
591.900,1.82505652E+3,
592.0500,1.73949841E+3,
592.200,1.89554626E+3,
592.3500,2.09820190E+3,
592.500,1.92439856E+3,
592.6500,1.92672961E+3,
592.800,1.98209045E+3,
592.9500,2.00882031E+3,
593.100,2.06884180E+3,
593.2500,2.08243433E+3,
593.400,2.11825830E+3,
593.5500,1.97631335E+3,
593.700,2.15675537E+3,
593.8500,2.18609106E+3,
594.00,2.29134766E+3,
594.1500,2.28316357E+3,
594.300,2.30179053E+3,
594.4500,2.24878540E+3,
594.600,2.34589673E+3,
594.7500,2.14682739E+3,
594.900,2.22830396E+3,
595.0500,2.17493555E+3,
595.200,2.10572119E+3,
595.3500,2.22594531E+3,
595.500,2.20406836E+3,
595.6500,2.15269824E+3,
595.800,2.32104517E+3,
595.9500,2.25832983E+3,
596.100,2.21133447E+3,
596.2500,2.21426636E+3,
596.400,2.32202026E+3,
596.5500,2.31596191E+3,
596.700,2.24590918E+3,
596.8500,2.19396338E+3,
597.00,2.38927661E+3,
597.1500,2.31898657E+3,
597.300,2.46439575E+3,
597.4500,2.45149683E+3,
597.600,2.59283447E+3,
597.7500,2.55468726E+3,
597.900,2.60877930E+3,
598.0500,2.52198511E+3,
598.200,2.77751099E+3,
598.3500,2.84595947E+3,
598.500,2.69644434E+3,
598.6500,2.76959326E+3,
598.800,2.89875171E+3,
598.9500,2.94437354E+3,
599.100,2.87121997E+3,
599.2500,3.00809424E+3,
599.400,3.03072949E+3,
599.5500,3.01594507E+3,
599.700,3.23323218E+3,
599.8500,3.11535522E+3,
600.00,3.11704785E+3,
600.1500,3.13090649E+3,
600.300,2.93026538E+3,
600.4500,3.00761499E+3,
600.600,3.03316113E+3,
600.7500,3.22449072E+3,
600.900,3.24091211E+3,
601.0500,3.12691943E+3,
601.200,3.22923926E+3,
601.3500,3.16752905E+3,
601.500,3.02690161E+3,
601.6500,3.28000488E+3,
601.800,3.35920923E+3,
601.9500,3.53929053E+3,
602.100,3.51355981E+3,
602.2500,3.41564819E+3,
602.400,3.90242310E+3,
602.5500,3.67457690E+3,
602.700,3.72855420E+3,
602.8500,3.89393628E+3,
603.00,4.14459521E+3,
603.1500,4.38617480E+3,
603.300,4.59930371E+3,
603.4500,4.86173096E+3,
603.600,5.28332813E+3,
603.7500,5.44990869E+3,
603.900,5.74651904E+3,
604.0500,6.24467139E+3,
604.200,6.45980469E+3,
604.3500,6.38092725E+3,
604.500,6.52553906E+3,
604.6500,6.17808057E+3,
604.800,6.36222363E+3,
604.9500,6.19620605E+3,
605.100,6.27209326E+3,
605.2500,6.14757324E+3,
605.400,6.43691211E+3,
605.5500,6.87363477E+3,
605.700,7.31659668E+3,
605.8500,8.15945605E+3,
606.00,8.45583691E+3,
606.1500,9.47582227E+3,
606.300,1.02886484E+4,
606.4500,1.13821514E+4,
606.600,1.17509395E+4,
606.7500,1.25004453E+4,
606.900,1.19931943E+4,
607.0500,1.15500264E+4,
607.200,1.11057021E+4,
607.3500,1.08825615E+4,
607.500,1.03343887E+4,
607.6500,9.81747363E+3,
607.800,9.54796875E+3,
607.9500,9.76121387E+3,
608.100,9.39124414E+3,
608.2500,9.98259277E+3,
608.400,1.07598213E+4,
608.5500,1.13831523E+4,
608.700,1.16544131E+4,
608.8500,1.14204141E+4,
609.00,1.16075654E+4,
609.1500,1.18396289E+4,
609.300,1.17652588E+4,
609.4500,1.18922295E+4,
609.600,1.21774570E+4,
609.7500,1.22820303E+4,
609.900,1.23765029E+4,
610.0500,1.28277744E+4,
610.200,1.29058135E+4,
610.3500,1.32658496E+4,
610.500,1.36531279E+4,
610.6500,1.41489414E+4,
610.800,1.44705986E+4,
610.9500,1.56782764E+4,
611.100,1.64950938E+4,
611.2500,1.79019082E+4,
611.400,1.82866719E+4,
611.5500,1.95870332E+4,
611.700,1.98299629E+4,
611.8500,1.97315430E+4,
612.00,1.99036055E+4,
612.1500,2.03230391E+4,
612.300,1.93691152E+4,
612.4500,1.87696758E+4,
612.600,1.73479180E+4,
612.7500,1.70082598E+4,
612.900,1.59223027E+4,
613.0500,1.51122959E+4,
613.200,1.46900059E+4,
613.3500,1.37868955E+4,
613.500,1.33583242E+4,
613.6500,1.26986875E+4,
613.800,1.23968018E+4,
613.9500,1.17659629E+4,
614.100,1.21571758E+4,
614.2500,1.11385957E+4,
614.400,1.12851436E+4,
614.5500,1.13366201E+4,
614.700,1.17134600E+4,
614.8500,1.09855469E+4,
615.00,1.16152178E+4,
615.1500,1.19315771E+4,
615.300,1.18995234E+4,
615.4500,1.17543330E+4,
615.600,1.10288516E+4,
615.7500,1.10004961E+4,
615.900,1.12683955E+4,
616.0500,1.15094297E+4,
616.200,1.12621445E+4,
616.3500,1.05852109E+4,
616.500,1.11609141E+4,
616.6500,1.09619170E+4,
616.800,1.07537939E+4,
616.9500,1.08953086E+4,
617.100,1.05602314E+4,
617.2500,1.08794590E+4,
617.400,1.10842334E+4,
617.5500,1.06489648E+4,
617.700,1.10716572E+4,
617.8500,1.08556855E+4,
618.00,1.08460264E+4,
618.1500,1.12207100E+4,
618.300,1.12122939E+4,
618.4500,1.07873809E+4,
618.600,1.10752383E+4,
618.7500,1.07171563E+4,
618.900,1.09542158E+4,
619.0500,1.13387393E+4,
619.200,1.13911250E+4,
619.3500,1.19539795E+4,
619.500,1.23744102E+4,
619.6500,1.28455273E+4,
619.800,1.37531475E+4,
619.9500,1.37375518E+4,
620.100,1.41699727E+4,
620.2500,1.44581992E+4,
620.400,1.54366123E+4,
620.5500,1.56841787E+4,
620.700,1.60381172E+4,
620.8500,1.56092764E+4,
621.00,1.51993955E+4,
621.1500,1.51765586E+4,
621.300,1.47166270E+4,
621.4500,1.42579619E+4,
621.600,1.34627900E+4,
621.7500,1.28012422E+4,
621.900,1.26308584E+4,
622.0500,1.16376025E+4,
622.200,1.13925850E+4,
622.3500,1.13857773E+4,
622.500,1.06572344E+4,
622.6500,1.10689795E+4,
622.800,1.02741025E+4,
622.9500,9.92191992E+3,
623.100,9.41176270E+3,
623.2500,9.70339551E+3,
623.400,9.25457715E+3,
623.5500,9.72878516E+3,
623.700,9.43019043E+3,
623.8500,9.34650488E+3,
624.00,8.95769434E+3,
624.1500,8.95874902E+3,
624.300,8.93834570E+3,
624.4500,8.89332129E+3,
624.600,8.63318359E+3,
624.7500,8.47355762E+3,
624.900,8.53209180E+3,
625.0500,9.05399805E+3,
625.200,8.98436426E+3,
625.3500,8.41866016E+3,
625.500,8.65791797E+3,
625.6500,8.81095801E+3,
625.800,9.33843066E+3,
625.9500,8.77211523E+3,
626.100,8.78552441E+3,
626.2500,8.61727832E+3,
626.400,8.26627246E+3,
626.5500,8.03341504E+3,
626.700,8.17781494E+3,
626.8500,7.99119971E+3,
627.00,8.14864307E+3,
627.1500,7.36854980E+3,
627.300,7.22686426E+3,
627.4500,7.10689160E+3,
627.600,6.77607031E+3,
627.7500,6.97085645E+3,
627.900,6.59048486E+3,
628.0500,6.50677490E+3,
628.200,5.99890918E+3,
628.3500,6.16153711E+3,
628.500,6.22482568E+3,
628.6500,6.05255908E+3,
628.800,5.93784863E+3,
628.9500,5.89076660E+3,
629.100,5.78511084E+3,
629.2500,5.49682373E+3,
629.400,5.62152148E+3,
629.5500,5.33828906E+3,
629.700,5.35509326E+3,
629.8500,5.39161133E+3,
630.00,5.26066748E+3,
630.1500,5.24455664E+3,
630.300,5.43286816E+3,
630.4500,5.42689746E+3,
630.600,5.50366260E+3,
630.7500,5.04651807E+3,
630.900,5.36879785E+3,
631.0500,5.58245361E+3,
631.200,5.65023096E+3,
631.3500,5.60120557E+3,
631.500,6.05790479E+3,
631.6500,5.79122314E+3,
631.800,6.31732324E+3,
631.9500,6.26912939E+3,
632.100,6.37610107E+3,
632.2500,6.36843750E+3,
632.400,6.19458301E+3,
632.5500,6.30197412E+3,
632.700,6.67188330E+3,
632.8500,6.71579053E+3,
633.00,6.43517578E+3,
633.1500,6.73884668E+3,
633.300,6.70400537E+3,
633.4500,6.77901221E+3,
633.600,6.79572363E+3,
633.7500,6.60885547E+3,
633.900,6.58720801E+3,
634.0500,6.42340869E+3,
634.200,6.65126367E+3,
634.3500,6.66432861E+3,
634.500,6.41603369E+3,
634.6500,6.51942432E+3,
634.800,6.36077295E+3,
634.9500,5.98763525E+3,
635.100,6.11553076E+3,
635.2500,6.08212549E+3,
635.400,6.38714063E+3,
635.5500,6.11731152E+3,
635.700,6.29609424E+3,
635.8500,5.88300830E+3,
636.00,6.18641748E+3,
636.1500,5.76457910E+3,
636.300,6.05855713E+3,
636.4500,5.93516162E+3,
636.600,5.59970850E+3,
636.7500,5.28080078E+3,
636.900,5.32773389E+3,
637.0500,5.38559424E+3,
637.200,4.99535889E+3,
637.3500,5.12506445E+3,
637.500,5.00122314E+3,
637.6500,4.97504834E+3,
637.800,5.06534961E+3,
637.9500,4.68130029E+3,
638.100,4.64676270E+3,
638.2500,4.82095410E+3,
638.400,4.64684717E+3,
638.5500,4.69286182E+3,
638.700,5.12628223E+3,
638.8500,4.88885596E+3,
639.00,4.56530518E+3,
639.1500,4.75642725E+3,
639.300,4.65460010E+3,
639.4500,4.67527930E+3,
639.600,4.92372607E+3,
639.7500,4.93751074E+3,
639.900,4.68896191E+3,
640.0500,4.86016260E+3,
640.200,4.68230957E+3,
640.3500,4.66963770E+3,
640.500,4.64554932E+3,
640.6500,5.29939014E+3,
640.800,4.91966309E+3,
640.9500,5.12794189E+3,
641.100,4.98634912E+3,
641.2500,5.01222168E+3,
641.400,4.99607227E+3,
641.5500,4.87623486E+3,
641.700,4.67129199E+3,
641.8500,4.70047412E+3,
642.00,4.45562549E+3,
642.1500,3.97748730E+3,
642.300,4.14869482E+3,
642.4500,4.02920337E+3,
642.600,3.83910107E+3,
642.7500,3.21117969E+3,
642.900,3.40952319E+3,
643.0500,3.41275366E+3,
643.200,3.30601831E+3,
643.3500,2.97454810E+3,
643.500,3.09115649E+3,
643.6500,2.80918701E+3,
643.800,2.82296777E+3,
643.9500,2.83679761E+3,
644.100,2.63995068E+3,
644.2500,2.91637939E+3,
644.400,2.51124585E+3,
644.5500,2.68451514E+3,
644.700,2.33731543E+3,
644.8500,2.75197412E+3,
645.00,2.54434351E+3,
645.1500,2.59016504E+3,
645.300,2.49061230E+3,
645.4500,2.25285840E+3,
645.600,2.55006982E+3,
645.7500,2.44568311E+3,
645.900,2.55289990E+3,
646.0500,2.48486450E+3,
646.200,2.47394629E+3,
646.3500,2.55327441E+3,
646.500,2.52186279E+3,
646.6500,2.49854907E+3,
646.800,2.50404102E+3,
646.9500,2.75387842E+3,
647.100,2.59386841E+3,
647.2500,2.61196729E+3,
647.400,2.55927539E+3,
647.5500,2.43950293E+3,
647.700,2.76713623E+3,
647.8500,2.51721631E+3,
648.00,2.37131177E+3,
648.1500,2.37214575E+3,
648.300,2.55452979E+3,
648.4500,2.51342163E+3,
648.600,2.36611621E+3,
648.7500,2.21392310E+3,
648.900,2.45710620E+3,
649.0500,2.44954468E+3,
649.200,2.39065527E+3,
649.3500,2.46436133E+3,
649.500,2.22483423E+3,
649.6500,2.28556836E+3,
649.800,2.27321899E+3,
649.9500,2.31268384E+3,
650.100,2.43908130E+3,
650.2500,2.57478052E+3,
650.400,2.58487744E+3,
650.5500,2.62553223E+3,
650.700,2.70133008E+3,
650.8500,3.24181958E+3,
651.00,3.53005249E+3,
651.1500,4.13216992E+3,
651.300,4.35327881E+3,
651.4500,4.97324170E+3,
651.600,5.44092676E+3,
651.7500,5.84854541E+3,
651.900,6.61852539E+3,
652.0500,6.74505029E+3,
652.200,6.59478027E+3,
652.3500,5.62376074E+3,
652.500,5.74867676E+3,
652.6500,5.12242529E+3,
652.800,4.30835498E+3,
652.9500,4.24117871E+3,
653.100,3.39874829E+3,
653.2500,3.22470068E+3,
653.400,3.33663599E+3,
653.5500,3.15250781E+3,
653.700,2.72062793E+3,
653.8500,2.92379395E+3,
654.00,2.72826465E+3,
654.1500,2.78513428E+3,
654.300,2.89761426E+3,
654.4500,2.81636743E+3,
654.600,3.31412573E+3,
654.7500,2.92681030E+3,
654.900,3.02197144E+3,
655.0500,3.26224268E+3,
655.200,3.12942261E+3,
655.3500,3.05223511E+3,
655.500,2.97937646E+3,
655.6500,3.20761987E+3,
655.800,2.94590991E+3,
655.9500,3.13724609E+3,
656.100,3.03063818E+3,
656.2500,2.83795313E+3,
656.400,2.79683716E+3,
656.5500,2.70298145E+3,
656.700,2.62304492E+3,
656.8500,2.60989209E+3,
657.00,2.51491870E+3,
657.1500,2.48221851E+3,
657.300,2.53630811E+3,
657.4500,2.87149683E+3,
657.600,2.50931396E+3,
657.7500,2.33029614E+3,
657.900,2.22845337E+3,
658.0500,2.42917407E+3,
658.200,2.35161865E+3,
658.3500,2.63216821E+3,
658.500,2.51039844E+3,
658.6500,2.58540137E+3,
658.800,2.58655713E+3,
658.9500,2.50839404E+3,
659.100,2.46461401E+3,
659.2500,2.18651636E+3,
659.400,2.31148291E+3,
659.5500,2.18681543E+3,
659.700,2.28225537E+3,
659.8500,2.08652246E+3,
660.00,2.12671704E+3,
660.1500,2.23787573E+3,
660.300,2.10142944E+3,
660.4500,2.10137109E+3,
660.600,2.06568457E+3,
660.7500,2.09611792E+3,
660.900,2.32095313E+3,
661.0500,1.90632898E+3,
661.200,2.44525439E+3,
661.3500,2.32250073E+3,
661.500,2.36948853E+3,
661.6500,2.47362134E+3,
661.800,2.61974927E+3,
661.9500,2.69898169E+3,
662.100,2.87245850E+3,
662.2500,2.81162280E+3,
662.400,2.49376294E+3,
662.5500,2.63648364E+3,
662.700,2.76937280E+3,
662.8500,2.67594995E+3,
663.00,2.58205103E+3,
663.1500,2.41332813E+3,
663.300,2.40858936E+3,
663.4500,2.30788062E+3,
663.600,2.06774658E+3,
663.7500,2.09958594E+3,
663.900,1.94365076E+3,
664.0500,1.87839941E+3,
664.200,1.74261572E+3,
664.3500,1.76300293E+3,
664.500,1.43654150E+3,
664.6500,1.39107263E+3,
664.800,1.40529199E+3,
664.9500,1.44687512E+3,
665.100,1.42295386E+3,
665.2500,1.34952844E+3,
665.400,1.24275562E+3,
665.5500,1.22917017E+3,
665.700,1.20446619E+3,
665.8500,1.03010620E+3,
666.00,1.18244238E+3,
666.1500,1.27986462E+3,
666.300,1.31638684E+3,
666.4500,1.22448145E+3,
666.600,1.07608325E+3,
666.7500,1.39888098E+3,
666.900,1.14881262E+3,
667.0500,1.23624292E+3,
667.200,1.09210840E+3,
667.3500,1.19684973E+3,
667.500,1.03485046E+3,
667.6500,9.11960571E+2,
667.800,1.11985474E+3,
667.9500,1.09965796E+3,
668.100,9.64590088E+2,
668.2500,1.11091699E+3,
668.400,1.02715515E+3,
668.5500,9.95029175E+2,
668.700,9.51139221E+2,
668.8500,9.24464722E+2,
669.00,9.55939575E+2,
669.1500,9.29219360E+2,
669.300,9.84384460E+2,
669.4500,1.02221118E+3,
669.600,9.30646118E+2,
669.7500,1.00395270E+3,
669.900,9.76981140E+2,
670.0500,9.67660583E+2,
670.200,8.03516785E+2,
670.3500,9.24951233E+2,
670.500,9.39319458E+2,
670.6500,9.65755554E+2,
670.800,9.02111145E+2,
670.9500,8.98429565E+2,
671.100,1.00949548E+3,
671.2500,8.84732361E+2,
671.400,7.77572815E+2,
671.5500,8.89110229E+2,
671.700,9.03519470E+2,
671.8500,9.42474365E+2,
672.00,8.28239990E+2,
672.1500,1.00856323E+3,
672.300,7.21242798E+2,
672.4500,9.82494995E+2,
672.600,9.66263123E+2,
672.7500,8.25772461E+2,
672.900,7.96631592E+2,
673.0500,9.73235840E+2,
673.200,6.37904602E+2,
673.3500,9.09045959E+2,
673.500,8.29572632E+2,
673.6500,8.12706604E+2,
673.800,7.26281677E+2,
673.9500,9.05331787E+2,
674.100,7.74321838E+2,
674.2500,7.89017334E+2,
674.400,9.18610840E+2,
674.5500,8.69785034E+2,
674.700,6.66824768E+2,
674.8500,7.97086853E+2,
675.00,7.60452576E+2,
675.1500,7.94730530E+2,
675.300,7.90312988E+2,
675.4500,9.35250000E+2,
675.600,8.72561951E+2,
675.7500,9.27057678E+2,
675.900,8.44376465E+2,
676.0500,8.53144653E+2,
676.200,6.90896667E+2,
676.3500,6.59733521E+2,
676.500,8.20230164E+2,
676.6500,7.95869812E+2,
676.800,7.71374573E+2,
676.9500,6.40068909E+2,
677.100,7.62096436E+2,
677.2500,7.23901917E+2,
677.400,6.65339355E+2,
677.5500,6.94060242E+2,
677.700,8.31033630E+2,
677.8500,8.12921570E+2,
678.00,7.06407837E+2,
678.1500,7.49108093E+2,
678.300,7.37403320E+2,
678.4500,7.11943909E+2,
678.600,6.24575806E+2,
678.7500,8.18884644E+2,
678.900,6.20942627E+2,
679.0500,6.15635864E+2,
679.200,7.62846375E+2,
679.3500,7.50894226E+2,
679.500,5.85525146E+2,
679.6500,6.42934082E+2,
679.800,6.51588867E+2,
679.9500,7.16481079E+2,
680.100,7.70250610E+2,
680.2500,6.80261230E+2,
680.400,6.39510132E+2,
680.5500,6.05653381E+2,
680.700,5.50171509E+2,
680.8500,7.73809082E+2,
681.00,5.67597961E+2,
681.1500,7.63673645E+2,
681.300,6.93523621E+2,
681.4500,6.95426453E+2,
681.600,5.88376587E+2,
681.7500,5.60857422E+2,
681.900,6.50046509E+2,
682.0500,7.69005249E+2,
682.200,6.38899231E+2,
682.3500,7.80535034E+2,
682.500,6.94046814E+2,
682.6500,5.55261902E+2,
682.800,6.90390991E+2,
682.9500,6.25271851E+2,
683.100,6.79203308E+2,
683.2500,6.95995483E+2,
683.400,6.97867249E+2,
683.5500,6.32026672E+2,
683.700,6.26184326E+2,
683.8500,8.85071777E+2,
684.00,6.37149231E+2,
684.1500,6.69293579E+2,
684.300,8.46503906E+2,
684.4500,6.34684509E+2,
684.600,6.59405334E+2,
684.7500,6.38127075E+2,
684.900,6.39858032E+2,
685.0500,6.10672058E+2,
685.200,5.89074158E+2,
685.3500,6.29531311E+2,
685.500,6.77997742E+2,
685.6500,6.87653564E+2,
685.800,8.54066284E+2,
685.9500,6.75683655E+2,
686.100,6.61760254E+2,
686.2500,5.84559204E+2,
686.400,5.94066223E+2,
686.5500,7.46582886E+2,
686.700,8.28251099E+2,
686.8500,8.14531250E+2,
687.00,8.00732422E+2,
687.1500,7.86872803E+2,
687.300,5.71646851E+2,
687.4500,7.10468872E+2,
687.600,7.12423767E+2,
687.7500,5.68261353E+2,
687.900,7.48917053E+2,
688.0500,6.53026917E+2,
688.200,8.51276123E+2,
688.3500,6.97674194E+2,
688.500,8.31289978E+2,
688.6500,9.07868286E+2,
688.800,7.94511841E+2,
688.9500,8.21609070E+2,
689.100,7.23993225E+2,
689.2500,6.67549194E+2,
689.400,8.61806702E+2,
689.5500,7.04743774E+2,
689.700,7.06663147E+2,
689.8500,7.59201965E+2,
690.00,7.27437744E+2,
690.1500,7.12437805E+2,
690.300,7.99402954E+2,
690.4500,7.50399536E+2,
690.600,7.26777283E+2,
690.7500,6.94449646E+2,
690.900,6.70540588E+2,
691.0500,7.75800903E+2,
691.200,6.13692200E+2,
691.3500,5.80700256E+2,
691.500,6.69196655E+2,
691.6500,7.66889954E+2,
691.800,6.99081238E+2,
691.9500,7.36047974E+2,
692.100,6.50205383E+2,
692.2500,6.96049438E+2,
692.400,7.77483582E+2,
692.5500,6.29017151E+2,
692.700,7.55127930E+2,
692.8500,8.28481079E+2,
693.00,7.77173462E+2,
693.1500,8.42003113E+2,
693.300,7.00595825E+2,
693.4500,9.09668701E+2,
693.600,8.30881775E+2,
693.7500,7.87881775E+2,
693.900,7.71885193E+2,
694.0500,9.01491150E+2,
694.200,8.58320923E+2,
694.3500,6.95875488E+2,
694.500,8.35519226E+2,
694.6500,9.02276733E+2,
694.800,9.04770264E+2,
694.9500,7.77664307E+2,
695.100,9.65521057E+2,
695.2500,7.26184204E+2,
695.400,9.61645020E+2,
695.5500,8.89460571E+2,
695.700,9.85870667E+2,
695.8500,9.98078735E+2,
696.00,7.08189514E+2,
696.1500,8.80631409E+2,
696.300,7.97652283E+2,
696.4500,6.09452026E+2,
696.600,8.30815430E+2,
696.7500,7.94859436E+2,
696.900,7.77903625E+2,
697.0500,8.37872620E+2,
697.200,8.01559082E+2,
697.3500,8.13459534E+2,
697.500,8.44843323E+2,
697.6500,8.86135315E+2,
697.800,8.69061401E+2,
697.9500,9.88975769E+2,
698.100,1.00154266E+3,
698.2500,8.56633301E+2,
698.400,9.28135864E+2,
698.5500,7.52497986E+2,
698.700,9.53175659E+2,
698.8500,1.09522925E+3,
699.00,9.58507141E+2,
699.1500,8.61095581E+2,
699.300,8.63535889E+2,
699.4500,9.56613953E+2,
699.600,7.87661194E+2,
699.7500,8.60789001E+2,
699.900,8.22616455E+2,
700.0500,9.87892822E+2,
700.200,8.98732849E+2,
700.3500,1.11630994E+3,
700.500,8.31868774E+2,
700.6500,7.41507324E+2,
700.800,7.95218994E+2,
700.9500,8.28516724E+2,
701.100,9.65782166E+2,
701.2500,7.49719849E+2,
701.400,8.87477234E+2,
701.5500,6.38616028E+2,
701.700,9.44770203E+2,
701.8500,9.78905457E+2,
702.00,7.59915527E+2,
702.1500,8.67802979E+2,
702.300,8.80764526E+2,
702.4500,7.44828064E+2,
702.600,7.89526306E+2,
702.7500,9.30747498E+2,
702.900,9.97642212E+2,
703.0500,1.07569214E+3,
703.200,1.06796106E+3,
703.3500,8.22179565E+2,
703.500,9.76403931E+2,
703.6500,9.79186218E+2,
703.800,1.14563940E+3,
703.9500,8.64418030E+2,
704.100,1.02058545E+3,
704.2500,1.05663293E+3,
704.400,1.07081177E+3,
704.5500,1.00756146E+3,
704.700,9.66141479E+2,
704.8500,1.03584912E+3,
705.00,1.07245337E+3,
705.1500,1.17648047E+3,
705.300,1.15750049E+3,
705.4500,1.17221802E+3,
705.600,1.07396606E+3,
705.7500,1.30394177E+3,
705.900,8.98426941E+2,
706.0500,1.14062268E+3,
706.200,1.48715186E+3,
706.3500,1.03258337E+3,
706.500,1.02410535E+3,
706.6500,1.36179138E+3,
706.800,1.23847302E+3,
706.9500,1.18407593E+3,
707.100,1.29233325E+3,
707.2500,1.30779688E+3,
707.400,1.35847900E+3,
707.5500,1.20977637E+3,
707.700,1.40181335E+3,
707.8500,1.41775317E+3,
708.00,1.39823132E+3,
708.1500,1.35473547E+3,
708.300,1.48974695E+3,
708.4500,1.29086707E+3,
708.600,1.30659265E+3,
708.7500,1.27431506E+3,
708.900,1.09716370E+3,
709.0500,1.35421558E+3,
709.200,1.37009497E+3,
709.3500,1.13072839E+3,
709.500,1.04852283E+3,
709.6500,1.03921204E+3,
709.800,1.11566199E+3,
709.9500,9.71239319E+2,
710.100,9.86229370E+2,
710.2500,1.01363513E+3,
710.400,9.54420349E+2,
710.5500,1.00673560E+3,
710.700,1.09672180E+3,
710.8500,1.04972864E+3,
711.00,1.22802942E+3,
711.1500,1.06809448E+3,
711.300,1.03326746E+3,
711.4500,9.09791199E+2,
711.600,8.74317688E+2,
711.7500,9.53001404E+2,
711.900,9.55668518E+2,
712.0500,1.13725000E+3,
712.200,1.02515674E+3,
712.3500,8.35311829E+2,
712.500,1.08255713E+3,
712.6500,1.07272314E+3,
712.800,1.11467126E+3,
712.9500,9.48879944E+2,
713.100,1.14707520E+3,
713.2500,1.24177991E+3,
713.400,7.07828796E+2,
713.5500,1.15672791E+3,
713.700,1.01497314E+3,
713.8500,1.16322290E+3,
714.00,1.13997778E+3,
714.1500,1.08996350E+3,
714.300,1.01300732E+3,
714.4500,8.68788879E+2,
714.600,1.09905115E+3,
714.7500,9.27379211E+2,
714.900,7.81703674E+2,
715.0500,8.51478760E+2,
715.200,1.11145667E+3,
715.3500,8.29192322E+2,
715.500,9.54270508E+2,
715.6500,1.05272278E+3,
715.800,1.11060364E+3,
715.9500,8.93798096E+2,
716.100,8.68828308E+2,
716.2500,1.02353070E+3,
716.400,1.04041846E+3,
716.5500,9.04354614E+2,
716.700,8.51207336E+2,
716.8500,9.65686279E+2,
717.00,8.00101074E+2,
717.1500,8.02429504E+2,
717.300,8.61241150E+2,
717.4500,1.00535077E+3,
717.600,7.24261108E+2,
717.7500,1.02547412E+3,
717.900,9.28484253E+2,
718.0500,1.01713916E+3,
718.200,9.33855042E+2,
718.3500,7.78045715E+2,
718.500,6.06886292E+2,
718.6500,8.40493958E+2,
718.800,7.12117981E+2,
718.9500,9.61945740E+2,
719.100,9.06230225E+2,
719.2500,9.38128967E+2,
719.400,9.26105652E+2,
719.5500,1.06142859E+3,
719.700,9.75757324E+2,
719.8500,1.08233496E+3,
720.00,9.07007324E+2,
720.1500,9.54319153E+2,
720.300,7.02821533E+2,
720.4500,9.29766235E+2,
720.600,9.77533203E+2,
720.7500,7.39012329E+2,
720.900,6.80624084E+2,
721.0500,8.34235901E+2,
721.200,6.99679504E+2,
721.3500,8.54172791E+2,
721.500,7.80091492E+2,
721.6500,9.81690857E+2,
721.800,1.15365552E+3,
721.9500,8.48396667E+2,
722.100,1.05183228E+3,
722.2500,1.17880774E+3,
722.400,9.95411743E+2,
722.5500,9.98152283E+2,
722.700,1.03218140E+3,
722.8500,1.19185156E+3,
723.00,8.17729309E+2,
723.1500,1.19848694E+3,
723.300,7.74871887E+2,
723.4500,8.56333862E+2,
723.600,9.70054077E+2,
723.7500,9.88725708E+2,
723.900,7.19641846E+2,
724.0500,9.46211670E+2,
724.200,8.68535278E+2,
724.3500,1.09688599E+3,
724.500,8.89765442E+2,
724.6500,9.41029175E+2,
724.800,1.17157690E+3,
724.9500,9.95480530E+2,
725.100,1.16202649E+3,
725.2500,1.13254968E+3,
725.400,1.06997583E+3,
725.5500,1.56833032E+3,
725.700,8.11268677E+2,
725.8500,1.37817029E+3,
726.00,1.33220923E+3,
726.1500,1.33593860E+3,
726.300,1.25595093E+3,
726.4500,9.57199402E+2,
726.600,9.76726685E+2,
726.7500,8.44372070E+2,
726.900,9.65293152E+2,
727.0500,8.49112976E+2,
727.200,9.53620056E+2,
727.3500,8.87940186E+2,
727.500,6.67789063E+2,
727.6500,6.69630554E+2,
727.800,7.40347961E+2,
727.9500,7.42392944E+2,
728.100,5.71305481E+2,
728.2500,7.98541748E+2,
728.400,8.70355652E+2,
728.5500,6.28372009E+2,
728.700,8.40126099E+2,
728.8500,4.21215729E+2,
729.00,7.03954529E+2,
729.1500,4.94146851E+2,
729.300,6.54807678E+2,
729.4500,5.14666016E+2,
729.600,8.18657288E+2,
729.7500,5.35406372E+2,
729.900,7.33780396E+2,
730.0500,6.46116699E+2,
730.200,4.49973663E+2,
730.3500,7.58117126E+2,
730.500,6.87879028E+2,
730.6500,5.80927368E+2,
730.800,8.19272888E+2,
730.9500,9.49434753E+2,
731.100,7.32393799E+2,
731.2500,5.69191528E+2,
731.400,5.70784668E+2,
731.5500,8.49343201E+2,
731.700,7.96177307E+2,
731.8500,7.24141418E+2,
732.00,8.56515808E+2,
732.1500,8.02862427E+2,
732.300,8.61244568E+2,
732.4500,5.25683044E+2,
732.600,8.47182434E+2,
732.7500,8.11769470E+2,
732.900,7.76157043E+2,
733.0500,9.68157104E+2,
733.200,1.02800610E+3,
733.3500,1.12637134E+3,
733.500,1.12956360E+3,
733.6500,1.26716626E+3,
733.800,1.21300366E+3,
733.9500,1.48677625E+3,
734.100,1.66531799E+3,
734.2500,2.34981641E+3,
734.400,2.02550732E+3,
734.5500,2.51966675E+3,
734.700,2.25271191E+3,
734.8500,1.96455322E+3,
735.00,2.00965454E+3,
735.1500,2.11417407E+3,
735.300,1.66445837E+3,
735.4500,1.51023767E+3,
735.600,1.79355115E+3,
735.7500,1.41896191E+3,
735.900,1.10234644E+3,
736.0500,1.60795129E+3,
736.200,1.28990808E+3,
736.3500,9.29680542E+2,
736.500,1.43890710E+3,
736.6500,1.30063293E+3,
736.800,1.24309900E+3,
736.9500,1.47133264E+3,
737.100,1.39331189E+3,
737.2500,1.43806458E+3,
737.400,1.42125464E+3,
737.5500,1.40434839E+3,
737.700,1.51158679E+3,
737.8500,1.34948792E+3,
738.00,2.53958057E+3,
738.1500,2.14953223E+3,
738.300,2.74083691E+3,
738.4500,3.20929395E+3,
738.600,3.00719287E+3,
738.7500,3.81603174E+3,
738.900,3.04372583E+3,
739.0500,4.23829688E+3,
739.200,3.84570386E+3,
739.3500,4.30314014E+3,
739.500,4.42122363E+3,
739.6500,3.40493579E+3,
739.800,3.49977197E+3,
739.9500,3.07843213E+3,
740.100,3.17314819E+3,
740.2500,2.33773877E+3,
740.400,2.56127002E+3,
740.5500,2.04598816E+3,
740.700,1.83340308E+3,
740.8500,1.75094861E+3,
741.00,1.20712488E+3,
741.1500,1.29851501E+3,
741.300,9.49007629E+2,
741.4500,8.63124817E+2,
741.600,8.21144958E+2,
741.7500,1.00147760E+3,
741.900,9.59642883E+2,
742.0500,6.48993713E+2,
742.200,7.85396423E+2,
742.3500,5.40022461E+2,
742.500,8.12239380E+2,
742.6500,6.78712158E+2,
742.800,7.71306335E+2,
742.9500,5.45939148E+2,
743.100,3.42146515E+2,
743.2500,5.94681335E+2,
743.400,7.33927002E+2,
743.5500,4.36967651E+2,
743.700,4.61232483E+2,
743.8500,6.01255127E+2,
744.00,4.63780365E+2,
744.1500,6.51097595E+2,
744.300,7.46181763E+2,
744.4500,6.54727661E+2,
744.600,3.75173462E+2,
744.7500,5.87845398E+2,
744.900,5.42330139E+2,
745.0500,5.91125488E+2,
745.200,4.26773224E+2,
745.3500,9.98527832E+2,
745.500,4.29112366E+2,
745.6500,7.17148926E+2,
745.800,8.38970154E+2,
745.9500,6.97056946E+2,
746.100,5.06110107E+2,
746.2500,7.73238525E+2,
746.400,7.02588379E+2,
746.5500,8.01598877E+2,
746.700,9.49837097E+2,
746.8500,1.22094788E+3,
747.00,1.12623438E+3,
747.1500,1.00630432E+3,
747.300,8.61169495E+2,
747.4500,1.08529883E+3,
747.600,1.08799365E+3,
747.7500,5.20560303E+2,
747.900,9.44310608E+2,
748.0500,8.71920288E+2,
748.200,4.49525879E+2,
748.3500,6.75958923E+2,
748.500,4.51756561E+2,
748.6500,7.29636902E+2,
748.800,7.56671509E+2,
748.9500,3.28706177E+2,
749.100,5.32370117E+2,
749.2500,4.06696777E+2,
749.400,2.80350647E+2,
749.5500,5.11090546E+2,
749.700,3.84343323E+2,
749.8500,3.85372650E+2,
750.00,3.09124725E+2,
