Labels,32C_19_400K,
Type,Emission Scan,
Comment,,
Start,254.300,
Stop,750.0500,
Step,0.150,
Fixed/Offset,248.400,
Xaxis,Wavelength,
Yaxis,Counts,
Scan Corr. by File,True,
Corr. by Ref. Det.,False,
Fixed/Offset Corr. by File,False,
Repeats,2,
Dwell Time,0.20,
Lamp,Xe,
Temp,28.0,
Scan Polariser,None,
Scan Slit,0.2520,
Fixed/Offset Polariser,None,
Fixed/Offset Slit,2.9970,
Detector,Red PMT,

254.300,7.64584277E+3,
254.4500,1.02922002E+4,
254.600,1.05537988E+4,
254.7500,8.47571582E+3,
254.900,9.79972754E+3,
255.0500,8.54565527E+3,
255.200,9.47316504E+3,
255.3500,8.51950977E+3,
255.500,9.22082715E+3,
255.6500,9.51538867E+3,
255.800,7.78970020E+3,
255.9500,8.40609375E+3,
256.100,6.92851025E+3,
256.2500,8.06621143E+3,
256.400,8.04934766E+3,
256.5500,6.41455078E+3,
256.700,8.12979688E+3,
256.8500,8.61510645E+3,
257.00,7.92848926E+3,
257.1500,7.52635254E+3,
257.300,7.98912988E+3,
257.4500,7.65058594E+3,
257.600,7.73500439E+3,
257.7500,7.61338379E+3,
257.900,8.39459961E+3,
258.0500,5.85367383E+3,
258.200,6.82630420E+3,
258.3500,6.86281836E+3,
258.500,6.94480176E+3,
258.6500,6.97775098E+3,
258.800,7.32796631E+3,
258.9500,6.14292383E+3,
259.100,8.48075977E+3,
259.2500,6.65783447E+3,
259.400,6.64593652E+3,
259.5500,6.80306885E+3,
259.700,8.07990381E+3,
259.8500,6.61037793E+3,
260.00,6.07232520E+3,
260.1500,6.62471387E+3,
260.300,7.86955176E+3,
260.4500,6.32461084E+3,
260.600,6.27597510E+3,
260.7500,7.54954199E+3,
260.900,7.29895020E+3,
261.0500,6.42911328E+3,
261.200,7.39241309E+3,
261.3500,7.11399902E+3,
261.500,6.94849121E+3,
261.6500,7.30911475E+3,
261.800,1.33619902E+4,
261.9500,1.27479551E+4,
262.100,1.27819609E+4,
262.2500,1.23836826E+4,
262.400,1.40486523E+4,
262.5500,1.49624023E+4,
262.700,1.39461973E+4,
262.8500,1.27981260E+4,
263.00,1.26383672E+4,
263.1500,1.39788467E+4,
263.300,1.30500117E+4,
263.4500,1.32772188E+4,
263.600,1.28499502E+4,
263.7500,1.39464648E+4,
263.900,1.23983613E+4,
264.0500,1.31320957E+4,
264.200,1.46909297E+4,
264.3500,1.41306973E+4,
264.500,1.38846738E+4,
264.6500,1.44574570E+4,
264.800,1.35149063E+4,
264.9500,1.41572930E+4,
265.100,1.31083418E+4,
265.2500,1.37420107E+4,
265.400,1.42843828E+4,
265.5500,1.53725000E+4,
265.700,1.50062598E+4,
265.8500,1.42748916E+4,
266.00,1.45655215E+4,
266.1500,1.38552588E+4,
266.300,1.36402012E+4,
266.4500,1.40480967E+4,
266.600,1.38344395E+4,
266.7500,1.35545928E+4,
266.900,1.49427217E+4,
267.0500,1.37652227E+4,
267.200,1.46946172E+4,
267.3500,1.39686797E+4,
267.500,1.35893320E+4,
267.6500,1.44043125E+4,
267.800,1.39834629E+4,
267.9500,1.50371436E+4,
268.100,1.36351211E+4,
268.2500,1.35930352E+4,
268.400,1.39708047E+4,
268.5500,1.50685840E+4,
268.700,1.32420371E+4,
268.8500,1.37950166E+4,
269.00,1.31242168E+4,
269.1500,1.39899727E+4,
269.300,1.38864307E+4,
269.4500,1.36857949E+4,
269.600,1.43080723E+4,
269.7500,1.36419785E+4,
269.900,1.42338369E+4,
270.0500,1.43599824E+4,
270.200,1.34865732E+4,
270.3500,1.39366348E+4,
270.500,1.41006006E+4,
270.6500,1.47399170E+4,
270.800,1.42732578E+4,
270.9500,1.39042334E+4,
271.100,1.42789668E+4,
271.2500,1.48087402E+4,
271.400,1.44457773E+4,
271.5500,1.49476699E+4,
271.700,1.36135000E+4,
271.8500,1.38196328E+4,
272.00,1.42964941E+4,
272.1500,1.32659834E+4,
272.300,1.37023838E+4,
272.4500,1.40144199E+4,
272.600,1.45040156E+4,
272.7500,1.31722236E+4,
272.900,1.33001035E+4,
273.0500,1.35532803E+4,
273.200,1.36366328E+4,
273.3500,1.31273848E+4,
273.500,1.33704912E+4,
273.6500,1.35150488E+4,
273.800,1.34230557E+4,
273.9500,1.36724023E+4,
274.100,1.38522656E+4,
274.2500,1.33118652E+4,
274.400,1.33533164E+4,
274.5500,1.37079570E+4,
274.700,1.38337930E+4,
274.8500,1.40161152E+4,
275.00,1.33042627E+4,
275.1500,1.37741133E+4,
275.300,1.31584912E+4,
275.4500,1.29799639E+4,
275.600,1.35954121E+4,
275.7500,1.35417070E+4,
275.900,1.44479785E+4,
276.0500,1.33799580E+4,
276.200,1.34358145E+4,
276.3500,1.35175820E+4,
276.500,1.35707578E+4,
276.6500,1.34491025E+4,
276.800,1.32362539E+4,
276.9500,1.38019590E+4,
277.100,1.32882363E+4,
277.2500,1.24455176E+4,
277.400,1.26168936E+4,
277.5500,1.32182109E+4,
277.700,1.33675918E+4,
277.8500,1.32385352E+4,
278.00,1.32230967E+4,
278.1500,1.33942344E+4,
278.300,1.29988789E+4,
278.4500,1.29496260E+4,
278.600,1.24422344E+4,
278.7500,1.25889277E+4,
278.900,1.23883711E+4,
279.0500,1.33601719E+4,
279.200,1.27267793E+4,
279.3500,1.27071270E+4,
279.500,1.24101611E+4,
279.6500,1.38267676E+4,
279.800,1.38902197E+4,
279.9500,1.37261836E+4,
280.100,1.27802520E+4,
280.2500,1.36569316E+4,
280.400,1.34458203E+4,
280.5500,1.21239746E+4,
280.700,1.32061836E+4,
280.8500,1.26204902E+4,
281.00,1.28095762E+4,
281.1500,1.29861543E+4,
281.300,1.35551680E+4,
281.4500,1.27485938E+4,
281.600,1.33642227E+4,
281.7500,1.23694492E+4,
281.900,1.18864414E+4,
282.0500,1.21522354E+4,
282.200,1.22363027E+4,
282.3500,1.20128701E+4,
282.500,1.22585645E+4,
282.6500,1.23598066E+4,
282.800,1.18590391E+4,
282.9500,1.26471602E+4,
283.100,1.17128965E+4,
283.2500,1.19567539E+4,
283.400,1.16710195E+4,
283.5500,1.20856055E+4,
283.700,1.23694570E+4,
283.8500,1.21242402E+4,
284.00,1.22708789E+4,
284.1500,1.15127168E+4,
284.300,1.18598975E+4,
284.4500,1.15783799E+4,
284.600,1.17262920E+4,
284.7500,1.15036709E+4,
284.900,1.17600107E+4,
285.0500,1.23063379E+4,
285.200,1.13685537E+4,
285.3500,1.19778096E+4,
285.500,1.24386484E+4,
285.6500,1.16348799E+4,
285.800,1.26867891E+4,
285.9500,1.17794492E+4,
286.100,1.16650732E+4,
286.2500,1.18735879E+4,
286.400,1.19835713E+4,
286.5500,1.07536797E+4,
286.700,1.21049473E+4,
286.8500,1.19380049E+4,
287.00,1.15661133E+4,
287.1500,1.18663340E+4,
287.300,1.15241563E+4,
287.4500,1.16192715E+4,
287.600,1.14643008E+4,
287.7500,1.14432852E+4,
287.900,1.12523125E+4,
288.0500,1.12751250E+4,
288.200,1.10098945E+4,
288.3500,1.10668486E+4,
288.500,1.10253242E+4,
288.6500,1.08852344E+4,
288.800,1.14082324E+4,
288.9500,1.15102227E+4,
289.100,1.11959063E+4,
289.2500,1.15787510E+4,
289.400,1.09310352E+4,
289.5500,1.16631152E+4,
289.700,1.12932910E+4,
289.8500,1.15683027E+4,
290.00,1.14761621E+4,
290.1500,1.15402207E+4,
290.300,1.09247334E+4,
290.4500,1.07031416E+4,
290.600,1.09282441E+4,
290.7500,1.09924297E+4,
290.900,1.09851846E+4,
291.0500,1.13595215E+4,
291.200,1.09646045E+4,
291.3500,1.14951055E+4,
291.500,1.11097285E+4,
291.6500,9.91788867E+3,
291.800,1.07756055E+4,
291.9500,1.12154023E+4,
292.100,1.03692422E+4,
292.2500,1.06097285E+4,
292.400,1.06291289E+4,
292.5500,1.11060508E+4,
292.700,1.01843525E+4,
292.8500,1.02919414E+4,
293.00,1.03378545E+4,
293.1500,1.04848936E+4,
293.300,1.08670195E+4,
293.4500,1.06900977E+4,
293.600,1.00354971E+4,
293.7500,1.07807871E+4,
293.900,1.04749219E+4,
294.0500,1.08085938E+4,
294.200,1.04907441E+4,
294.3500,1.09489805E+4,
294.500,1.02628633E+4,
294.6500,1.01196338E+4,
294.800,1.02249287E+4,
294.9500,9.97997266E+3,
295.100,1.04983623E+4,
295.2500,1.02654844E+4,
295.400,9.70389160E+3,
295.5500,9.85404102E+3,
295.700,1.00285391E+4,
295.8500,1.03278594E+4,
296.00,1.03326328E+4,
296.1500,1.01901074E+4,
296.300,9.98195215E+3,
296.4500,1.03218418E+4,
296.600,9.93283789E+3,
296.7500,9.79320703E+3,
296.900,1.01301699E+4,
297.0500,1.00952246E+4,
297.200,1.02931934E+4,
297.3500,1.00271709E+4,
297.500,9.84389453E+3,
297.6500,9.86320117E+3,
297.800,9.56944434E+3,
297.9500,9.38169922E+3,
298.100,1.01237832E+4,
298.2500,9.93883203E+3,
298.400,9.92896973E+3,
298.5500,9.75403125E+3,
298.700,9.74482910E+3,
298.8500,1.00863838E+4,
299.00,9.15197461E+3,
299.1500,1.01309004E+4,
299.300,9.68544336E+3,
299.4500,9.87187207E+3,
299.600,9.72870215E+3,
299.7500,9.36658691E+3,
299.900,1.00277500E+4,
300.0500,9.68131836E+3,
300.200,9.77014844E+3,
300.3500,9.67921289E+3,
300.500,9.95983984E+3,
300.6500,9.89080664E+3,
300.800,9.69741797E+3,
300.9500,9.61541992E+3,
301.100,9.66361621E+3,
301.2500,9.00086230E+3,
301.400,9.74962305E+3,
301.5500,9.65200098E+3,
301.700,9.76930371E+3,
301.8500,9.73624219E+3,
302.00,9.54084766E+3,
302.1500,9.83713867E+3,
302.300,9.44470898E+3,
302.4500,9.45288672E+3,
302.600,9.28773633E+3,
302.7500,9.20682617E+3,
302.900,9.66146289E+3,
303.0500,9.37367480E+3,
303.200,9.56195313E+3,
303.3500,8.74228906E+3,
303.500,9.01898926E+3,
303.6500,9.28602734E+3,
303.800,9.12483594E+3,
303.9500,9.50073828E+3,
304.100,9.09582129E+3,
304.2500,8.91057813E+3,
304.400,8.94193066E+3,
304.5500,9.07641992E+3,
304.700,8.67486914E+3,
304.8500,9.39214941E+3,
305.00,8.79533789E+3,
305.1500,9.49179297E+3,
305.300,8.99507813E+3,
305.4500,9.21875879E+3,
305.600,8.56597266E+3,
305.7500,9.43535742E+3,
305.900,9.43059961E+3,
306.0500,8.94603516E+3,
306.200,9.05937109E+3,
306.3500,8.84889746E+3,
306.500,9.08246582E+3,
306.6500,8.53040234E+3,
306.800,8.61914648E+3,
306.9500,8.49220117E+3,
307.100,8.39003516E+3,
307.2500,9.22150488E+3,
307.400,8.68762305E+3,
307.5500,8.62068945E+3,
307.700,8.87997461E+3,
307.8500,8.65631250E+3,
308.00,8.92991406E+3,
308.1500,8.38130078E+3,
308.300,8.98379199E+3,
308.4500,8.74640625E+3,
308.600,8.96843164E+3,
308.7500,8.46928320E+3,
308.900,8.61203320E+3,
309.0500,8.32492871E+3,
309.200,8.37784277E+3,
309.3500,8.62285645E+3,
309.500,8.82699805E+3,
309.6500,8.36929297E+3,
309.800,8.39883105E+3,
309.9500,8.42257617E+3,
310.100,8.22613184E+3,
310.2500,8.56106641E+3,
310.400,8.19554297E+3,
310.5500,8.22532031E+3,
310.700,8.25998145E+3,
310.8500,8.51980469E+3,
311.00,8.34368945E+3,
311.1500,8.49273730E+3,
311.300,8.83692676E+3,
311.4500,8.63194336E+3,
311.600,8.58765723E+3,
311.7500,8.29358203E+3,
311.900,8.84036914E+3,
312.0500,8.59355273E+3,
312.200,8.23889648E+3,
312.3500,8.87500977E+3,
312.500,8.64681836E+3,
312.6500,8.56464844E+3,
312.800,8.54247070E+3,
312.9500,8.74706836E+3,
313.100,8.51415723E+3,
313.2500,8.67456934E+3,
313.400,8.31766406E+3,
313.5500,8.45313086E+3,
313.700,8.44257813E+3,
313.8500,8.20607910E+3,
314.00,7.94269531E+3,
314.1500,7.86900488E+3,
314.300,7.66752734E+3,
314.4500,8.21048926E+3,
314.600,8.12693555E+3,
314.7500,8.11907227E+3,
314.900,8.16263867E+3,
315.0500,7.92203809E+3,
315.200,8.19952539E+3,
315.3500,8.02156299E+3,
315.500,7.50834570E+3,
315.6500,8.29843359E+3,
315.800,7.49035645E+3,
315.9500,8.17887305E+3,
316.100,7.85026855E+3,
316.2500,8.07665967E+3,
316.400,8.19764453E+3,
316.5500,8.06143945E+3,
316.700,7.37050684E+3,
316.8500,7.39422070E+3,
317.00,7.69803418E+3,
317.1500,7.99694531E+3,
317.300,7.76774805E+3,
317.4500,7.63250586E+3,
317.600,7.68695215E+3,
317.7500,7.58773877E+3,
317.900,7.44109033E+3,
318.0500,7.49594336E+3,
318.200,7.82902637E+3,
318.3500,7.31680078E+3,
318.500,7.75608789E+3,
318.6500,7.43186279E+3,
318.800,7.48235352E+3,
318.9500,7.31885547E+3,
319.100,7.52752588E+3,
319.2500,7.45065332E+3,
319.400,7.29792285E+3,
319.5500,7.36562793E+3,
319.700,7.69398682E+3,
319.8500,7.77685449E+3,
320.00,7.37766992E+3,
320.1500,7.26134375E+3,
320.300,7.10812207E+3,
320.4500,7.10933691E+3,
320.600,7.37139648E+3,
320.7500,6.82251367E+3,
320.900,7.30209814E+3,
321.0500,7.24945703E+3,
321.200,7.46389746E+3,
321.3500,7.14192578E+3,
321.500,7.26169531E+3,
321.6500,7.50271094E+3,
321.800,7.26002197E+3,
321.9500,6.75980664E+3,
322.100,6.92015137E+3,
322.2500,7.14034082E+3,
322.400,7.14270020E+3,
322.5500,7.12498340E+3,
322.700,7.15521826E+3,
322.8500,7.02593848E+3,
323.00,7.48526465E+3,
323.1500,6.99954785E+3,
323.300,7.04990137E+3,
323.4500,6.89485596E+3,
323.600,7.03563037E+3,
323.7500,7.23456006E+3,
323.900,6.91949316E+3,
324.0500,7.00838086E+3,
324.200,6.93334473E+3,
324.3500,6.78474512E+3,
324.500,7.08675586E+3,
324.6500,6.84939941E+3,
324.800,6.96442725E+3,
324.9500,6.50500586E+3,
325.100,6.89343164E+3,
325.2500,6.84703027E+3,
325.400,6.97674463E+3,
325.5500,6.95698340E+3,
325.700,7.07814551E+3,
325.8500,6.75804980E+3,
326.00,6.56065674E+3,
326.1500,6.73174219E+3,
326.300,6.81147266E+3,
326.4500,6.63476367E+3,
326.600,6.91341309E+3,
326.7500,6.86463721E+3,
326.900,7.21631055E+3,
327.0500,6.80519727E+3,
327.200,7.13766406E+3,
327.3500,6.71776367E+3,
327.500,6.50359863E+3,
327.6500,6.64569922E+3,
327.800,6.58026855E+3,
327.9500,6.62199414E+3,
328.100,6.57204688E+3,
328.2500,6.83836133E+3,
328.400,6.49513965E+3,
328.5500,6.29222998E+3,
328.700,6.80569727E+3,
328.8500,6.26765234E+3,
329.00,6.56087988E+3,
329.1500,6.54891211E+3,
329.300,6.52608008E+3,
329.4500,6.31521338E+3,
329.600,6.55998877E+3,
329.7500,6.28850000E+3,
329.900,6.67984180E+3,
330.0500,6.56383203E+3,
330.200,6.83969824E+3,
330.3500,6.27002295E+3,
330.500,6.43821191E+3,
330.6500,6.39536523E+3,
330.800,6.38467480E+3,
330.9500,6.85034961E+3,
331.100,6.44192090E+3,
331.2500,6.20511230E+3,
331.400,6.46436572E+3,
331.5500,6.00210254E+3,
331.700,6.49007373E+3,
331.8500,6.56093311E+3,
332.00,6.36079199E+3,
332.1500,6.32962012E+3,
332.300,6.40015918E+3,
332.4500,6.31296924E+3,
332.600,6.42168506E+3,
332.7500,6.40793311E+3,
332.900,6.29667871E+3,
333.0500,6.25513037E+3,
333.200,6.47717969E+3,
333.3500,6.32073145E+3,
333.500,6.23396680E+3,
333.6500,6.32705322E+3,
333.800,6.61976172E+3,
333.9500,6.39171289E+3,
334.100,6.36719580E+3,
334.2500,6.34275781E+3,
334.400,6.20536182E+3,
334.5500,6.47864990E+3,
334.700,6.57691943E+3,
334.8500,6.42268848E+3,
335.00,6.21452197E+3,
335.1500,6.09590820E+3,
335.300,6.26245166E+3,
335.4500,6.57399512E+3,
335.600,6.14772852E+3,
335.7500,6.08385059E+3,
335.900,6.29302539E+3,
336.0500,6.22913086E+3,
336.200,6.01108350E+3,
336.3500,6.40056201E+3,
336.500,6.32012500E+3,
336.6500,6.54071094E+3,
336.800,6.27671338E+3,
336.9500,6.44996338E+3,
337.100,6.32266113E+3,
337.2500,6.20209961E+3,
337.400,6.48296826E+3,
337.5500,6.29299805E+3,
337.700,6.15320166E+3,
337.8500,6.12266602E+3,
338.00,6.28309961E+3,
338.1500,6.24731738E+3,
338.300,5.96579688E+3,
338.4500,6.57515918E+3,
338.600,6.35280615E+3,
338.7500,6.39846777E+3,
338.900,6.32035840E+3,
339.0500,6.51128613E+3,
339.200,6.29564795E+3,
339.3500,6.53953320E+3,
339.500,6.58893750E+3,
339.6500,6.18803125E+3,
339.800,6.27641064E+3,
339.9500,6.54992822E+3,
340.100,6.38762012E+3,
340.2500,6.08892285E+3,
340.400,6.10295166E+3,
340.5500,6.15806982E+3,
340.700,6.50692578E+3,
340.8500,6.25792773E+3,
341.00,6.02266309E+3,
341.1500,6.47940625E+3,
341.300,6.43912500E+3,
341.4500,6.17402246E+3,
341.600,6.24366309E+3,
341.7500,6.39378906E+3,
341.900,6.31047705E+3,
342.0500,6.27101563E+3,
342.200,6.26600586E+3,
342.3500,6.23633008E+3,
342.500,6.27745557E+3,
342.6500,6.41343457E+3,
342.800,6.48754541E+3,
342.9500,6.17352148E+3,
343.100,6.22642773E+3,
343.2500,6.34590723E+3,
343.400,6.47086475E+3,
343.5500,6.18678711E+3,
343.700,6.36880176E+3,
343.8500,6.44152979E+3,
344.00,6.05719043E+3,
344.1500,6.13524463E+3,
344.300,6.36535107E+3,
344.4500,6.31989648E+3,
344.600,6.51263770E+3,
344.7500,6.38385938E+3,
344.900,6.42738184E+3,
345.0500,6.39633301E+3,
345.200,6.39095508E+3,
345.3500,6.65872461E+3,
345.500,6.30398438E+3,
345.6500,6.34842285E+3,
345.800,6.26728418E+3,
345.9500,6.22140430E+3,
346.100,6.49683008E+3,
346.2500,6.46119043E+3,
346.400,6.50062012E+3,
346.5500,6.42196631E+3,
346.700,6.50129395E+3,
346.8500,6.49155518E+3,
347.00,6.57584229E+3,
347.1500,6.47208105E+3,
347.300,6.29802051E+3,
347.4500,6.47520996E+3,
347.600,6.25413281E+3,
347.7500,6.58205371E+3,
347.900,6.49348145E+3,
348.0500,6.67361230E+3,
348.200,6.35143457E+3,
348.3500,6.35602441E+3,
348.500,6.27743213E+3,
348.6500,6.38708398E+3,
348.800,6.49883105E+3,
348.9500,6.42034766E+3,
349.100,6.78834180E+3,
349.2500,6.41369238E+3,
349.400,6.40612158E+3,
349.5500,6.30891846E+3,
349.700,6.18785352E+3,
349.8500,6.67499316E+3,
350.00,6.57501660E+3,
350.1500,6.44168311E+3,
350.300,6.48839453E+3,
350.4500,6.48941602E+3,
350.600,6.40795654E+3,
350.7500,6.73249121E+3,
350.900,6.45778223E+3,
351.0500,6.36090820E+3,
351.200,6.50289600E+3,
351.3500,6.37699805E+3,
351.500,6.44748242E+3,
351.6500,6.65523633E+3,
351.800,6.58172461E+3,
351.9500,6.46730859E+3,
352.100,6.46180762E+3,
352.2500,6.21255566E+3,
352.400,6.42015234E+3,
352.5500,6.55751465E+3,
352.700,6.53129053E+3,
352.8500,6.34306250E+3,
353.00,6.33526660E+3,
353.1500,6.19133496E+3,
353.300,6.30667090E+3,
353.4500,6.48371729E+3,
353.600,6.28571191E+3,
353.7500,6.51374805E+3,
353.900,6.33910645E+3,
354.0500,6.27642139E+3,
354.200,6.41544238E+3,
354.3500,6.12198535E+3,
354.500,6.36557031E+3,
354.6500,6.16422852E+3,
354.800,5.99571973E+3,
354.9500,6.09924512E+3,
355.100,6.40707910E+3,
355.2500,6.31389551E+3,
355.400,6.52311328E+3,
355.5500,6.13158984E+3,
355.700,5.86395410E+3,
355.8500,6.05346191E+3,
356.00,6.08563672E+3,
356.1500,6.18619189E+3,
356.300,6.09107471E+3,
356.4500,6.14169336E+3,
356.600,6.04256885E+3,
356.7500,6.00219434E+3,
356.900,6.04319434E+3,
357.0500,5.90121289E+3,
357.200,5.95121875E+3,
357.3500,6.02382324E+3,
357.500,5.92422656E+3,
357.6500,5.82979053E+3,
357.800,6.09298633E+3,
357.9500,5.97811377E+3,
358.100,6.10105859E+3,
358.2500,5.99334912E+3,
358.400,5.90874316E+3,
358.5500,5.96784619E+3,
358.700,6.23617676E+3,
358.8500,5.72017285E+3,
359.00,6.04952441E+3,
359.1500,5.56372656E+3,
359.300,5.91541406E+3,
359.4500,5.67888379E+3,
359.600,5.76755273E+3,
359.7500,5.47845313E+3,
359.900,5.78005957E+3,
360.0500,5.71996045E+3,
360.200,5.96209473E+3,
360.3500,5.77444238E+3,
360.500,5.56869336E+3,
360.6500,5.77246289E+3,
360.800,5.76821729E+3,
360.9500,5.61959082E+3,
361.100,5.87156299E+3,
361.2500,5.86018066E+3,
361.400,5.87404932E+3,
361.5500,5.83960059E+3,
361.700,5.62372607E+3,
361.8500,5.90857813E+3,
362.00,5.46782275E+3,
362.1500,5.64601025E+3,
362.300,5.66250830E+3,
362.4500,5.61718848E+3,
362.600,5.75533496E+3,
362.7500,5.62802734E+3,
362.900,5.80073975E+3,
363.0500,5.71096191E+3,
363.200,5.72606055E+3,
363.3500,5.71671484E+3,
363.500,5.80937695E+3,
363.6500,5.57022656E+3,
363.800,5.69347510E+3,
363.9500,5.75964209E+3,
364.100,5.61992383E+3,
364.2500,5.58526465E+3,
364.400,5.60932910E+3,
364.5500,5.70790234E+3,
364.700,5.75397070E+3,
364.8500,5.55120850E+3,
365.00,5.55953906E+3,
365.1500,5.72391064E+3,
365.300,5.94157520E+3,
365.4500,5.81412646E+3,
365.600,5.58202637E+3,
365.7500,5.56507227E+3,
365.900,5.83124902E+3,
366.0500,5.64232813E+3,
366.200,5.75001465E+3,
366.3500,5.66458984E+3,
366.500,5.87024805E+3,
366.6500,5.71651221E+3,
366.800,5.82565137E+3,
366.9500,5.94231836E+3,
367.100,5.91845117E+3,
367.2500,5.81113916E+3,
367.400,5.95500098E+3,
367.5500,5.69100977E+3,
367.700,5.87546289E+3,
367.8500,5.91242578E+3,
368.00,5.74467969E+3,
368.1500,5.82023340E+3,
368.300,5.82250977E+3,
368.4500,5.98039697E+3,
368.600,5.82545117E+3,
368.7500,5.66736328E+3,
368.900,5.75242871E+3,
369.0500,5.87639844E+3,
369.200,5.95253516E+3,
369.3500,5.73823438E+3,
369.500,5.78809717E+3,
369.6500,5.83408838E+3,
369.800,5.99119385E+3,
369.9500,5.81488379E+3,
370.100,5.74015820E+3,
370.2500,5.72736377E+3,
370.400,5.73530078E+3,
370.5500,5.85703320E+3,
370.700,5.98580273E+3,
370.8500,5.87470313E+3,
371.00,5.80308789E+3,
371.1500,5.89025977E+3,
371.300,5.80197217E+3,
371.4500,5.78963574E+3,
371.600,5.67095508E+3,
371.7500,5.78746094E+3,
371.900,5.83958984E+3,
372.0500,5.93518018E+3,
372.200,5.98630566E+3,
372.3500,5.60843652E+3,
372.500,5.93049365E+3,
372.6500,5.87488281E+3,
372.800,5.73291162E+3,
372.9500,5.89085107E+3,
373.100,5.99779395E+3,
373.2500,5.73092627E+3,
373.400,5.68203711E+3,
373.5500,5.61197852E+3,
373.700,5.92427490E+3,
373.8500,5.84175977E+3,
374.00,5.83790039E+3,
374.1500,5.87908398E+3,
374.300,5.72717871E+3,
374.4500,5.81635840E+3,
374.600,6.02875830E+3,
374.7500,5.59790039E+3,
374.900,5.76442676E+3,
375.0500,5.88950293E+3,
375.200,5.57390088E+3,
375.3500,5.72589209E+3,
375.500,5.70314551E+3,
375.6500,5.84574365E+3,
375.800,5.69470068E+3,
375.9500,5.88020996E+3,
376.100,5.76274219E+3,
376.2500,5.79410791E+3,
376.400,5.69641992E+3,
376.5500,5.72284912E+3,
376.700,6.00632422E+3,
376.8500,5.72439551E+3,
377.00,5.70653857E+3,
377.1500,5.88214697E+3,
377.300,5.60136182E+3,
377.4500,5.78181250E+3,
377.600,5.48879297E+3,
377.7500,5.68422363E+3,
377.900,5.75068311E+3,
378.0500,5.97397559E+3,
378.200,5.63275488E+3,
378.3500,5.67098242E+3,
378.500,5.50604883E+3,
378.6500,5.68027051E+3,
378.800,5.46744629E+3,
378.9500,5.54609570E+3,
379.100,5.52245752E+3,
379.2500,5.45881641E+3,
379.400,5.71977441E+3,
379.5500,5.62794336E+3,
379.700,5.82995557E+3,
379.8500,5.59269434E+3,
380.00,5.45705957E+3,
380.1500,5.48548145E+3,
380.300,5.52706396E+3,
380.4500,5.42057324E+3,
380.600,5.61005176E+3,
380.7500,5.55639160E+3,
380.900,5.59626221E+3,
381.0500,5.54066699E+3,
381.200,5.50850879E+3,
381.3500,5.43915039E+3,
381.500,5.33767383E+3,
381.6500,5.40523535E+3,
381.800,5.44350488E+3,
381.9500,5.36384863E+3,
382.100,5.16296191E+3,
382.2500,5.27136328E+3,
382.400,5.30559180E+3,
382.5500,5.15398242E+3,
382.700,5.22684473E+3,
382.8500,4.96928467E+3,
383.00,5.19046338E+3,
383.1500,5.28532373E+3,
383.300,5.07537988E+3,
383.4500,5.02303711E+3,
383.600,4.86510449E+3,
383.7500,5.13839990E+3,
383.900,5.11480371E+3,
384.0500,5.02676221E+3,
384.200,4.93406836E+3,
384.3500,4.86998145E+3,
384.500,4.89995850E+3,
384.6500,5.09833594E+3,
384.800,4.86484082E+3,
384.9500,4.81718262E+3,
385.100,4.73962207E+3,
385.2500,5.01655859E+3,
385.400,4.93408984E+3,
385.5500,4.91831738E+3,
385.700,4.82112500E+3,
385.8500,4.73359570E+3,
386.00,4.61734473E+3,
386.1500,4.78606641E+3,
386.300,4.83662646E+3,
386.4500,4.69043066E+3,
386.600,4.71373828E+3,
386.7500,4.77347852E+3,
386.900,4.78455957E+3,
387.0500,4.74123584E+3,
387.200,4.61665039E+3,
387.3500,4.82132373E+3,
387.500,4.76340234E+3,
387.6500,4.69371973E+3,
387.800,4.66634424E+3,
387.9500,4.61066016E+3,
388.100,4.84477832E+3,
388.2500,4.67932324E+3,
388.400,4.76930713E+3,
388.5500,4.72220508E+3,
388.700,4.64712402E+3,
388.8500,4.62127930E+3,
389.00,4.74946191E+3,
389.1500,4.63238867E+3,
389.300,4.93293457E+3,
389.4500,4.79697852E+3,
389.600,4.80696729E+3,
389.7500,4.89319336E+3,
389.900,4.75244336E+3,
390.0500,4.74661133E+3,
390.200,4.78897559E+3,
390.3500,4.59703906E+3,
390.500,4.79648584E+3,
390.6500,4.84018408E+3,
390.800,4.72895850E+3,
390.9500,4.65574121E+3,
391.100,4.61237207E+3,
391.2500,4.73082910E+3,
391.400,4.58008203E+3,
391.5500,4.63516211E+3,
391.700,4.57255859E+3,
391.8500,4.67770703E+3,
392.00,4.70682910E+3,
392.1500,4.48108691E+3,
392.300,4.64103467E+3,
392.4500,4.64821240E+3,
392.600,4.63123047E+3,
392.7500,4.63707129E+3,
392.900,4.66423340E+3,
393.0500,4.64118848E+3,
393.200,4.58882715E+3,
393.3500,4.78118164E+3,
393.500,4.80367285E+3,
393.6500,4.60351709E+3,
393.800,4.59535840E+3,
393.9500,4.54934180E+3,
394.100,4.54893750E+3,
394.2500,4.66158496E+3,
394.400,4.49712256E+3,
394.5500,4.85242773E+3,
394.700,4.62144092E+3,
394.8500,4.84195313E+3,
395.00,4.85349902E+3,
395.1500,4.88723633E+3,
395.300,4.78388721E+3,
395.4500,5.04163721E+3,
395.600,5.04198340E+3,
395.7500,4.88395313E+3,
395.900,4.84614746E+3,
396.0500,4.88139355E+3,
396.200,4.78647363E+3,
396.3500,4.84800781E+3,
396.500,4.94360547E+3,
396.6500,4.80000879E+3,
396.800,4.93505469E+3,
396.9500,4.88049316E+3,
397.100,5.09571973E+3,
397.2500,4.73472266E+3,
397.400,4.76264746E+3,
397.5500,4.93279883E+3,
397.700,4.78053223E+3,
397.8500,4.70437109E+3,
398.00,4.56499902E+3,
398.1500,4.73422412E+3,
398.300,4.55291309E+3,
398.4500,4.62364355E+3,
398.600,4.59075684E+3,
398.7500,4.16583008E+3,
398.900,4.47162061E+3,
399.0500,4.39906152E+3,
399.200,4.33372852E+3,
399.3500,4.31001660E+3,
399.500,4.39065527E+3,
399.6500,4.48187598E+3,
399.800,4.24194678E+3,
399.9500,4.31063770E+3,
400.100,4.14900098E+3,
400.2500,4.21281592E+3,
400.400,4.27177539E+3,
400.5500,4.30413672E+3,
400.700,4.22624023E+3,
400.8500,4.24474512E+3,
401.00,3.98180591E+3,
401.1500,3.96302490E+3,
401.300,3.91198291E+3,
401.4500,4.14585059E+3,
401.600,4.05021851E+3,
401.7500,4.09914014E+3,
401.900,4.14029785E+3,
402.0500,3.98267725E+3,
402.200,4.24580566E+3,
402.3500,4.02934985E+3,
402.500,4.03437598E+3,
402.6500,4.18391211E+3,
402.800,4.02324731E+3,
402.9500,4.04658350E+3,
403.100,4.13646191E+3,
403.2500,4.00979736E+3,
403.400,4.20978809E+3,
403.5500,4.11814502E+3,
403.700,4.10813623E+3,
403.8500,3.95827979E+3,
404.00,4.15443066E+3,
404.1500,4.00060547E+3,
404.300,3.98808325E+3,
404.4500,3.94868604E+3,
404.600,4.04098340E+3,
404.7500,3.89567700E+3,
404.900,3.89542090E+3,
405.0500,3.78803735E+3,
405.200,3.80162744E+3,
405.3500,3.67402612E+3,
405.500,3.76497485E+3,
405.6500,3.66296631E+3,
405.800,3.69453271E+3,
405.9500,3.58548047E+3,
406.100,3.43669971E+3,
406.2500,3.67655908E+3,
406.400,3.50737061E+3,
406.5500,3.59640820E+3,
406.700,3.62494067E+3,
406.8500,3.45937451E+3,
407.00,3.47189136E+3,
407.1500,3.61755664E+3,
407.300,3.43908594E+3,
407.4500,3.51425928E+3,
407.600,3.42116064E+3,
407.7500,3.33851807E+3,
407.900,3.29984766E+3,
408.0500,3.18408057E+3,
408.200,3.49806836E+3,
408.3500,3.44642383E+3,
408.500,3.28305615E+3,
408.6500,3.36529980E+3,
408.800,3.41985596E+3,
408.9500,3.32950098E+3,
409.100,3.20199780E+3,
409.2500,3.16161230E+3,
409.400,3.19064722E+3,
409.5500,3.27016162E+3,
409.700,3.08713135E+3,
409.8500,3.14790820E+3,
410.00,3.15965894E+3,
410.1500,3.08225537E+3,
410.300,3.06248193E+3,
410.4500,3.24235425E+3,
410.600,3.19095435E+3,
410.7500,2.98195532E+3,
410.900,3.09991406E+3,
411.0500,3.08310547E+3,
411.200,3.11772607E+3,
411.3500,3.00369482E+3,
411.500,3.10546582E+3,
411.6500,2.94316064E+3,
411.800,3.09616772E+3,
411.9500,2.91707300E+3,
412.100,2.93751172E+3,
412.2500,3.03756201E+3,
412.400,3.09626270E+3,
412.5500,3.00296436E+3,
412.700,3.06447021E+3,
412.8500,3.02949902E+3,
413.00,3.01301221E+3,
413.1500,2.92848096E+3,
413.300,2.74510327E+3,
413.4500,2.93793066E+3,
413.600,2.76475391E+3,
413.7500,2.80068066E+3,
413.900,2.67443701E+3,
414.0500,2.83014282E+3,
414.200,2.75053149E+3,
414.3500,2.82578003E+3,
414.500,2.72524219E+3,
414.6500,2.76671777E+3,
414.800,2.70710303E+3,
414.9500,2.75557031E+3,
415.100,2.77466772E+3,
415.2500,2.61875781E+3,
415.400,2.77235254E+3,
415.5500,2.69219873E+3,
415.700,2.84137354E+3,
415.8500,2.71800659E+3,
416.00,2.74416382E+3,
416.1500,2.80517383E+3,
416.300,2.75459595E+3,
416.4500,2.70409473E+3,
416.600,2.80960254E+3,
416.7500,2.81620166E+3,
416.900,2.93682861E+3,
417.0500,2.78075171E+3,
417.200,2.84010938E+3,
417.3500,2.85360254E+3,
417.500,2.87125269E+3,
417.6500,2.85285059E+3,
417.800,2.93561621E+3,
417.9500,2.84661035E+3,
418.100,2.72040527E+3,
418.2500,2.86819897E+3,
418.400,3.02689111E+3,
418.5500,3.00998242E+3,
418.700,3.00829053E+3,
418.8500,3.10871826E+3,
419.00,3.17870703E+3,
419.1500,3.24583643E+3,
419.300,3.47544995E+3,
419.4500,3.60018896E+3,
419.600,3.47162158E+3,
419.7500,3.50136035E+3,
419.900,3.50633887E+3,
420.0500,3.38762817E+3,
420.200,3.44331299E+3,
420.3500,3.35212793E+3,
420.500,3.54904395E+3,
420.6500,3.44559448E+3,
420.800,3.37378076E+3,
420.9500,3.38830908E+3,
421.100,3.40147852E+3,
421.2500,3.40371167E+3,
421.400,3.41825586E+3,
421.5500,3.37679077E+3,
421.700,3.42549023E+3,
421.8500,3.49598242E+3,
422.00,3.26091504E+3,
422.1500,3.39855957E+3,
422.300,3.47477686E+3,
422.4500,3.42290332E+3,
422.600,3.48408789E+3,
422.7500,3.44996533E+3,
422.900,3.46485400E+3,
423.0500,3.60358765E+3,
423.200,3.45832520E+3,
423.3500,3.61757324E+3,
423.500,3.54305908E+3,
423.6500,3.34636938E+3,
423.800,3.43628198E+3,
423.9500,3.49899951E+3,
424.100,3.51962891E+3,
424.2500,3.56195850E+3,
424.400,3.60969238E+3,
424.5500,3.48524463E+3,
424.700,3.62378564E+3,
424.8500,3.45064917E+3,
425.00,3.50515918E+3,
425.1500,3.44844336E+3,
425.300,3.42155054E+3,
425.4500,3.49074585E+3,
425.600,3.44764111E+3,
425.7500,3.35724976E+3,
425.900,3.46426636E+3,
426.0500,3.50630615E+3,
426.200,3.41314600E+3,
426.3500,3.43212744E+3,
426.500,3.51588818E+3,
426.6500,3.44039160E+3,
426.800,3.51736133E+3,
426.9500,3.43384692E+3,
427.100,3.36676172E+3,
427.2500,3.59355127E+3,
427.400,3.39590381E+3,
427.5500,3.30206470E+3,
427.700,3.49504736E+3,
427.8500,3.52237939E+3,
428.00,3.45820215E+3,
428.1500,3.56159863E+3,
428.300,3.49949365E+3,
428.4500,3.50063037E+3,
428.600,3.42105151E+3,
428.7500,3.29709082E+3,
428.900,3.33456152E+3,
429.0500,3.42588135E+3,
429.200,3.35992627E+3,
429.3500,3.29800928E+3,
429.500,3.39345947E+3,
429.6500,3.39341406E+3,
429.800,3.48079150E+3,
429.9500,3.31262573E+3,
430.100,3.37813379E+3,
430.2500,3.38563574E+3,
430.400,3.30575635E+3,
430.5500,3.40064258E+3,
430.700,3.31407471E+3,
430.8500,3.24903613E+3,
431.00,3.29418750E+3,
431.1500,3.42233789E+3,
431.300,3.22681104E+3,
431.4500,3.13341113E+3,
431.600,3.32460645E+3,
431.7500,3.22721289E+3,
431.900,3.31232129E+3,
432.0500,3.31705176E+3,
432.200,3.29254175E+3,
432.3500,3.22646826E+3,
432.500,3.17650195E+3,
432.6500,3.20967285E+3,
432.800,3.04845581E+3,
432.9500,3.15938281E+3,
433.100,3.19428564E+3,
433.2500,3.09935474E+3,
433.400,3.16930811E+3,
433.5500,3.21915894E+3,
433.700,3.20733643E+3,
433.8500,3.21696729E+3,
434.00,3.04823486E+3,
434.1500,3.14801074E+3,
434.300,3.07341943E+3,
434.4500,3.16920117E+3,
434.600,3.18583496E+3,
434.7500,3.16623291E+3,
434.900,3.19897461E+3,
435.0500,2.97664355E+3,
435.200,3.14236670E+3,
435.3500,3.17651953E+3,
435.500,3.17709717E+3,
435.6500,3.21663623E+3,
435.800,3.16480249E+3,
435.9500,3.14923877E+3,
436.100,3.16065869E+3,
436.2500,3.12910205E+3,
436.400,3.05986743E+3,
436.5500,3.09149463E+3,
436.700,3.08680078E+3,
436.8500,3.13862842E+3,
437.00,3.07470166E+3,
437.1500,3.12954932E+3,
437.300,3.11168433E+3,
437.4500,3.21911816E+3,
437.600,3.12982031E+3,
437.7500,2.98517871E+3,
437.900,3.08321484E+3,
438.0500,3.21249585E+3,
438.200,3.08032520E+3,
438.3500,3.26943262E+3,
438.500,3.13309766E+3,
438.6500,3.13855640E+3,
438.800,3.07504639E+3,
438.9500,3.07505518E+3,
439.100,2.99275928E+3,
439.2500,3.00529956E+3,
439.400,3.05172168E+3,
439.5500,3.03852710E+3,
439.700,2.87472021E+3,
439.8500,2.80573828E+3,
440.00,2.80050317E+3,
440.1500,3.00316040E+3,
440.300,2.90147021E+3,
440.4500,2.88128271E+3,
440.600,2.76714648E+3,
440.7500,2.94703760E+3,
440.900,2.88048633E+3,
441.0500,2.77975195E+3,
441.200,2.82753955E+3,
441.3500,2.75527588E+3,
441.500,2.80990918E+3,
441.6500,2.81951001E+3,
441.800,2.97808447E+3,
441.9500,2.78812085E+3,
442.100,2.85131006E+3,
442.2500,2.72439673E+3,
442.400,2.81238843E+3,
442.5500,2.78533643E+3,
442.700,2.68143311E+3,
442.8500,2.66522754E+3,
443.00,2.74786646E+3,
443.1500,2.71168652E+3,
443.300,2.70019189E+3,
443.4500,2.80430737E+3,
443.600,2.53932520E+3,
443.7500,2.73170605E+3,
443.900,2.81122363E+3,
444.0500,2.65211523E+3,
444.200,2.69497803E+3,
444.3500,2.69500366E+3,
444.500,2.70055615E+3,
444.6500,2.61733350E+3,
444.800,2.64083447E+3,
444.9500,2.67965771E+3,
445.100,2.66060938E+3,
445.2500,2.57486548E+3,
445.400,2.54468652E+3,
445.5500,2.64571875E+3,
445.700,2.51201318E+3,
445.8500,2.55300439E+3,
446.00,2.72027905E+3,
446.1500,2.65753662E+3,
446.300,2.57344678E+3,
446.4500,2.47917773E+3,
446.600,2.40856348E+3,
446.7500,2.50456250E+3,
446.900,2.55128223E+3,
447.0500,2.56624951E+3,
447.200,2.54434033E+3,
447.3500,2.67635645E+3,
447.500,2.66741089E+3,
447.6500,2.74154663E+3,
447.800,2.60470703E+3,
447.9500,2.62566162E+3,
448.100,2.51512451E+3,
448.2500,2.62583008E+3,
448.400,2.62802124E+3,
448.5500,2.62723633E+3,
448.700,2.64844336E+3,
448.8500,2.63432251E+3,
449.00,2.60964307E+3,
449.1500,2.69176123E+3,
449.300,2.78823291E+3,
449.4500,2.92495117E+3,
449.600,3.16479688E+3,
449.7500,3.24403613E+3,
449.900,3.69240869E+3,
450.0500,4.08560938E+3,
450.200,1.90803870E+3,
450.3500,1.83737961E+2,
450.500,1.83015717E+2,
450.6500,1.80710876E+2,
450.800,2.39944855E+2,
450.9500,2.33112167E+2,
451.100,2.58891663E+2,
451.2500,2.41440094E+2,
451.400,2.50990936E+2,
451.5500,3.03437622E+2,
451.700,3.63836487E+2,
451.8500,4.00411011E+2,
452.00,4.21100464E+2,
452.1500,4.16102875E+2,
452.300,4.82048401E+2,
452.4500,5.56852051E+2,
452.600,5.09201874E+2,
452.7500,5.53733887E+2,
452.900,5.87065186E+2,
453.0500,5.68778809E+2,
453.200,6.00362000E+2,
453.3500,6.27000793E+2,
453.500,6.10982239E+2,
453.6500,6.41774902E+2,
453.800,7.18520752E+2,
453.9500,7.21605957E+2,
454.100,7.66910278E+2,
454.2500,6.88322754E+2,
454.400,8.15919678E+2,
454.5500,9.15802612E+2,
454.700,8.82371582E+2,
454.8500,9.84814453E+2,
455.00,9.33032349E+2,
455.1500,1.01350800E+3,
455.300,1.03565808E+3,
455.4500,9.59128662E+2,
455.600,1.07089502E+3,
455.7500,1.14836499E+3,
455.900,1.16372485E+3,
456.0500,1.17612622E+3,
456.200,1.20159985E+3,
456.3500,1.31326196E+3,
456.500,1.19218335E+3,
456.6500,1.34716370E+3,
456.800,1.40364233E+3,
456.9500,1.42574194E+3,
457.100,1.48253577E+3,
457.2500,1.51059131E+3,
457.400,1.42129199E+3,
457.5500,1.55951245E+3,
457.700,1.66093701E+3,
457.8500,1.59747937E+3,
458.00,1.66653955E+3,
458.1500,1.59938110E+3,
458.300,1.77148926E+3,
458.4500,1.69235767E+3,
458.600,1.71385339E+3,
458.7500,1.68314185E+3,
458.900,1.72140833E+3,
459.0500,1.67799011E+3,
459.200,1.74727429E+3,
459.3500,1.63327380E+3,
459.500,1.72462427E+3,
459.6500,1.69648962E+3,
459.800,1.78793750E+3,
459.9500,1.81223340E+3,
460.100,1.70337988E+3,
460.2500,1.81486353E+3,
460.400,1.88637061E+3,
460.5500,1.87838196E+3,
460.700,1.91606726E+3,
460.8500,2.05104297E+3,
461.00,2.02000525E+3,
461.1500,2.00482031E+3,
461.300,2.07727271E+3,
461.4500,2.18948193E+3,
461.600,2.18177393E+3,
461.7500,2.29624121E+3,
461.900,2.33695996E+3,
462.0500,2.49909912E+3,
462.200,2.62153491E+3,
462.3500,2.79043237E+3,
462.500,2.88408887E+3,
462.6500,2.91513623E+3,
462.800,2.79826196E+3,
462.9500,2.76118970E+3,
463.100,2.61574023E+3,
463.2500,2.46268994E+3,
463.400,2.53952246E+3,
463.5500,2.39282861E+3,
463.700,2.39887158E+3,
463.8500,2.36540479E+3,
464.00,2.42268311E+3,
464.1500,2.26120898E+3,
464.300,2.09514697E+3,
464.4500,2.25268140E+3,
464.600,2.15605029E+3,
464.7500,2.23800049E+3,
464.900,2.23442310E+3,
465.0500,2.18489209E+3,
465.200,2.27850098E+3,
465.3500,2.20335986E+3,
465.500,2.25800708E+3,
465.6500,2.22490625E+3,
465.800,2.28873511E+3,
465.9500,2.27443799E+3,
466.100,2.39028442E+3,
466.2500,2.43142676E+3,
466.400,2.66385254E+3,
466.5500,2.76857837E+3,
466.700,3.18973389E+3,
466.8500,3.53144800E+3,
467.00,3.97614673E+3,
467.1500,4.51691455E+3,
467.300,4.40677588E+3,
467.4500,4.45170898E+3,
467.600,4.12389746E+3,
467.7500,3.81631860E+3,
467.900,3.65963330E+3,
468.0500,3.29234033E+3,
468.200,3.19528076E+3,
468.3500,2.98133594E+3,
468.500,2.87361963E+3,
468.6500,2.92262598E+3,
468.800,2.88322754E+3,
468.9500,2.75466650E+3,
469.100,2.84862061E+3,
469.2500,2.83527344E+3,
469.400,2.85231299E+3,
469.5500,2.80867480E+3,
469.700,2.80047314E+3,
469.8500,2.83772363E+3,
470.00,2.84567432E+3,
470.1500,2.67058716E+3,
470.300,2.53702417E+3,
470.4500,2.59092139E+3,
470.600,2.45556445E+3,
470.7500,2.45514819E+3,
470.900,2.44870801E+3,
471.0500,2.40123877E+3,
471.200,2.41135449E+3,
471.3500,2.32207959E+3,
471.500,2.39043311E+3,
471.6500,2.39955273E+3,
471.800,2.33145605E+3,
471.9500,2.33057617E+3,
472.100,2.36802661E+3,
472.2500,2.30539600E+3,
472.400,2.44513623E+3,
472.5500,2.57179980E+3,
472.700,2.66937598E+3,
472.8500,2.75690186E+3,
473.00,3.15065186E+3,
473.1500,3.30940576E+3,
473.300,3.87737646E+3,
473.4500,4.04401904E+3,
473.600,3.65741260E+3,
473.7500,3.17786963E+3,
473.900,2.77644873E+3,
474.0500,2.74822803E+3,
474.200,2.63718359E+3,
474.3500,2.53414307E+3,
474.500,2.65811475E+3,
474.6500,2.57807764E+3,
474.800,2.46404224E+3,
474.9500,2.49701074E+3,
475.100,2.58213330E+3,
475.2500,2.48632031E+3,
475.400,2.62253857E+3,
475.5500,2.55472021E+3,
475.700,2.46788330E+3,
475.8500,2.64814795E+3,
476.00,2.62933765E+3,
476.1500,2.55065088E+3,
476.300,2.59103442E+3,
476.4500,2.58438379E+3,
476.600,2.58173389E+3,
476.7500,2.82737842E+3,
476.900,2.73163330E+3,
477.0500,2.72607129E+3,
477.200,2.81181860E+3,
477.3500,2.85251343E+3,
477.500,2.81104614E+3,
477.6500,2.91189453E+3,
477.800,3.01579199E+3,
477.9500,3.05655396E+3,
478.100,3.05143164E+3,
478.2500,3.13873706E+3,
478.400,3.17389941E+3,
478.5500,3.11871143E+3,
478.700,3.17396924E+3,
478.8500,3.20916211E+3,
479.00,3.27553076E+3,
479.1500,3.17336523E+3,
479.300,3.24714331E+3,
479.4500,3.12675049E+3,
479.600,3.13511719E+3,
479.7500,3.13139844E+3,
479.900,3.19921191E+3,
480.0500,3.16933203E+3,
480.200,3.35934814E+3,
480.3500,3.53741992E+3,
480.500,3.62681519E+3,
480.6500,3.89704688E+3,
480.800,4.21196338E+3,
480.9500,4.17742920E+3,
481.100,4.14887354E+3,
481.2500,4.16881738E+3,
481.400,3.99041309E+3,
481.5500,4.10546094E+3,
481.700,4.04435840E+3,
481.8500,4.04906055E+3,
482.00,4.10342920E+3,
482.1500,4.03430225E+3,
482.300,4.02902441E+3,
482.4500,4.07144141E+3,
482.600,3.97780762E+3,
482.7500,4.22240137E+3,
482.900,4.37267676E+3,
483.0500,4.42052832E+3,
483.200,4.31407617E+3,
483.3500,4.14437891E+3,
483.500,4.08958447E+3,
483.6500,3.89000562E+3,
483.800,3.94613965E+3,
483.9500,4.00640479E+3,
484.100,3.86686865E+3,
484.2500,3.90294849E+3,
484.400,3.93906152E+3,
484.5500,3.95168506E+3,
484.700,3.82616602E+3,
484.8500,3.75065625E+3,
485.00,3.82053052E+3,
485.1500,3.59858350E+3,
485.300,3.68205078E+3,
485.4500,3.69478296E+3,
485.600,3.59348975E+3,
485.7500,3.71203857E+3,
485.900,3.72786792E+3,
486.0500,3.74991797E+3,
486.200,3.68656689E+3,
486.3500,3.74268408E+3,
486.500,3.79680371E+3,
486.6500,4.02954834E+3,
486.800,3.85978174E+3,
486.9500,4.21378418E+3,
487.100,4.18021582E+3,
487.2500,4.49730176E+3,
487.400,4.65322803E+3,
487.5500,4.94090332E+3,
487.700,5.15012207E+3,
487.8500,5.78796436E+3,
488.00,6.12763281E+3,
488.1500,6.80181641E+3,
488.300,7.17748291E+3,
488.4500,7.66061621E+3,
488.600,7.76772412E+3,
488.7500,7.98315918E+3,
488.900,7.87081543E+3,
489.0500,7.33455957E+3,
489.200,7.11922363E+3,
489.3500,7.08614746E+3,
489.500,6.85051025E+3,
489.6500,6.96236426E+3,
489.800,7.05239063E+3,
489.9500,7.49492871E+3,
490.100,7.49510156E+3,
490.2500,8.16802051E+3,
490.400,8.58410742E+3,
490.5500,9.23366309E+3,
490.700,9.73197070E+3,
490.8500,1.05093887E+4,
491.00,1.07696543E+4,
491.1500,1.14542559E+4,
491.300,1.16924043E+4,
491.4500,1.24768643E+4,
491.600,1.28680762E+4,
491.7500,1.32503896E+4,
491.900,1.34388750E+4,
492.0500,1.30502617E+4,
492.200,1.29086445E+4,
492.3500,1.28430078E+4,
492.500,1.20627188E+4,
492.6500,1.16895752E+4,
492.800,1.12032246E+4,
492.9500,1.07309219E+4,
493.100,1.02385107E+4,
493.2500,9.90273340E+3,
493.400,9.83589258E+3,
493.5500,9.36595703E+3,
493.700,9.41587500E+3,
493.8500,9.16689355E+3,
494.00,8.90467773E+3,
494.1500,8.75210742E+3,
494.300,8.40023438E+3,
494.4500,8.47402148E+3,
494.600,8.45250977E+3,
494.7500,8.29365820E+3,
494.900,8.13454199E+3,
495.0500,8.14068457E+3,
495.200,8.16531055E+3,
495.3500,8.29322070E+3,
495.500,8.19520996E+3,
495.6500,8.05284668E+3,
495.800,7.91454932E+3,
495.9500,8.01449316E+3,
496.100,7.94443262E+3,
496.2500,7.79448584E+3,
496.400,7.71241113E+3,
496.5500,7.66481396E+3,
496.700,7.24866309E+3,
496.8500,7.27971191E+3,
497.00,7.16858838E+3,
497.1500,7.14686670E+3,
497.300,6.96412988E+3,
497.4500,6.88443848E+3,
497.600,7.05078516E+3,
497.7500,6.96661084E+3,
497.900,6.73601367E+3,
498.0500,6.75299023E+3,
498.200,6.88924316E+3,
498.3500,6.69412793E+3,
498.500,6.93457568E+3,
498.6500,6.76760059E+3,
498.800,6.70344434E+3,
498.9500,6.68747168E+3,
499.100,6.49562500E+3,
499.2500,6.59501074E+3,
499.400,6.44125977E+3,
499.5500,6.29492285E+3,
499.700,6.08872559E+3,
499.8500,5.99476563E+3,
500.00,5.87630127E+3,
500.1500,5.54752930E+3,
500.300,5.54143945E+3,
500.4500,5.40344629E+3,
500.600,5.11988379E+3,
500.7500,5.06448633E+3,
500.900,4.95452734E+3,
501.0500,4.86658691E+3,
501.200,4.66269824E+3,
501.3500,4.44952051E+3,
501.500,4.47568555E+3,
501.6500,4.46728320E+3,
501.800,4.28125537E+3,
501.9500,4.18544238E+3,
502.100,4.15547852E+3,
502.2500,4.09074170E+3,
502.400,4.14132031E+3,
502.5500,3.90928906E+3,
502.700,3.97324219E+3,
502.8500,4.09796680E+3,
503.00,3.75392773E+3,
503.1500,4.01729688E+3,
503.300,3.76625854E+3,
503.4500,3.79666284E+3,
503.600,3.64314307E+3,
503.7500,3.77286865E+3,
503.900,3.75357080E+3,
504.0500,3.75011499E+3,
504.200,3.85206982E+3,
504.3500,3.83969507E+3,
504.500,3.91805811E+3,
504.6500,3.97156372E+3,
504.800,3.92966333E+3,
504.9500,4.06516260E+3,
505.100,4.15650586E+3,
505.2500,4.16138770E+3,
505.400,4.56212695E+3,
505.5500,4.46915137E+3,
505.700,4.69942090E+3,
505.8500,4.97698145E+3,
506.00,4.99169336E+3,
506.1500,5.19230029E+3,
506.300,5.63757422E+3,
506.4500,5.94358691E+3,
506.600,6.15131641E+3,
506.7500,6.60784570E+3,
506.900,7.13886914E+3,
507.0500,7.68257813E+3,
507.200,7.97398340E+3,
507.3500,8.73355566E+3,
507.500,8.94329980E+3,
507.6500,9.04120117E+3,
507.800,9.16241992E+3,
507.9500,8.98361523E+3,
508.100,8.62140820E+3,
508.2500,8.38635254E+3,
508.400,8.01939063E+3,
508.5500,7.25008789E+3,
508.700,6.87998340E+3,
508.8500,6.48809961E+3,
509.00,6.19112793E+3,
509.1500,5.78003906E+3,
509.300,5.33770020E+3,
509.4500,5.40851025E+3,
509.600,5.21571777E+3,
509.7500,5.08705469E+3,
509.900,4.97926123E+3,
510.0500,4.88290625E+3,
510.200,4.94383984E+3,
510.3500,4.87061719E+3,
510.500,4.94339941E+3,
510.6500,5.03281348E+3,
510.800,5.09639160E+3,
510.9500,4.95441992E+3,
511.100,4.93761328E+3,
511.2500,4.67805664E+3,
511.400,4.49148828E+3,
511.5500,4.27847070E+3,
511.700,4.05436963E+3,
511.8500,3.77400049E+3,
512.00,3.57875000E+3,
512.1500,3.38098877E+3,
512.300,3.13755127E+3,
512.4500,3.15246875E+3,
512.600,2.93817334E+3,
512.7500,2.92661475E+3,
512.900,2.78583887E+3,
513.0500,2.76218384E+3,
513.200,2.69665771E+3,
513.3500,2.51461377E+3,
513.500,2.48591162E+3,
513.6500,2.45954785E+3,
513.800,2.38137598E+3,
513.9500,2.34038184E+3,
514.100,2.25957813E+3,
514.2500,2.23294946E+3,
514.400,2.23887988E+3,
514.5500,2.18433691E+3,
514.700,2.05097729E+3,
514.8500,2.17548438E+3,
515.00,2.09520557E+3,
515.1500,2.09490723E+3,
515.300,2.06785352E+3,
515.4500,1.83386584E+3,
515.600,1.84667676E+3,
515.7500,1.87047974E+3,
515.900,1.94924976E+3,
516.0500,1.90843835E+3,
516.200,1.90179492E+3,
516.3500,1.87676575E+3,
516.500,1.88844312E+3,
516.6500,1.87437671E+3,
516.800,1.81975244E+3,
516.9500,1.81172107E+3,
517.100,1.75942065E+3,
517.2500,1.80679163E+3,
517.400,1.69644409E+3,
517.5500,1.65497461E+3,
517.700,1.76413306E+3,
517.8500,1.70284888E+3,
518.00,1.67114355E+3,
518.1500,1.72491943E+3,
518.300,1.63118481E+3,
518.4500,1.60182129E+3,
518.600,1.71906421E+3,
518.7500,1.66109814E+3,
518.900,1.69268689E+3,
519.0500,1.57224561E+3,
519.200,1.59887708E+3,
519.3500,1.65804395E+3,
519.500,1.67730359E+3,
519.6500,1.51879932E+3,
519.800,1.63695923E+3,
519.9500,1.54456714E+3,
520.100,1.53994177E+3,
520.2500,1.58561938E+3,
520.400,1.53068689E+3,
520.5500,1.44538428E+3,
520.700,1.61345483E+3,
520.8500,1.54951416E+3,
521.00,1.57392407E+3,
521.1500,1.53508447E+3,
521.300,1.53162720E+3,
521.4500,1.55732617E+3,
521.600,1.57291577E+3,
521.7500,1.53261499E+3,
521.900,1.54819971E+3,
522.0500,1.49249573E+3,
522.200,1.55012866E+3,
522.3500,1.53130786E+3,
522.500,1.50350073E+3,
522.6500,1.51271362E+3,
522.800,1.60001904E+3,
522.9500,1.53502124E+3,
523.100,1.55972791E+3,
523.2500,1.54085376E+3,
523.400,1.61833948E+3,
523.5500,1.61748853E+3,
523.700,1.48781616E+3,
523.8500,1.59255322E+3,
524.00,1.60714404E+3,
524.1500,1.57785767E+3,
524.300,1.60283350E+3,
524.4500,1.53591040E+3,
524.600,1.62829639E+3,
524.7500,1.65338745E+3,
524.900,1.53561719E+3,
525.0500,1.62956079E+3,
525.200,1.58305811E+3,
525.3500,1.62246350E+3,
525.500,1.60063110E+3,
525.6500,1.69366223E+3,
525.800,1.66530859E+3,
525.9500,1.73241064E+3,
526.100,1.77611536E+3,
526.2500,1.87499890E+3,
526.400,1.77719861E+3,
526.5500,1.85130981E+3,
526.700,1.77825781E+3,
526.8500,1.93677527E+3,
527.00,1.93877124E+3,
527.1500,2.04390100E+3,
527.300,2.06867871E+3,
527.4500,2.00357593E+3,
527.600,2.01378369E+3,
527.7500,2.09558203E+3,
527.900,2.08068799E+3,
528.0500,2.15213037E+3,
528.200,2.14532153E+3,
528.3500,2.08921851E+3,
528.500,2.16761963E+3,
528.6500,2.09404492E+3,
528.800,2.26347266E+3,
528.9500,2.25804297E+3,
529.100,2.30478271E+3,
529.2500,2.38779883E+3,
529.400,2.31395264E+3,
529.5500,2.54226074E+3,
529.700,2.50875879E+3,
529.8500,2.40918359E+3,
530.00,2.60866846E+3,
530.1500,2.56290649E+3,
530.300,2.66564990E+3,
530.4500,2.55490967E+3,
530.600,2.64430713E+3,
530.7500,2.57123486E+3,
530.900,2.68253174E+3,
531.0500,2.63922314E+3,
531.200,2.81341602E+3,
531.3500,2.70346948E+3,
531.500,2.86990967E+3,
531.6500,2.77750024E+3,
531.800,2.79686279E+3,
531.9500,2.75063721E+3,
532.100,2.97401489E+3,
532.2500,2.95130200E+3,
532.400,2.93264282E+3,
532.5500,2.94825732E+3,
532.700,2.92678003E+3,
532.8500,2.96029175E+3,
533.00,3.00626489E+3,
533.1500,2.93246973E+3,
533.300,2.84744287E+3,
533.4500,2.96820386E+3,
533.600,2.87054443E+3,
533.7500,2.88627295E+3,
533.900,2.92006006E+3,
534.0500,2.78449341E+3,
534.200,2.70981299E+3,
534.3500,2.83121387E+3,
534.500,2.60867822E+3,
534.6500,2.85996289E+3,
534.800,2.87297070E+3,
534.9500,2.76574854E+3,
535.100,2.87942651E+3,
535.2500,2.76771582E+3,
535.400,2.90406592E+3,
535.5500,2.94379395E+3,
535.700,2.98078955E+3,
535.8500,2.94184424E+3,
536.00,2.97466650E+3,
536.1500,2.98643262E+3,
536.300,3.11966333E+3,
536.4500,2.90396802E+3,
536.600,3.09682544E+3,
536.7500,3.00812744E+3,
536.900,3.17738672E+3,
537.0500,3.27178687E+3,
537.200,3.36221777E+3,
537.3500,3.17103271E+3,
537.500,3.29999780E+3,
537.6500,3.36790332E+3,
537.800,3.34026416E+3,
537.9500,3.24392871E+3,
538.100,3.14881079E+3,
538.2500,3.14088110E+3,
538.400,3.07984692E+3,
538.5500,3.07323193E+3,
538.700,3.02202441E+3,
538.8500,3.04697217E+3,
539.00,2.82413110E+3,
539.1500,2.88788623E+3,
539.300,2.71060278E+3,
539.4500,2.69483643E+3,
539.600,2.71520630E+3,
539.7500,2.68634619E+3,
539.900,2.74154492E+3,
540.0500,2.62554907E+3,
540.200,2.62132886E+3,
540.3500,2.55013086E+3,
540.500,2.61428125E+3,
540.6500,2.71941968E+3,
540.800,2.67288525E+3,
540.9500,2.57651807E+3,
541.100,2.64099707E+3,
541.2500,2.62942188E+3,
541.400,2.56938647E+3,
541.5500,2.59881250E+3,
541.700,2.44886279E+3,
541.8500,2.61513989E+3,
542.00,2.75525488E+3,
542.1500,2.63150586E+3,
542.300,2.64782861E+3,
542.4500,2.71743506E+3,
542.600,2.73831689E+3,
542.7500,2.66434521E+3,
542.900,2.64660083E+3,
543.0500,2.67933057E+3,
543.200,2.79990674E+3,
543.3500,2.70477881E+3,
543.500,2.60346094E+3,
543.6500,2.62580615E+3,
543.800,2.62876050E+3,
543.9500,2.65864453E+3,
544.100,2.59570654E+3,
544.2500,2.55210474E+3,
544.400,2.44985352E+3,
544.5500,2.51116846E+3,
544.700,2.42367139E+3,
544.8500,2.56038086E+3,
545.00,2.51644971E+3,
545.1500,2.61287061E+3,
545.300,2.54326929E+3,
545.4500,2.51888965E+3,
545.600,2.50504639E+3,
545.7500,2.56394092E+3,
545.900,2.59563574E+3,
546.0500,2.52260498E+3,
546.200,2.48300708E+3,
546.3500,2.43721045E+3,
546.500,2.47059814E+3,
546.6500,2.40939014E+3,
546.800,2.46114697E+3,
546.9500,2.44567798E+3,
547.100,2.52220508E+3,
547.2500,2.48850000E+3,
547.400,2.47774365E+3,
547.5500,2.48232764E+3,
547.700,2.40992139E+3,
547.8500,2.50075366E+3,
548.00,2.38803540E+3,
548.1500,2.45123584E+3,
548.300,2.51767261E+3,
548.4500,2.51764355E+3,
548.600,2.52225586E+3,
548.7500,2.71634595E+3,
548.900,2.54392480E+3,
549.0500,2.62171240E+3,
549.200,2.58431055E+3,
549.3500,2.54368652E+3,
549.500,2.61388574E+3,
549.6500,2.64200781E+3,
549.800,2.55742456E+3,
549.9500,2.63726758E+3,
550.100,2.73455103E+3,
550.2500,2.75032690E+3,
550.400,2.91560742E+3,
550.5500,2.82448877E+3,
550.700,2.83881641E+3,
550.8500,2.96369092E+3,
551.00,2.98767407E+3,
551.1500,3.03387646E+3,
551.300,2.94390869E+3,
551.4500,3.06152710E+3,
551.600,3.15875879E+3,
551.7500,3.01771045E+3,
551.900,3.25835303E+3,
552.0500,3.06133691E+3,
552.200,3.09528394E+3,
552.3500,2.92642896E+3,
552.500,2.90109814E+3,
552.6500,2.83726904E+3,
552.800,2.92396289E+3,
552.9500,2.78134692E+3,
553.100,2.87470020E+3,
553.2500,2.74952393E+3,
553.400,2.71262598E+3,
553.5500,2.72400757E+3,
553.700,2.58523535E+3,
553.8500,2.66437158E+3,
554.00,2.52516553E+3,
554.1500,2.58822607E+3,
554.300,2.54433203E+3,
554.4500,2.51656982E+3,
554.600,2.51150049E+3,
554.7500,2.60086816E+3,
554.900,2.54532227E+3,
555.0500,2.55655859E+3,
555.200,2.49261792E+3,
555.3500,2.45796851E+3,
555.500,2.65096729E+3,
555.6500,2.57867725E+3,
555.800,2.58996045E+3,
555.9500,2.59797510E+3,
556.100,2.54840894E+3,
556.2500,2.62069849E+3,
556.400,2.54793311E+3,
556.5500,2.52619897E+3,
556.700,2.40184717E+3,
556.8500,2.47592432E+3,
557.00,2.59493750E+3,
557.1500,2.58976855E+3,
557.300,2.60618213E+3,
557.4500,2.51446045E+3,
557.600,2.51747559E+3,
557.7500,2.44375537E+3,
557.900,2.62203369E+3,
558.0500,2.52653320E+3,
558.200,2.65518677E+3,
558.3500,2.53942041E+3,
558.500,2.58782715E+3,
558.6500,2.62962256E+3,
558.800,2.54365039E+3,
558.9500,2.55347070E+3,
559.100,2.67129932E+3,
559.2500,2.59695166E+3,
559.400,2.55791309E+3,
559.5500,2.42905078E+3,
559.700,2.50323926E+3,
559.8500,2.45202881E+3,
560.00,2.45335156E+3,
560.1500,2.35941431E+3,
560.300,2.27545313E+3,
560.4500,2.14864648E+3,
560.600,2.23152539E+3,
560.7500,2.11288281E+3,
560.900,2.08636621E+3,
561.0500,2.02720703E+3,
561.200,2.18577319E+3,
561.3500,1.96680884E+3,
561.500,1.86769702E+3,
561.6500,1.82344104E+3,
561.800,1.85492261E+3,
561.9500,1.88647388E+3,
562.100,1.72456860E+3,
562.2500,1.81487012E+3,
562.400,1.69925366E+3,
562.5500,1.60242981E+3,
562.700,1.74497937E+3,
562.8500,1.56104883E+3,
563.00,1.59770947E+3,
563.1500,1.65201257E+3,
563.300,1.58430701E+3,
563.4500,1.55485986E+3,
563.600,1.58130701E+3,
563.7500,1.57103467E+3,
563.900,1.52390454E+3,
564.0500,1.51356836E+3,
564.200,1.43472400E+3,
564.3500,1.57573584E+3,
564.500,1.45091260E+3,
564.6500,1.47227100E+3,
564.800,1.34165894E+3,
564.9500,1.46203760E+3,
565.100,1.39837708E+3,
565.2500,1.43923535E+3,
565.400,1.37180103E+3,
565.5500,1.25436621E+3,
565.700,1.33971948E+3,
565.8500,1.32539221E+3,
566.00,1.38068176E+3,
566.1500,1.32331787E+3,
566.300,1.43768921E+3,
566.4500,1.43222925E+3,
566.600,1.32804468E+3,
566.7500,1.36735022E+3,
566.900,1.28801672E+3,
567.0500,1.31475000E+3,
567.200,1.26039941E+3,
567.3500,1.29256885E+3,
567.500,1.31215723E+3,
567.6500,1.40416724E+3,
567.800,1.33515283E+3,
567.9500,1.19161133E+3,
568.100,1.34378564E+3,
568.2500,1.29818481E+3,
568.400,1.32710425E+3,
568.5500,1.32874902E+3,
568.700,1.33586853E+3,
568.8500,1.46542310E+3,
569.00,1.37209766E+3,
569.1500,1.34271667E+3,
569.300,1.30958618E+3,
569.4500,1.44716064E+3,
569.600,1.44532874E+3,
569.7500,1.40113892E+3,
569.900,1.51168774E+3,
570.0500,1.37144958E+3,
570.200,1.46182227E+3,
570.3500,1.37477869E+3,
570.500,1.47277368E+3,
570.6500,1.48939038E+3,
570.800,1.44290161E+3,
570.9500,1.43534119E+3,
571.100,1.47982239E+3,
571.2500,1.46101221E+3,
571.400,1.35633447E+3,
571.5500,1.39523145E+3,
571.700,1.35006750E+3,
571.8500,1.41337341E+3,
572.00,1.31939014E+3,
572.1500,1.37911133E+3,
572.300,1.39576050E+3,
572.4500,1.35226050E+3,
572.600,1.44234338E+3,
572.7500,1.32526465E+3,
572.900,1.35512195E+3,
573.0500,1.36995825E+3,
573.200,1.34894287E+3,
573.3500,1.28240820E+3,
573.500,1.30105127E+3,
573.6500,1.45455762E+3,
573.800,1.42971851E+3,
573.9500,1.35151538E+3,
574.100,1.40081653E+3,
574.2500,1.41588965E+3,
574.400,1.48448999E+3,
574.5500,1.28353638E+3,
574.700,1.45746826E+3,
574.8500,1.46499292E+3,
575.00,1.49940845E+3,
575.1500,1.46279614E+3,
575.300,1.50114465E+3,
575.4500,1.51645996E+3,
575.600,1.54338184E+3,
575.7500,1.62444751E+3,
575.900,1.57806592E+3,
576.0500,1.48704468E+3,
576.200,1.59743970E+3,
576.3500,1.64792822E+3,
576.500,1.58776099E+3,
576.6500,1.58386865E+3,
576.800,1.67347119E+3,
576.9500,1.78864502E+3,
577.100,1.82008984E+3,
577.2500,1.84963416E+3,
577.400,1.78136572E+3,
577.5500,1.85991724E+3,
577.700,1.99162976E+3,
577.8500,2.01952759E+3,
578.00,1.99437976E+3,
578.1500,1.99467627E+3,
578.300,2.18223926E+3,
578.4500,2.19655078E+3,
578.600,2.06665527E+3,
578.7500,2.06502930E+3,
578.900,2.00200647E+3,
579.0500,1.91901221E+3,
579.200,2.09979395E+3,
579.3500,2.06241455E+3,
579.500,2.19203247E+3,
579.6500,2.09093604E+3,
579.800,2.03545703E+3,
579.9500,2.10758130E+3,
580.100,2.09799438E+3,
580.2500,2.06840137E+3,
580.400,2.22898926E+3,
580.5500,2.09119434E+3,
580.700,2.18592261E+3,
580.8500,2.18239014E+3,
581.00,2.18085449E+3,
581.1500,2.14718262E+3,
581.300,2.31306763E+3,
581.4500,2.29964771E+3,
581.600,2.20937402E+3,
581.7500,2.18971240E+3,
581.900,2.34221924E+3,
582.0500,2.39976440E+3,
582.200,2.28892822E+3,
582.3500,2.30592212E+3,
582.500,2.47767627E+3,
582.6500,2.33389429E+3,
582.800,2.52444482E+3,
582.9500,2.44573975E+3,
583.100,2.47120215E+3,
583.2500,2.59709619E+3,
583.400,2.58999512E+3,
583.5500,2.59723730E+3,
583.700,2.54076514E+3,
583.8500,2.57881982E+3,
584.00,2.63962451E+3,
584.1500,2.56444385E+3,
584.300,2.70389282E+3,
584.4500,2.71958643E+3,
584.600,2.74566040E+3,
584.7500,2.68056982E+3,
584.900,2.84986182E+3,
585.0500,2.82211475E+3,
585.200,2.89206055E+3,
585.3500,3.00174048E+3,
585.500,2.98653711E+3,
585.6500,3.14459668E+3,
585.800,3.05633643E+3,
585.9500,2.86321094E+3,
586.100,3.05512256E+3,
586.2500,3.04185107E+3,
586.400,3.27846875E+3,
586.5500,3.23596484E+3,
586.700,3.21019580E+3,
586.8500,3.53419263E+3,
587.00,3.43694678E+3,
587.1500,3.45773096E+3,
587.300,3.42991113E+3,
587.4500,3.63065649E+3,
587.600,3.66229053E+3,
587.7500,3.88069873E+3,
587.900,3.91903467E+3,
588.0500,4.03614355E+3,
588.200,3.97259302E+3,
588.3500,4.29465625E+3,
588.500,4.45526953E+3,
588.6500,4.28726563E+3,
588.800,4.26856396E+3,
588.9500,4.27550244E+3,
589.100,4.24187598E+3,
589.2500,4.65459717E+3,
589.400,4.66436084E+3,
589.5500,4.37083594E+3,
589.700,4.46640039E+3,
589.8500,4.79071094E+3,
590.00,4.82867676E+3,
590.1500,4.91907715E+3,
590.300,5.02916016E+3,
590.4500,5.17850977E+3,
590.600,5.25662207E+3,
590.7500,5.38921826E+3,
590.900,5.41121094E+3,
591.0500,5.57920654E+3,
591.200,6.27107227E+3,
591.3500,5.99968262E+3,
591.500,6.23256152E+3,
591.6500,6.34781885E+3,
591.800,6.76799023E+3,
591.9500,6.88637793E+3,
592.100,6.84875928E+3,
592.2500,7.06827686E+3,
592.400,7.16056055E+3,
592.5500,7.52207617E+3,
592.700,7.46273730E+3,
592.8500,8.05976953E+3,
593.00,7.92784570E+3,
593.1500,8.09478711E+3,
593.300,8.03136133E+3,
593.4500,8.36315430E+3,
593.600,8.28205762E+3,
593.7500,8.27199023E+3,
593.900,8.83035352E+3,
594.0500,8.43724805E+3,
594.200,8.65162109E+3,
594.3500,8.52635742E+3,
594.500,8.59344629E+3,
594.6500,8.33310254E+3,
594.800,8.17988281E+3,
594.9500,8.30068555E+3,
595.100,8.21035352E+3,
595.2500,8.32064844E+3,
595.400,8.23471973E+3,
595.5500,8.22993652E+3,
595.700,8.66219336E+3,
595.8500,8.41980957E+3,
596.00,8.61726074E+3,
596.1500,8.64461719E+3,
596.300,8.71526367E+3,
596.4500,8.54442188E+3,
596.600,8.69496094E+3,
596.7500,9.06758203E+3,
596.900,9.26263770E+3,
597.0500,9.36186719E+3,
597.200,9.19046875E+3,
597.3500,9.52408594E+3,
597.500,9.58014941E+3,
597.6500,9.66858203E+3,
597.800,1.00962813E+4,
597.9500,1.01278018E+4,
598.100,1.04692129E+4,
598.2500,1.05891484E+4,
598.400,1.06050254E+4,
598.5500,1.10898398E+4,
598.700,1.09668564E+4,
598.8500,1.12438340E+4,
599.00,1.13933066E+4,
599.1500,1.13895488E+4,
599.300,1.15048887E+4,
599.4500,1.15690332E+4,
599.600,1.15934717E+4,
599.7500,1.19158301E+4,
599.900,1.18091855E+4,
600.0500,1.17873750E+4,
600.200,1.18394971E+4,
600.3500,1.20544531E+4,
600.500,1.23762598E+4,
600.6500,1.23843652E+4,
600.800,1.21650488E+4,
600.9500,1.29033418E+4,
601.100,1.26328877E+4,
601.2500,1.23858965E+4,
601.400,1.26694697E+4,
601.5500,1.25648516E+4,
601.700,1.33681357E+4,
601.8500,1.27183818E+4,
602.00,1.34715098E+4,
602.1500,1.35260371E+4,
602.300,1.37393838E+4,
602.4500,1.48638281E+4,
602.600,1.45997373E+4,
602.7500,1.48759795E+4,
602.900,1.51554453E+4,
603.0500,1.49968730E+4,
603.200,1.55243711E+4,
603.3500,1.60169277E+4,
603.500,1.65255117E+4,
603.6500,1.67600605E+4,
603.800,1.70513848E+4,
603.9500,1.76052109E+4,
604.100,1.79888906E+4,
604.2500,1.78731250E+4,
604.400,1.88205625E+4,
604.5500,1.94656563E+4,
604.700,1.90187695E+4,
604.8500,1.96486445E+4,
605.00,1.96008242E+4,
605.1500,2.00577832E+4,
605.300,2.04912109E+4,
605.4500,2.00597383E+4,
605.600,2.13144688E+4,
605.7500,2.15523047E+4,
605.900,2.23142344E+4,
606.0500,2.25820176E+4,
606.200,2.27515391E+4,
606.3500,2.33471523E+4,
606.500,2.38893203E+4,
606.6500,2.40889688E+4,
606.800,2.45985039E+4,
606.9500,2.45804707E+4,
607.100,2.52314219E+4,
607.2500,2.51820234E+4,
607.400,2.49830605E+4,
607.5500,2.53663633E+4,
607.700,2.55019883E+4,
607.8500,2.62812109E+4,
608.00,2.64184375E+4,
608.1500,2.70429180E+4,
608.300,2.78173242E+4,
608.4500,2.73199844E+4,
608.600,2.83890664E+4,
608.7500,2.82064785E+4,
608.900,2.89612891E+4,
609.0500,2.88101328E+4,
609.200,2.93116055E+4,
609.3500,3.00701270E+4,
609.500,2.99878516E+4,
609.6500,3.01797637E+4,
609.800,3.01360508E+4,
609.9500,3.09495234E+4,
610.100,3.15532344E+4,
610.2500,3.16901895E+4,
610.400,3.23287461E+4,
610.5500,3.25324922E+4,
610.700,3.24355938E+4,
610.8500,3.29311094E+4,
611.00,3.37460273E+4,
611.1500,3.36814648E+4,
611.300,3.48396094E+4,
611.4500,3.51459258E+4,
611.600,3.50273125E+4,
611.7500,3.47942930E+4,
611.900,3.54146094E+4,
612.0500,3.43386328E+4,
612.200,3.49857305E+4,
612.3500,3.40355234E+4,
612.500,3.33705078E+4,
612.6500,3.28637266E+4,
612.800,3.22748574E+4,
612.9500,3.24028320E+4,
613.100,3.10894746E+4,
613.2500,3.11228359E+4,
613.400,3.00001777E+4,
613.5500,2.93029219E+4,
613.700,2.89872402E+4,
613.8500,2.93852090E+4,
614.00,2.94100938E+4,
614.1500,2.82774492E+4,
614.300,2.78428633E+4,
614.4500,2.83633789E+4,
614.600,2.81238242E+4,
614.7500,2.73638164E+4,
614.900,2.76776211E+4,
615.0500,2.76579805E+4,
615.200,2.80072266E+4,
615.3500,2.75894570E+4,
615.500,2.78843672E+4,
615.6500,2.72465508E+4,
615.800,2.72898398E+4,
615.9500,2.70726699E+4,
616.100,2.65272031E+4,
616.2500,2.64832148E+4,
616.400,2.62272695E+4,
616.5500,2.61712227E+4,
616.700,2.54161289E+4,
616.8500,2.61590742E+4,
617.00,2.56872344E+4,
617.1500,2.56052891E+4,
617.300,2.51542383E+4,
617.4500,2.50934238E+4,
617.600,2.48232930E+4,
617.7500,2.45521250E+4,
617.900,2.43507734E+4,
618.0500,2.45011367E+4,
618.200,2.42776738E+4,
618.3500,2.40133945E+4,
618.500,2.39335781E+4,
618.6500,2.37561758E+4,
618.800,2.41221992E+4,
618.9500,2.34880742E+4,
619.100,2.36830000E+4,
619.2500,2.44346836E+4,
619.400,2.44245059E+4,
619.5500,2.40470684E+4,
619.700,2.50377813E+4,
619.8500,2.50892109E+4,
620.00,2.50157559E+4,
620.1500,2.54865508E+4,
620.300,2.55097344E+4,
620.4500,2.48813086E+4,
620.600,2.50408555E+4,
620.7500,2.45791348E+4,
620.900,2.46885664E+4,
621.0500,2.41387031E+4,
621.200,2.38723750E+4,
621.3500,2.36551875E+4,
621.500,2.31056875E+4,
621.6500,2.33367695E+4,
621.800,2.28379668E+4,
621.9500,2.25634219E+4,
622.100,2.18791719E+4,
622.2500,2.14341055E+4,
622.400,2.15317363E+4,
622.5500,2.12251055E+4,
622.700,2.09473438E+4,
622.8500,2.03768457E+4,
623.00,2.01506406E+4,
623.1500,1.95166113E+4,
623.300,1.94847734E+4,
623.4500,1.89622031E+4,
623.600,1.87289023E+4,
623.7500,1.86314414E+4,
623.900,1.91089414E+4,
624.0500,1.84904570E+4,
624.200,1.78611523E+4,
624.3500,1.81262813E+4,
624.500,1.71442734E+4,
624.6500,1.74795781E+4,
624.800,1.73389844E+4,
624.9500,1.68432676E+4,
625.100,1.65717813E+4,
625.2500,1.63335742E+4,
625.400,1.65966836E+4,
625.5500,1.67333301E+4,
625.700,1.58776895E+4,
625.8500,1.62284980E+4,
626.00,1.61307344E+4,
626.1500,1.61644277E+4,
626.300,1.59284961E+4,
626.4500,1.56350762E+4,
626.600,1.62122949E+4,
626.7500,1.51266553E+4,
626.900,1.52247520E+4,
627.0500,1.58802236E+4,
627.200,1.52854785E+4,
627.3500,1.52348906E+4,
627.500,1.53113750E+4,
627.6500,1.52669023E+4,
627.800,1.51103379E+4,
627.9500,1.53853086E+4,
628.100,1.44073750E+4,
628.2500,1.47207734E+4,
628.400,1.40372461E+4,
628.5500,1.40703613E+4,
628.700,1.37609912E+4,
628.8500,1.37903545E+4,
629.00,1.35667305E+4,
629.1500,1.33945684E+4,
629.300,1.31825859E+4,
629.4500,1.29991133E+4,
629.600,1.30796641E+4,
629.7500,1.27772461E+4,
629.900,1.30052500E+4,
630.0500,1.30007139E+4,
630.200,1.22583965E+4,
630.3500,1.20280449E+4,
630.500,1.24085762E+4,
630.6500,1.25420195E+4,
630.800,1.26227842E+4,
630.9500,1.22580781E+4,
631.100,1.26787910E+4,
631.2500,1.25936465E+4,
631.400,1.28193164E+4,
631.5500,1.30122715E+4,
631.700,1.27221934E+4,
631.8500,1.24073359E+4,
632.00,1.22530693E+4,
632.1500,1.25240703E+4,
632.300,1.28604121E+4,
632.4500,1.26857285E+4,
632.600,1.28774355E+4,
632.7500,1.30596250E+4,
632.900,1.32356621E+4,
633.0500,1.29847627E+4,
633.200,1.27189600E+4,
633.3500,1.33686992E+4,
633.500,1.31334385E+4,
633.6500,1.33211387E+4,
633.800,1.32090527E+4,
633.9500,1.34805654E+4,
634.100,1.32227246E+4,
634.2500,1.31653330E+4,
634.400,1.31912012E+4,
634.5500,1.34298184E+4,
634.700,1.31382168E+4,
634.8500,1.28804102E+4,
635.00,1.31266787E+4,
635.1500,1.28017012E+4,
635.300,1.22604834E+4,
635.4500,1.25534697E+4,
635.600,1.26459980E+4,
635.7500,1.22037773E+4,
635.900,1.18875469E+4,
636.0500,1.22532871E+4,
636.200,1.21645938E+4,
636.3500,1.18468145E+4,
636.500,1.12949648E+4,
636.6500,1.15874141E+4,
636.800,1.15826309E+4,
636.9500,1.10554609E+4,
637.100,1.08434824E+4,
637.2500,1.11911191E+4,
637.400,1.09058633E+4,
637.5500,1.07828047E+4,
637.700,1.03171289E+4,
637.8500,1.03891943E+4,
638.00,1.02203398E+4,
638.1500,1.01673965E+4,
638.300,1.00958447E+4,
638.4500,9.96147754E+3,
638.600,9.45085547E+3,
638.7500,1.00674287E+4,
638.900,9.50314160E+3,
639.0500,9.88525977E+3,
639.200,9.62327734E+3,
639.3500,9.44946484E+3,
639.500,9.19661328E+3,
639.6500,9.39468652E+3,
639.800,9.21921094E+3,
639.9500,9.23801465E+3,
640.100,9.14839648E+3,
640.2500,9.32228711E+3,
640.400,9.35722070E+3,
640.5500,9.18420703E+3,
640.700,9.07106543E+3,
640.8500,9.38665430E+3,
641.00,9.21246680E+3,
641.1500,9.19770703E+3,
641.300,8.91522559E+3,
641.4500,8.88818555E+3,
641.600,9.03375391E+3,
641.7500,9.19144336E+3,
641.900,8.12755078E+3,
642.0500,8.25293750E+3,
642.200,8.03798486E+3,
642.3500,8.10532715E+3,
642.500,7.79965234E+3,
642.6500,7.56669336E+3,
642.800,7.22728906E+3,
642.9500,7.34030078E+3,
643.100,6.92436328E+3,
643.2500,6.76987012E+3,
643.400,6.59502051E+3,
643.5500,6.24185400E+3,
643.700,6.52374316E+3,
643.8500,6.36699316E+3,
644.00,6.24529199E+3,
644.1500,6.06735742E+3,
644.300,6.05210986E+3,
644.4500,5.87296777E+3,
644.600,5.82916992E+3,
644.7500,5.49229492E+3,
644.900,5.74095215E+3,
645.0500,5.30586035E+3,
645.200,5.23652783E+3,
645.3500,5.29230127E+3,
645.500,4.97119238E+3,
645.6500,4.81934961E+3,
645.800,5.01704248E+3,
645.9500,4.87683691E+3,
646.100,4.76069434E+3,
646.2500,4.91872266E+3,
646.400,4.79397998E+3,
646.5500,4.74688281E+3,
646.700,4.59227881E+3,
646.8500,4.58170117E+3,
647.00,4.65393994E+3,
647.1500,4.43145117E+3,
647.300,4.58673242E+3,
647.4500,4.34639941E+3,
647.600,4.34327832E+3,
647.7500,4.41553125E+3,
647.900,4.35373242E+3,
648.0500,4.40097754E+3,
648.200,4.39769141E+3,
648.3500,4.37747070E+3,
648.500,4.42065820E+3,
648.6500,4.31125293E+3,
648.800,4.26089111E+3,
648.9500,4.21455713E+3,
649.100,4.01432031E+3,
649.2500,3.94590308E+3,
649.400,4.07875684E+3,
649.5500,4.08321484E+3,
649.700,3.88953516E+3,
649.8500,4.04465063E+3,
650.00,3.84569263E+3,
650.1500,3.77189771E+3,
650.300,4.09750928E+3,
650.4500,3.99777783E+3,
650.600,4.13763477E+3,
650.7500,4.38745313E+3,
650.900,4.36217529E+3,
651.0500,4.33242822E+3,
651.200,4.64615723E+3,
651.3500,4.88625684E+3,
651.500,5.17166699E+3,
651.6500,5.59581396E+3,
651.800,5.82187598E+3,
651.9500,6.04893750E+3,
652.100,6.23670020E+3,
652.2500,6.63550977E+3,
652.400,6.81186572E+3,
652.5500,6.61593164E+3,
652.700,6.63530566E+3,
652.8500,6.83984180E+3,
653.00,6.41178027E+3,
653.1500,5.99987500E+3,
653.300,5.19065186E+3,
653.4500,4.98819434E+3,
653.600,4.74827930E+3,
653.7500,4.70860254E+3,
653.900,4.30183496E+3,
654.0500,4.40347852E+3,
654.200,4.03114893E+3,
654.3500,3.79562451E+3,
654.500,3.95702075E+3,
654.6500,3.84545801E+3,
654.800,3.67757178E+3,
654.9500,3.86771143E+3,
655.100,3.72246387E+3,
655.2500,3.96978320E+3,
655.400,3.90854688E+3,
655.5500,3.81878735E+3,
655.700,3.88414966E+3,
655.8500,3.87420142E+3,
656.00,3.73632983E+3,
656.1500,3.81612012E+3,
656.300,3.65363281E+3,
656.4500,3.90521875E+3,
656.600,3.53664331E+3,
656.7500,3.42981641E+3,
656.900,3.28887451E+3,
657.0500,3.09916772E+3,
657.200,3.28485645E+3,
657.3500,3.42788281E+3,
657.500,3.31956445E+3,
657.6500,3.20101172E+3,
657.800,3.19873560E+3,
657.9500,3.21595361E+3,
658.100,3.17948535E+3,
658.2500,3.30465771E+3,
658.400,3.18467651E+3,
658.5500,3.01484766E+3,
658.700,3.19972656E+3,
658.8500,3.26172656E+3,
659.00,3.12059424E+3,
659.1500,2.95886182E+3,
659.300,3.18016333E+3,
659.4500,2.90785645E+3,
659.600,2.91470435E+3,
659.7500,2.79105371E+3,
659.900,2.74228418E+3,
660.0500,2.72859839E+3,
660.200,2.52277002E+3,
660.3500,2.86325830E+3,
660.500,2.68213965E+3,
660.6500,2.78020068E+3,
660.800,2.67965479E+3,
660.9500,2.52233496E+3,
661.100,2.66693481E+3,
661.2500,2.65804004E+3,
661.400,2.81401465E+3,
661.5500,2.72791260E+3,
661.700,2.79674854E+3,
661.8500,3.14626880E+3,
662.00,2.87293799E+3,
662.1500,2.86439087E+3,
662.300,2.78778906E+3,
662.4500,2.82090259E+3,
662.600,2.78057910E+3,
662.7500,2.82961865E+3,
662.900,2.86304346E+3,
663.0500,2.78537842E+3,
663.200,2.80280005E+3,
663.3500,2.91075488E+3,
663.500,2.75784229E+3,
663.6500,2.52395850E+3,
663.800,2.26211230E+3,
663.9500,2.61693188E+3,
664.100,2.34313525E+3,
664.2500,2.21374805E+3,
664.400,2.03502222E+3,
664.5500,2.06701270E+3,
664.700,2.14809082E+3,
664.8500,1.86431470E+3,
665.00,2.01631091E+3,
665.1500,1.87868933E+3,
665.300,1.88863916E+3,
665.4500,1.93164661E+3,
665.600,1.95278394E+3,
665.7500,1.64224561E+3,
665.900,1.41336133E+3,
666.0500,1.67229236E+3,
666.200,1.59831787E+3,
666.3500,1.50165259E+3,
666.500,1.76823682E+3,
666.6500,1.45274780E+3,
666.800,1.54618030E+3,
666.9500,1.51042651E+3,
667.100,1.34457898E+3,
667.2500,1.63664941E+3,
667.400,1.58951685E+3,
667.5500,1.46816882E+3,
667.700,1.62003442E+3,
667.8500,1.40094824E+3,
668.00,1.50751709E+3,
668.1500,1.41936560E+3,
668.300,1.33076172E+3,
668.4500,1.45539331E+3,
668.600,1.24483057E+3,
668.7500,1.23635706E+3,
668.900,1.32094189E+3,
669.0500,1.40015503E+3,
669.200,1.15229956E+3,
669.3500,1.57756226E+3,
669.500,1.34649683E+3,
669.6500,1.27928223E+3,
669.800,1.34765430E+3,
669.9500,1.36896826E+3,
670.100,1.23587378E+3,
670.2500,1.31652332E+3,
670.400,1.38564124E+3,
670.5500,1.27546704E+3,
670.700,1.06265039E+3,
670.8500,1.23997363E+3,
671.00,1.26734058E+3,
671.1500,1.17367249E+3,
671.300,1.10985840E+3,
671.4500,1.15515930E+3,
671.600,1.42009180E+3,
671.7500,1.06923047E+3,
671.900,1.18212720E+3,
672.0500,1.19115918E+3,
672.200,1.08937622E+3,
672.3500,1.20302930E+3,
672.500,1.07603955E+3,
672.6500,1.15920093E+3,
672.800,9.75561768E+2,
672.9500,1.02772668E+3,
673.100,1.18007422E+3,
673.2500,1.27059033E+3,
673.400,1.11684326E+3,
673.5500,1.16360852E+3,
673.700,1.16646069E+3,
673.8500,1.04922900E+3,
674.00,1.45098169E+3,
674.1500,1.23869458E+3,
674.300,1.19726660E+3,
674.4500,1.13008276E+3,
674.600,1.15216333E+3,
674.7500,1.11017847E+3,
674.900,1.24811499E+3,
675.0500,1.30936646E+3,
675.200,1.14462390E+3,
675.3500,1.25133032E+3,
675.500,1.19607458E+3,
675.6500,1.16659570E+3,
675.800,1.24150391E+3,
675.9500,1.22507837E+3,
676.100,1.22829419E+3,
676.2500,1.12616309E+3,
676.400,1.16875623E+3,
676.5500,1.15860229E+3,
676.700,1.18821753E+3,
676.8500,1.16473779E+3,
677.00,1.24122656E+3,
677.1500,1.09731885E+3,
677.300,1.25453174E+3,
677.4500,1.17041833E+3,
677.600,1.28818408E+3,
677.7500,1.17664966E+3,
677.900,1.19334290E+3,
678.0500,1.31886548E+3,
678.200,1.33593188E+3,
678.3500,1.13440088E+3,
678.500,1.32235059E+3,
678.6500,1.07850208E+3,
678.800,1.06065552E+3,
678.9500,1.27749219E+3,
679.100,1.16309033E+3,
679.2500,1.02724988E+3,
679.400,1.24560034E+3,
679.5500,1.47901636E+3,
679.700,1.25898853E+3,
679.8500,1.28325525E+3,
680.00,1.13561816E+3,
680.1500,1.15290381E+3,
680.300,1.12772131E+3,
680.4500,9.74373413E+2,
680.600,1.11971021E+3,
680.7500,1.08705530E+3,
680.900,1.09724341E+3,
681.0500,1.33758936E+3,
681.200,1.29798706E+3,
681.3500,1.12800598E+3,
681.500,1.06584448E+3,
681.6500,1.26507690E+3,
681.800,1.14461377E+3,
681.9500,9.64996643E+2,
682.100,1.34147375E+3,
682.2500,1.24954773E+3,
682.400,1.22345044E+3,
682.5500,1.21937354E+3,
682.700,1.25231934E+3,
682.8500,1.44890308E+3,
683.00,1.32617847E+3,
683.1500,1.38203406E+3,
683.300,1.54304846E+3,
683.4500,1.54719751E+3,
683.600,1.23506372E+3,
683.7500,1.35920776E+3,
683.900,1.24172791E+3,
684.0500,1.30581323E+3,
684.200,1.19515503E+3,
684.3500,1.25945105E+3,
684.500,1.48481604E+3,
684.6500,1.30465259E+3,
684.800,1.33896924E+3,
684.9500,1.52007080E+3,
685.100,1.30755396E+3,
685.2500,1.14817969E+3,
685.400,1.28353796E+3,
685.5500,1.65362695E+3,
685.700,1.61119043E+3,
685.8500,1.55282910E+3,
686.00,1.48627747E+3,
686.1500,1.48241992E+3,
686.300,1.60503711E+3,
686.4500,1.65695972E+3,
686.600,1.62965955E+3,
686.7500,1.62611609E+3,
686.900,1.79039600E+3,
687.0500,1.66704712E+3,
687.200,1.79217419E+3,
687.3500,1.83739282E+3,
687.500,1.84244604E+3,
687.6500,1.87993176E+3,
687.800,1.60884424E+3,
687.9500,1.81697607E+3,
688.100,1.96905054E+3,
688.2500,2.01544458E+3,
688.400,1.94706958E+3,
688.5500,1.84535059E+3,
688.700,1.80914673E+3,
688.8500,1.76444897E+3,
689.00,1.57827930E+3,
689.1500,1.63254150E+3,
689.300,1.79566333E+3,
689.4500,1.83404395E+3,
689.600,1.67948364E+3,
689.7500,1.91982520E+3,
689.900,1.83218347E+3,
690.0500,1.68477002E+3,
690.200,1.66384802E+3,
690.3500,1.86411523E+3,
690.500,1.58749902E+3,
690.6500,1.79718604E+3,
690.800,1.95651086E+3,
690.9500,1.87576489E+3,
691.100,2.06205664E+3,
691.2500,2.11959595E+3,
691.400,1.76103809E+3,
691.5500,1.99202332E+3,
691.700,1.79685583E+3,
691.8500,1.74055286E+3,
692.00,1.69270190E+3,
692.1500,1.92602197E+3,
692.300,1.85195679E+3,
692.4500,1.91896338E+3,
692.600,1.71143579E+3,
692.7500,1.84954150E+3,
692.900,2.03298608E+3,
693.0500,1.77929309E+3,
693.200,2.22347900E+3,
693.3500,1.71712805E+3,
693.500,2.06439868E+3,
693.6500,1.92543152E+3,
693.800,1.99416895E+3,
693.9500,1.91784448E+3,
694.100,2.11452490E+3,
694.2500,1.91014624E+3,
694.400,1.73212439E+3,
694.5500,2.26073584E+3,
694.700,1.97209045E+3,
694.8500,1.98678540E+3,
695.00,2.27954443E+3,
695.1500,2.28597583E+3,
695.300,2.13400879E+3,
695.4500,2.17741797E+3,
695.600,1.73374048E+3,
695.7500,2.44350488E+3,
695.900,2.45042993E+3,
696.0500,2.01314722E+3,
696.200,2.20838477E+3,
696.3500,1.97699756E+3,
696.500,2.28759448E+3,
696.6500,2.56170605E+3,
696.800,2.42517065E+3,
696.9500,2.48010449E+3,
697.100,2.42917554E+3,
697.2500,2.58088232E+3,
697.400,2.30692725E+3,
697.5500,2.44939087E+3,
697.700,2.37820313E+3,
697.8500,2.36525024E+3,
698.00,2.46982373E+3,
698.1500,2.40789600E+3,
698.300,2.36531860E+3,
698.4500,2.46085254E+3,
698.600,2.31905420E+3,
698.7500,2.40502930E+3,
698.900,2.05297510E+3,
699.0500,2.54843701E+3,
699.200,2.12470361E+3,
699.3500,2.11062769E+3,
699.500,2.09646069E+3,
699.6500,2.31468262E+3,
699.800,2.54426929E+3,
699.9500,2.19572314E+3,
700.100,2.61983838E+3,
700.2500,2.33069775E+3,
700.400,2.62423291E+3,
700.5500,2.32317920E+3,
700.700,2.17505176E+3,
700.8500,2.29484912E+3,
701.00,2.19761768E+3,
701.1500,2.31788232E+3,
701.300,2.44920459E+3,
701.4500,2.29906616E+3,
701.600,2.54628833E+3,
701.7500,2.41658789E+3,
701.900,2.86562012E+3,
702.0500,2.65153955E+3,
702.200,2.28798096E+3,
702.3500,2.53846851E+3,
702.500,2.56665234E+3,
702.6500,2.62701660E+3,
702.800,2.30220605E+3,
702.9500,2.58762817E+3,
703.100,2.71331006E+3,
703.2500,2.68862451E+3,
703.400,2.20899512E+3,
703.5500,2.59535547E+3,
703.700,2.88589429E+3,
703.8500,3.05794287E+3,
704.00,3.22000586E+3,
704.1500,2.71326611E+3,
704.300,2.48995166E+3,
704.4500,2.95040820E+3,
704.600,2.69318945E+3,
704.7500,2.77902100E+3,
704.900,2.64236816E+3,
705.0500,2.95216455E+3,
705.200,2.85999292E+3,
705.3500,2.54227637E+3,
705.500,2.66266992E+3,
705.6500,3.04404199E+3,
705.800,2.67857715E+3,
705.9500,3.23300049E+3,
706.100,2.74016431E+3,
706.2500,2.88559717E+3,
706.400,2.69882422E+3,
706.5500,2.87951514E+3,
706.700,2.79555811E+3,
706.8500,2.78060718E+3,
707.00,2.92823145E+3,
707.1500,3.09996606E+3,
707.300,3.16749463E+3,
707.4500,2.87200488E+3,
707.600,3.23314893E+3,
707.7500,2.85353809E+3,
707.900,2.90924707E+3,
708.0500,2.78729150E+3,
708.200,3.15219434E+3,
708.3500,2.77956543E+3,
708.500,3.18242139E+3,
708.6500,3.22764160E+3,
708.800,2.80379761E+3,
708.9500,2.90848486E+3,
709.100,2.62621533E+3,
709.2500,3.09466162E+3,
709.400,2.59212842E+3,
709.5500,2.83119287E+3,
709.700,3.13275977E+3,
709.8500,2.96967725E+3,
710.00,2.90411475E+3,
710.1500,2.65289355E+3,
710.300,3.01891821E+3,
710.4500,3.06435986E+3,
710.600,3.29663477E+3,
710.7500,3.19336182E+3,
710.900,2.81433252E+3,
711.0500,2.79698535E+3,
711.200,3.00601587E+3,
711.3500,3.00178296E+3,
711.500,2.83309131E+3,
711.6500,3.12003516E+3,
711.800,3.33225439E+3,
711.9500,2.66561133E+3,
712.100,2.96732739E+3,
712.2500,2.98859814E+3,
712.400,2.76557910E+3,
712.5500,3.03146191E+3,
712.700,2.92368555E+3,
712.8500,2.81527686E+3,
713.00,2.97945850E+3,
713.1500,2.79207520E+3,
713.300,2.73446167E+3,
713.4500,2.36162744E+3,
713.600,2.60506445E+3,
713.7500,2.99498682E+3,
713.900,2.39477637E+3,
714.0500,2.82603613E+3,
714.200,3.03342334E+3,
714.3500,2.42812305E+3,
714.500,2.64890820E+3,
714.6500,2.91115527E+3,
714.800,2.66363965E+3,
714.9500,2.63057471E+3,
715.100,2.73274707E+3,
715.2500,2.76773291E+3,
715.400,2.46274951E+3,
715.5500,3.01566016E+3,
715.700,2.62749048E+3,
715.8500,2.81348682E+3,
716.00,2.68397314E+3,
716.1500,2.91273730E+3,
716.300,2.64440723E+3,
716.4500,2.77717139E+3,
716.600,2.88285034E+3,
716.7500,2.79358813E+3,
716.900,2.66175708E+3,
717.0500,2.59933594E+3,
717.200,2.56462622E+3,
717.3500,2.65689185E+3,
717.500,2.77803027E+3,
717.6500,2.31704883E+3,
717.800,2.52341382E+3,
717.9500,2.74527246E+3,
718.100,2.48074707E+3,
718.2500,2.22901270E+3,
718.400,2.39406104E+3,
718.5500,2.21291968E+3,
718.700,2.43686816E+3,
718.8500,2.74937695E+3,
719.00,2.64059766E+3,
719.1500,2.51644458E+3,
719.300,2.09812354E+3,
719.4500,2.73681445E+3,
719.600,2.39048584E+3,
719.7500,2.44171582E+3,
719.900,2.53775171E+3,
720.0500,2.67894873E+3,
720.200,2.68656323E+3,
720.3500,2.24517285E+3,
720.500,2.14649438E+3,
720.6500,2.12251099E+3,
720.800,2.15876172E+3,
720.9500,2.37688135E+3,
721.100,2.65686182E+3,
721.2500,2.07054834E+3,
721.400,2.42750928E+3,
721.5500,2.05157129E+3,
721.700,2.82500342E+3,
721.8500,2.09392261E+3,
722.00,2.50125830E+3,
722.1500,2.41523657E+3,
722.300,2.57712354E+3,
722.4500,2.31956641E+3,
722.600,2.41961743E+3,
722.7500,2.59847607E+3,
722.900,2.66843652E+3,
723.0500,2.56565576E+3,
723.200,2.22558032E+3,
723.3500,2.15267114E+3,
723.500,2.52378174E+3,
723.6500,1.97375879E+3,
723.800,2.21873560E+3,
723.9500,2.24098242E+3,
724.100,1.86214331E+3,
724.2500,2.65642139E+3,
724.400,1.85682373E+3,
724.5500,2.55853101E+3,
724.700,2.17620947E+3,
724.8500,1.93823535E+3,
725.00,1.89488403E+3,
725.1500,2.85051929E+3,
725.300,2.64515771E+3,
725.4500,2.35621045E+3,
725.600,2.24735010E+3,
725.7500,2.50244165E+3,
725.900,2.82548560E+3,
726.0500,2.75024341E+3,
726.200,2.35678687E+3,
726.3500,2.46396118E+3,
726.500,2.06746533E+3,
726.6500,2.09012939E+3,
726.800,2.26503760E+3,
726.9500,2.08495264E+3,
727.100,1.90375244E+3,
727.2500,2.02829785E+3,
727.400,2.11933887E+3,
727.5500,1.90237598E+3,
727.700,1.71857813E+3,
727.8500,2.10245264E+3,
728.00,2.16010449E+3,
728.1500,1.99272632E+3,
728.300,1.96342310E+3,
728.4500,1.79456665E+3,
728.600,2.02660156E+3,
728.7500,1.94456567E+3,
728.900,1.91477222E+3,
729.0500,1.67344995E+3,
729.200,1.80178296E+3,
729.3500,1.70054517E+3,
729.500,2.07834985E+3,
729.6500,2.08418506E+3,
729.800,1.83995093E+3,
729.9500,1.91678137E+3,
730.100,2.06594531E+3,
730.2500,1.83763916E+3,
730.400,1.80676233E+3,
730.5500,1.90253308E+3,
730.700,1.94433008E+3,
730.8500,1.65833533E+3,
731.00,2.02861755E+3,
731.1500,1.74105493E+3,
731.300,2.00321631E+3,
731.4500,1.82452734E+3,
731.600,2.05141431E+3,
731.7500,1.98303638E+3,
731.900,2.15587305E+3,
732.0500,1.88233643E+3,
732.200,1.92490027E+3,
732.3500,2.21130908E+3,
732.500,2.10466577E+3,
732.6500,1.75245752E+3,
732.800,1.96516089E+3,
732.9500,2.14113867E+3,
733.100,1.78612573E+3,
733.2500,2.00078369E+3,
733.400,2.38863330E+3,
733.5500,2.12712012E+3,
733.700,2.61359863E+3,
733.8500,1.88868005E+3,
734.00,2.20328662E+3,
734.1500,2.50037549E+3,
734.300,2.17712793E+3,
734.4500,2.41734961E+3,
734.600,2.60029639E+3,
734.7500,2.70585913E+3,
734.900,3.22497900E+3,
735.0500,3.09622705E+3,
735.200,2.55128271E+3,
735.3500,2.73706470E+3,
735.500,2.86422461E+3,
735.6500,2.79262842E+3,
735.800,3.16070337E+3,
735.9500,2.76852734E+3,
736.100,2.25319751E+3,
736.2500,2.34010596E+3,
736.400,2.38702881E+3,
736.5500,2.23134766E+3,
736.700,2.25786401E+3,
736.8500,2.24372192E+3,
737.00,2.61811841E+3,
737.1500,2.25586255E+3,
737.300,2.28236011E+3,
737.4500,2.26775586E+3,
737.600,2.72848193E+3,
737.7500,2.34190991E+3,
737.900,2.30654004E+3,
738.0500,2.54173486E+3,
738.200,2.90328516E+3,
738.3500,2.09401782E+3,
738.500,3.37996924E+3,
738.6500,2.79928076E+3,
738.800,4.17800098E+3,
738.9500,3.97713843E+3,
739.100,3.41480225E+3,
739.2500,3.46627881E+3,
739.400,3.45405078E+3,
739.5500,3.80515259E+3,
739.700,4.11521777E+3,
739.8500,4.66328613E+3,
740.00,4.61092383E+3,
740.1500,4.42921533E+3,
740.300,4.00815381E+3,
740.4500,3.10677466E+3,
740.600,2.91931470E+3,
740.7500,3.62650244E+3,
740.900,3.28607031E+3,
741.0500,2.83387744E+3,
741.200,2.42320093E+3,
741.3500,2.25322070E+3,
741.500,2.32595313E+3,
741.6500,1.93259607E+3,
741.800,1.96026855E+3,
741.9500,1.40729724E+3,
742.100,1.92634192E+3,
742.2500,1.77435620E+3,
742.400,1.53145166E+3,
742.5500,1.67111963E+3,
742.700,1.65303271E+3,
742.8500,1.40777881E+3,
743.00,1.36609009E+3,
743.1500,1.18719238E+3,
743.300,1.35070435E+3,
743.4500,1.17076672E+3,
743.600,1.12794910E+3,
743.7500,1.26955273E+3,
743.900,9.95297729E+2,
744.0500,1.23015601E+3,
744.200,1.39650073E+3,
744.3500,1.26034875E+3,
744.500,9.36193115E+2,
744.6500,1.07962708E+3,
744.800,9.88500000E+2,
744.9500,8.26053833E+2,
745.100,1.49099060E+3,
745.2500,1.09163538E+3,
745.400,1.28499292E+3,
745.5500,9.54454102E+2,
745.700,1.07670593E+3,
745.8500,8.39737366E+2,
746.00,1.44350708E+3,
746.1500,1.39904980E+3,
746.300,1.23342725E+3,
746.4500,1.38215759E+3,
746.600,1.31285596E+3,
746.7500,1.58444995E+3,
746.900,1.34422278E+3,
747.0500,1.02914966E+3,
747.200,1.35103406E+3,
747.3500,1.55138477E+3,
747.500,1.11088208E+3,
747.6500,1.55909949E+3,
747.800,1.14122021E+3,
747.9500,1.41763965E+3,
748.100,1.39622144E+3,
748.2500,9.49781250E+2,
748.400,1.05236047E+3,
748.5500,9.79615173E+2,
748.700,1.15831177E+3,
748.8500,1.23691943E+3,
749.00,1.26530164E+3,
749.1500,1.06568604E+3,
749.300,1.01764612E+3,
749.4500,1.27545410E+3,
749.600,1.07424548E+3,
749.7500,8.46308838E+2,
749.900,1.23429431E+3,
750.0500,1.18604883E+3,
