Labels,32C_24_550K,
Type,Emission Scan,
Comment,,
Start,450.00,
Stop,750.1500,
Step,0.150,
Fixed/Offset,248.400,
Xaxis,Wavelength,
Yaxis,Counts,
Scan Corr. by File,True,
Corr. by Ref. Det.,False,
Fixed/Offset Corr. by File,False,
Repeats,1,
Dwell Time,0.20,
Lamp,Xe,
Temp,28.450,
Scan Polariser,None,
Scan Slit,0.2520,
Fixed/Offset Polariser,None,
Fixed/Offset Slit,2.9970,
Detector,Red PMT,

450.00,1.43116785E+3,
450.1500,1.66833911E+3,
450.300,1.49875659E+3,
450.4500,1.35881519E+3,
450.600,1.16263550E+3,
450.7500,1.08914441E+3,
450.900,1.04503638E+3,
451.0500,9.95832153E+2,
451.200,9.70499268E+2,
451.3500,9.73755188E+2,
451.500,1.04691101E+3,
451.6500,1.02634119E+3,
451.800,1.02165643E+3,
451.9500,1.10436633E+3,
452.100,1.23902844E+3,
452.2500,1.24629150E+3,
452.400,1.32735107E+3,
452.5500,1.34987866E+3,
452.700,1.23673474E+3,
452.8500,1.23779700E+3,
453.00,1.14001575E+3,
453.1500,1.09431799E+3,
453.300,1.04771570E+3,
453.4500,1.08508594E+3,
453.600,1.08437939E+3,
453.7500,1.14059863E+3,
453.900,1.02805383E+3,
454.0500,1.00820911E+3,
454.200,1.05397351E+3,
454.3500,1.05395471E+3,
454.500,1.01633411E+3,
454.6500,1.03534290E+3,
454.800,1.11983997E+3,
454.9500,1.02588904E+3,
455.100,1.18078638E+3,
455.2500,1.00032440E+3,
455.400,1.05444250E+3,
455.5500,1.10508997E+3,
455.700,1.09890308E+3,
455.8500,1.10645349E+3,
456.00,1.09096106E+3,
456.1500,1.25132458E+3,
456.300,1.10151086E+3,
456.4500,1.11932141E+3,
456.600,1.18299622E+3,
456.7500,1.21581226E+3,
456.900,1.17291040E+3,
457.0500,1.19260828E+3,
457.200,1.20580566E+3,
457.3500,1.19976062E+3,
457.500,1.24071899E+3,
457.6500,1.26359253E+3,
457.800,1.22987805E+3,
457.9500,1.20779810E+3,
458.100,1.16146838E+3,
458.2500,1.15150159E+3,
458.400,1.32174597E+3,
458.5500,1.16610327E+3,
458.700,1.18060876E+3,
458.8500,1.22876257E+3,
459.00,1.16488611E+3,
459.1500,1.06726123E+3,
459.300,1.15237976E+3,
459.4500,1.09246423E+3,
459.600,1.13081567E+3,
459.7500,1.04820325E+3,
459.900,1.08878894E+3,
460.0500,1.15464417E+3,
460.200,1.10920166E+3,
460.3500,1.12860339E+3,
460.500,1.10547937E+3,
460.6500,1.17725769E+3,
460.800,1.10646240E+3,
460.9500,1.11433606E+3,
461.100,1.13266248E+3,
461.2500,1.24425830E+3,
461.400,1.22863586E+3,
461.5500,1.26220862E+3,
461.700,1.25890039E+3,
461.8500,1.42505188E+3,
462.00,1.45877148E+3,
462.1500,1.37090051E+3,
462.300,1.57098987E+3,
462.4500,1.57195203E+3,
462.600,1.60456750E+3,
462.7500,1.67726807E+3,
462.900,1.52071826E+3,
463.0500,1.50799329E+3,
463.200,1.40824548E+3,
463.3500,1.38112927E+3,
463.500,1.31765051E+3,
463.6500,1.35198242E+3,
463.800,1.27929224E+3,
463.9500,1.18670325E+3,
464.100,1.15960474E+3,
464.2500,1.16349866E+3,
464.400,1.22989001E+3,
464.5500,1.19241833E+3,
464.700,1.11397437E+3,
464.8500,1.10745398E+3,
465.00,1.12933716E+3,
465.1500,1.14306738E+3,
465.300,1.21538281E+3,
465.4500,1.13070337E+3,
465.600,1.11205115E+3,
465.7500,1.06952075E+3,
465.900,1.12175146E+3,
466.0500,1.17599219E+3,
466.200,1.19711511E+3,
466.3500,1.24820203E+3,
466.500,1.33946155E+3,
466.6500,1.49549658E+3,
466.800,1.72943652E+3,
466.9500,2.06360449E+3,
467.100,2.16685889E+3,
467.2500,2.18887476E+3,
467.400,2.32570020E+3,
467.5500,2.18362549E+3,
467.700,2.05315503E+3,
467.8500,1.75747681E+3,
468.00,1.82787610E+3,
468.1500,1.56809497E+3,
468.300,1.55532983E+3,
468.4500,1.39607141E+3,
468.600,1.44755896E+3,
468.7500,1.32224670E+3,
468.900,1.39604028E+3,
469.0500,1.30659045E+3,
469.200,1.39369385E+3,
469.3500,1.28938599E+3,
469.500,1.36626611E+3,
469.6500,1.40362341E+3,
469.800,1.44092944E+3,
469.9500,1.35004102E+3,
470.100,1.35320276E+3,
470.2500,1.32116382E+3,
470.400,1.27003076E+3,
470.5500,1.31760547E+3,
470.700,1.21221777E+3,
470.8500,1.13912891E+3,
471.00,1.16058179E+3,
471.1500,1.10589099E+3,
471.300,1.14663013E+3,
471.4500,1.05585925E+3,
471.600,1.12468225E+3,
471.7500,1.09717627E+3,
471.900,1.14388025E+3,
472.0500,1.12547070E+3,
472.200,1.07111938E+3,
472.3500,1.05485986E+3,
472.500,1.17181482E+3,
472.6500,1.16155115E+3,
472.800,1.25440894E+3,
472.9500,1.37725586E+3,
473.100,1.49214185E+3,
473.2500,1.67709143E+3,
473.400,1.80997192E+3,
473.5500,1.77575256E+3,
473.700,1.60549939E+3,
473.8500,1.33926660E+3,
474.00,1.19210413E+3,
474.1500,1.21508997E+3,
474.300,1.15507043E+3,
474.4500,1.20305750E+3,
474.600,1.13903943E+3,
474.7500,1.21902637E+3,
474.900,1.14601001E+3,
475.0500,1.13202917E+3,
475.200,1.16111963E+3,
475.3500,1.11620081E+3,
475.500,1.16529883E+3,
475.6500,1.11937231E+3,
475.800,1.18748486E+3,
475.9500,1.20758398E+3,
476.100,1.15869666E+3,
476.2500,1.19788538E+3,
476.400,1.18103540E+3,
476.5500,1.15717273E+3,
476.700,1.19937878E+3,
476.8500,1.21155701E+3,
477.00,1.17366638E+3,
477.1500,1.12284192E+3,
477.300,1.15815405E+3,
477.4500,1.14437830E+3,
477.600,1.17469653E+3,
477.7500,1.12181775E+3,
477.900,1.17420203E+3,
478.0500,1.16747961E+3,
478.200,1.23007275E+3,
478.3500,1.22345313E+3,
478.500,1.25397473E+3,
478.6500,1.22124255E+3,
478.800,1.26082117E+3,
478.9500,1.25017529E+3,
479.100,1.21145776E+3,
479.2500,1.27433313E+3,
479.400,1.16821533E+3,
479.5500,1.20696130E+3,
479.700,1.23969543E+3,
479.8500,1.30066382E+3,
480.00,1.39191785E+3,
480.1500,1.29876685E+3,
480.300,1.39417749E+3,
480.4500,1.49067957E+3,
480.600,1.53273999E+3,
480.7500,1.58998682E+3,
480.900,1.60988855E+3,
481.0500,1.66619226E+3,
481.200,1.64261523E+3,
481.3500,1.53502856E+3,
481.500,1.49112451E+3,
481.6500,1.45528284E+3,
481.800,1.39610645E+3,
481.9500,1.44735657E+3,
482.100,1.50376221E+3,
482.2500,1.50647217E+3,
482.400,1.43712195E+3,
482.5500,1.41136755E+3,
482.700,1.47294812E+3,
482.8500,1.58641077E+3,
483.00,1.58508057E+3,
483.1500,1.61951855E+3,
483.300,1.57561658E+3,
483.4500,1.46648560E+3,
483.600,1.43467224E+3,
483.7500,1.49763354E+3,
483.900,1.44539441E+3,
484.0500,1.50233972E+3,
484.200,1.45424353E+3,
484.3500,1.56753796E+3,
484.500,1.44681738E+3,
484.6500,1.52135889E+3,
484.800,1.50282751E+3,
484.9500,1.43510144E+3,
485.100,1.39708447E+3,
485.2500,1.39905090E+3,
485.400,1.41538452E+3,
485.5500,1.38449072E+3,
485.700,1.28366431E+3,
485.8500,1.35650513E+3,
486.00,1.33167236E+3,
486.1500,1.36863049E+3,
486.300,1.39120752E+3,
486.4500,1.35503162E+3,
486.600,1.38174915E+3,
486.7500,1.44877100E+3,
486.900,1.40221338E+3,
487.0500,1.46516101E+3,
487.200,1.42051697E+3,
487.3500,1.49383069E+3,
487.500,1.54133191E+3,
487.6500,1.67283801E+3,
487.800,1.59500745E+3,
487.9500,1.61254785E+3,
488.100,1.76607410E+3,
488.2500,1.81793884E+3,
488.400,1.87297327E+3,
488.5500,1.80326892E+3,
488.700,1.93430334E+3,
488.8500,1.82290527E+3,
489.00,1.88637585E+3,
489.1500,1.92092114E+3,
489.300,1.93881787E+3,
489.4500,1.90142151E+3,
489.600,1.99136987E+3,
489.7500,1.95812756E+3,
489.900,1.92379297E+3,
490.0500,1.96797742E+3,
490.200,2.08990723E+3,
490.3500,2.07789185E+3,
490.500,2.10569971E+3,
490.6500,2.28361499E+3,
490.800,2.39772827E+3,
490.9500,2.39534058E+3,
491.100,2.46671777E+3,
491.2500,2.58354785E+3,
491.400,2.65736426E+3,
491.5500,2.79351294E+3,
491.700,2.85916504E+3,
491.8500,2.99885596E+3,
492.00,2.92521729E+3,
492.1500,2.93292773E+3,
492.300,2.83368823E+3,
492.4500,2.76077075E+3,
492.600,2.76090845E+3,
492.7500,2.71751343E+3,
492.900,2.72821973E+3,
493.0500,2.49117725E+3,
493.200,2.45907861E+3,
493.3500,2.36409082E+3,
493.500,2.37552026E+3,
493.6500,2.25150610E+3,
493.800,2.27565869E+3,
493.9500,2.17806592E+3,
494.100,2.12092822E+3,
494.2500,2.10220508E+3,
494.400,2.10271826E+3,
494.5500,2.05501050E+3,
494.700,2.00079138E+3,
494.8500,2.12031567E+3,
495.00,2.05745996E+3,
495.1500,1.98813843E+3,
495.300,2.03485693E+3,
495.4500,2.03643530E+3,
495.600,1.96476062E+3,
495.7500,2.02664099E+3,
495.900,2.01201245E+3,
496.0500,1.99417859E+3,
496.200,1.96562781E+3,
496.3500,1.93810156E+3,
496.500,1.91376843E+3,
496.6500,1.84821912E+3,
496.800,1.94519373E+3,
496.9500,1.85024695E+3,
497.100,1.84862891E+3,
497.2500,1.87313745E+3,
497.400,1.76819666E+3,
497.5500,1.70117773E+3,
497.700,1.88475098E+3,
497.8500,1.81115576E+3,
498.00,1.77564331E+3,
498.1500,1.70402759E+3,
498.300,1.80075317E+3,
498.4500,1.81990271E+3,
498.600,1.74811108E+3,
498.7500,1.76503894E+3,
498.900,1.74246338E+3,
499.0500,1.67039648E+3,
499.200,1.70270471E+3,
499.3500,1.66680603E+3,
499.500,1.74874158E+3,
499.6500,1.75692236E+3,
499.800,1.67348877E+3,
499.9500,1.63630518E+3,
500.100,1.53382166E+3,
500.2500,1.61932129E+3,
500.400,1.60637036E+3,
500.5500,1.48805066E+3,
500.700,1.52488989E+3,
500.8500,1.46514795E+3,
501.00,1.56539160E+3,
501.1500,1.52225171E+3,
501.300,1.38436365E+3,
501.4500,1.36104456E+3,
501.600,1.37338025E+3,
501.7500,1.38014941E+3,
501.900,1.36904358E+3,
502.0500,1.32883435E+3,
502.200,1.41618066E+3,
502.3500,1.31207117E+3,
502.500,1.18310706E+3,
502.6500,1.27053845E+3,
502.800,1.32441394E+3,
502.9500,1.26032654E+3,
503.100,1.33457495E+3,
503.2500,1.26480859E+3,
503.400,1.32116858E+3,
503.5500,1.24448706E+3,
503.700,1.30995361E+3,
503.8500,1.21390283E+3,
504.00,1.19234143E+3,
504.1500,1.20928040E+3,
504.300,1.27271179E+3,
504.4500,1.28180518E+3,
504.600,1.22278809E+3,
504.7500,1.29775330E+3,
504.900,1.24204675E+3,
505.0500,1.29780579E+3,
505.200,1.18275171E+3,
505.3500,1.25680469E+3,
505.500,1.32527856E+3,
505.6500,1.28761560E+3,
505.800,1.25902917E+3,
505.9500,1.42953845E+3,
506.100,1.43886719E+3,
506.2500,1.38401831E+3,
506.400,1.39448181E+3,
506.5500,1.46584509E+3,
506.700,1.47754321E+3,
506.8500,1.58478076E+3,
507.00,1.65304248E+3,
507.1500,1.68697668E+3,
507.300,1.68057300E+3,
507.4500,1.79662097E+3,
507.600,1.80995996E+3,
507.7500,1.88814697E+3,
507.900,1.93750964E+3,
508.0500,1.88260217E+3,
508.200,1.97975610E+3,
508.3500,1.85276880E+3,
508.500,1.81626868E+3,
508.6500,1.83792175E+3,
508.800,1.75701196E+3,
508.9500,1.68410071E+3,
509.100,1.59348633E+3,
509.2500,1.48279395E+3,
509.400,1.54862952E+3,
509.5500,1.52788342E+3,
509.700,1.45783203E+3,
509.8500,1.41933472E+3,
510.00,1.35490491E+3,
510.1500,1.35967175E+3,
510.300,1.30557971E+3,
510.4500,1.36686060E+3,
510.600,1.40348010E+3,
510.7500,1.31149023E+3,
510.900,1.36465686E+3,
511.0500,1.34105310E+3,
511.200,1.31386365E+3,
511.3500,1.29965149E+3,
511.500,1.20477466E+3,
511.6500,1.20229773E+3,
511.800,1.16417407E+3,
511.9500,1.18780627E+3,
512.100,1.14726453E+3,
512.2500,1.07688745E+3,
512.400,1.04452795E+3,
512.5500,1.08371301E+3,
512.700,1.03456506E+3,
512.8500,1.03075891E+3,
513.00,9.88641541E+2,
513.1500,9.82452026E+2,
513.300,1.01942047E+3,
513.4500,9.37608459E+2,
513.600,9.66186157E+2,
513.7500,9.56324646E+2,
513.900,9.06703369E+2,
514.0500,9.42571350E+2,
514.200,8.91665588E+2,
514.3500,7.87505188E+2,
514.500,8.43934204E+2,
514.6500,8.95634766E+2,
514.800,8.28704346E+2,
514.9500,8.42891663E+2,
515.100,8.18254456E+2,
515.2500,7.70474548E+2,
515.400,8.10182007E+2,
515.5500,8.67013611E+2,
515.700,7.95968201E+2,
515.8500,8.07747314E+2,
516.00,7.86570129E+2,
516.1500,7.25008057E+2,
516.300,7.89373901E+2,
516.4500,7.70562134E+2,
516.600,7.90949951E+2,
516.7500,8.12603699E+2,
516.900,7.64260193E+2,
517.0500,7.52725342E+2,
517.200,7.84276978E+2,
517.3500,7.71520691E+2,
517.500,6.79778076E+2,
517.6500,6.76763672E+2,
517.800,7.33078552E+2,
517.9500,6.91745117E+2,
518.100,7.50675415E+2,
518.2500,7.20451050E+2,
518.400,7.57191101E+2,
518.5500,7.13236145E+2,
518.700,7.38843933E+2,
518.8500,6.91038635E+2,
519.00,7.59047485E+2,
519.1500,7.03706848E+2,
519.300,7.01953674E+2,
519.4500,7.46457092E+2,
519.600,7.13447632E+2,
519.7500,7.00414185E+2,
519.900,6.81078918E+2,
520.0500,7.99827148E+2,
520.200,6.92594421E+2,
520.3500,7.10959412E+2,
520.500,7.50776489E+2,
520.6500,6.45655701E+2,
520.800,7.09467346E+2,
520.9500,7.08962158E+2,
521.100,6.90735291E+2,
521.2500,7.11723755E+2,
521.400,7.22611511E+2,
521.5500,7.62706726E+2,
521.700,6.63141113E+2,
521.8500,6.89263550E+2,
522.00,7.28168396E+2,
522.1500,6.63930298E+2,
522.300,6.64614685E+2,
522.4500,6.65298401E+2,
522.600,7.29893921E+2,
522.7500,6.69220581E+2,
522.900,7.30104858E+2,
523.0500,6.83419067E+2,
523.200,6.85435547E+2,
523.3500,7.22146790E+2,
523.500,7.56361572E+2,
523.6500,7.27548950E+2,
523.800,7.19296448E+2,
523.9500,7.23928589E+2,
524.100,6.82072266E+2,
524.2500,6.93149841E+2,
524.400,6.58938049E+2,
524.5500,7.74980652E+2,
524.700,6.96668091E+2,
524.8500,7.79225525E+2,
525.00,7.54048767E+2,
525.1500,7.30093445E+2,
525.300,7.72525574E+2,
525.4500,7.14628601E+2,
525.600,7.74095703E+2,
525.7500,7.12157104E+2,
525.900,7.73044983E+2,
526.0500,7.55502197E+2,
526.200,7.99546631E+2,
526.3500,7.76762207E+2,
526.500,8.09093506E+2,
526.6500,7.94155090E+2,
526.800,8.68682434E+2,
526.9500,8.23464661E+2,
527.100,8.32286377E+2,
527.2500,8.64924927E+2,
527.400,8.06416382E+2,
527.5500,8.92031250E+2,
527.700,8.71838135E+2,
527.8500,9.13939087E+2,
528.00,8.25991699E+2,
528.1500,9.02734375E+2,
528.300,8.57194092E+2,
528.4500,8.96831055E+2,
528.600,8.92528564E+2,
528.7500,9.44311157E+2,
528.900,9.09291199E+2,
529.0500,9.19695251E+2,
529.200,9.68970947E+2,
529.3500,9.62000000E+2,
529.500,1.00605194E+3,
529.6500,9.97755066E+2,
529.800,9.89434570E+2,
529.9500,9.23143555E+2,
530.100,9.59225281E+2,
530.2500,9.75118469E+2,
530.400,9.72113342E+2,
530.5500,1.02594336E+3,
530.700,9.97234924E+2,
530.8500,1.04306116E+3,
531.00,1.04281604E+3,
531.1500,9.86855713E+2,
531.300,1.01105505E+3,
531.4500,1.10477808E+3,
531.600,1.09641943E+3,
531.7500,1.07711829E+3,
531.900,1.03180554E+3,
532.0500,1.03018787E+3,
532.200,1.06147156E+3,
532.3500,1.03797290E+3,
532.500,1.07069946E+3,
532.6500,1.11311328E+3,
532.800,1.08132629E+3,
532.9500,9.98507324E+2,
533.100,1.07133484E+3,
533.2500,1.04357324E+3,
533.400,1.06411255E+3,
533.5500,1.04042017E+3,
533.700,1.14825586E+3,
533.8500,1.15094299E+3,
534.00,1.06756140E+3,
534.1500,1.03820508E+3,
534.300,1.03382202E+3,
534.4500,1.13250757E+3,
534.600,1.10171570E+3,
534.7500,1.06247388E+3,
534.900,1.02313879E+3,
535.0500,1.07466125E+3,
535.200,1.08566382E+3,
535.3500,1.01955304E+3,
535.500,1.07684119E+3,
535.6500,1.05413745E+3,
535.800,1.07921875E+3,
535.9500,1.02406091E+3,
536.100,9.73016357E+2,
536.2500,1.13644397E+3,
536.400,1.06986218E+3,
536.5500,1.07811499E+3,
536.700,1.13312415E+3,
536.8500,1.09749915E+3,
537.00,1.09302246E+3,
537.1500,1.10847388E+3,
537.300,1.09550061E+3,
537.4500,1.15798413E+3,
537.600,9.93878601E+2,
537.7500,1.10206116E+3,
537.900,1.07757214E+3,
538.0500,1.06447168E+3,
538.200,1.03702063E+3,
538.3500,1.09840796E+3,
538.500,1.15275159E+3,
538.6500,1.15691162E+3,
538.800,9.62527039E+2,
538.9500,1.07594263E+3,
539.100,1.12328735E+3,
539.2500,1.06102893E+3,
539.400,1.00874292E+3,
539.5500,1.00986700E+3,
539.700,1.01533582E+3,
539.8500,1.00196143E+3,
540.00,9.34844604E+2,
540.1500,9.75170471E+2,
540.300,1.02431494E+3,
540.4500,1.02258636E+3,
540.600,9.58139465E+2,
540.7500,1.02786414E+3,
540.900,9.77884888E+2,
541.0500,9.40964294E+2,
541.200,9.96272339E+2,
541.3500,9.65162659E+2,
541.500,1.00299786E+3,
541.6500,9.73286682E+2,
541.800,1.00679431E+3,
541.9500,9.87326111E+2,
542.100,9.72235229E+2,
542.2500,9.82216736E+2,
542.400,9.58206787E+2,
542.5500,1.01852014E+3,
542.700,1.02561292E+3,
542.8500,9.25884033E+2,
543.00,1.04429028E+3,
543.1500,9.60709839E+2,
543.300,9.58821594E+2,
543.4500,1.07765991E+3,
543.600,1.02664856E+3,
543.7500,9.72531189E+2,
543.900,9.85589233E+2,
544.0500,9.85194275E+2,
544.200,9.56311035E+2,
544.3500,9.39363892E+2,
544.500,1.01401306E+3,
544.6500,1.05724146E+3,
544.800,9.54521545E+2,
544.9500,9.48034241E+2,
545.100,9.58145630E+2,
545.2500,9.60733704E+2,
545.400,1.00415552E+3,
545.5500,9.58345581E+2,
545.700,9.53353210E+2,
545.8500,9.99935181E+2,
546.00,9.93451477E+2,
546.1500,9.62697021E+2,
546.300,9.44045593E+2,
546.4500,1.00766772E+3,
546.600,9.14230591E+2,
546.7500,8.87804688E+2,
546.900,9.59224060E+2,
547.0500,9.57307251E+2,
547.200,9.20151733E+2,
547.3500,9.90382751E+2,
547.500,9.37794617E+2,
547.6500,9.55878723E+2,
547.800,9.09274231E+2,
547.9500,9.21187805E+2,
548.100,9.76386292E+2,
548.2500,9.43550415E+2,
548.400,9.35409363E+2,
548.5500,9.14838928E+2,
548.700,9.50104370E+2,
548.8500,9.79233093E+2,
549.00,1.01309802E+3,
549.1500,9.66005615E+2,
549.300,1.02175159E+3,
549.4500,1.04639124E+3,
549.600,9.71011902E+2,
549.7500,9.89379944E+2,
549.900,9.96816223E+2,
550.0500,9.57189392E+2,
550.200,9.83447815E+2,
550.3500,1.01605420E+3,
550.500,9.63701294E+2,
550.6500,9.83741943E+2,
550.800,9.76992737E+2,
550.9500,9.59163635E+2,
551.100,1.12164050E+3,
551.2500,1.02791187E+3,
551.400,1.06240100E+3,
551.5500,1.03822729E+3,
551.700,9.96512024E+2,
551.8500,1.00083960E+3,
552.00,1.06889380E+3,
552.1500,1.01593701E+3,
552.300,1.00436591E+3,
552.4500,1.09667664E+3,
552.600,1.00353772E+3,
552.7500,1.09765967E+3,
552.900,1.12622229E+3,
553.0500,1.02155371E+3,
553.200,1.09517871E+3,
553.3500,1.06270837E+3,
553.500,1.00436115E+3,
553.6500,1.00558868E+3,
553.800,1.06014478E+3,
553.9500,1.08894177E+3,
554.100,1.09189197E+3,
554.2500,1.06078845E+3,
554.400,1.04746838E+3,
554.5500,1.06988159E+3,
554.700,1.09397424E+3,
554.8500,1.07411230E+3,
555.00,1.01340161E+3,
555.1500,1.00481775E+3,
555.300,1.06654797E+3,
555.4500,1.06455054E+3,
555.600,1.03302783E+3,
555.7500,1.09171912E+3,
555.900,1.06178967E+3,
556.0500,9.52801575E+2,
556.200,1.04621252E+3,
556.3500,1.09200574E+3,
556.500,1.10817810E+3,
556.6500,1.09627551E+3,
556.800,1.09758264E+3,
556.9500,1.11214941E+3,
557.100,1.19479700E+3,
557.2500,1.07329028E+3,
557.400,1.09620581E+3,
557.5500,1.16413806E+3,
557.700,1.15052576E+3,
557.8500,1.13353613E+3,
558.00,1.08140320E+3,
558.1500,1.12121753E+3,
558.300,1.24489880E+3,
558.4500,1.12227917E+3,
558.600,1.21770154E+3,
558.7500,1.11828345E+3,
558.900,1.15668042E+3,
559.0500,1.21035120E+3,
559.200,1.22873743E+3,
559.3500,1.20998486E+3,
559.500,1.07443286E+3,
559.6500,1.08931641E+3,
559.800,9.93977722E+2,
559.9500,1.16503394E+3,
560.100,1.11375720E+3,
560.2500,1.07256641E+3,
560.400,1.07217993E+3,
560.5500,9.50613708E+2,
560.700,1.05942908E+3,
560.8500,9.99132019E+2,
561.00,9.62665710E+2,
561.1500,9.63824829E+2,
561.300,9.03168335E+2,
561.4500,8.83622375E+2,
561.600,8.84679016E+2,
561.7500,8.70226685E+2,
561.900,8.64363037E+2,
562.0500,9.18941528E+2,
562.200,7.85150146E+2,
562.3500,8.03403992E+2,
562.500,8.30367065E+2,
562.6500,7.23749268E+2,
562.800,7.52412598E+2,
562.9500,7.51566528E+2,
563.100,7.68174927E+2,
563.2500,7.81355652E+2,
563.400,7.24714600E+2,
563.5500,7.50106445E+2,
563.700,7.23039001E+2,
563.8500,7.43228027E+2,
564.00,7.37139343E+2,
564.1500,6.87164551E+2,
564.300,6.86326538E+2,
564.4500,6.96057312E+2,
564.600,6.95223145E+2,
564.7500,6.87317200E+2,
564.900,6.97079529E+2,
565.0500,6.74969360E+2,
565.200,7.32610779E+2,
565.3500,6.71394592E+2,
565.500,6.88270508E+2,
565.6500,6.49983337E+2,
565.800,6.22292358E+2,
565.9500,6.28450073E+2,
566.100,5.54142212E+2,
566.2500,6.42497864E+2,
566.400,6.79098999E+2,
566.5500,6.65553833E+2,
566.700,7.02264465E+2,
566.8500,6.41956299E+2,
567.00,6.64318420E+2,
567.1500,6.65100647E+2,
567.300,6.20767822E+2,
567.4500,6.41369385E+2,
567.600,6.89148132E+2,
567.7500,6.77277222E+2,
567.900,7.75969666E+2,
568.0500,6.67983459E+2,
568.200,6.90624695E+2,
568.3500,6.38711548E+2,
568.500,6.39504089E+2,
568.6500,6.51241333E+2,
568.800,7.61633423E+2,
568.9500,7.22341797E+2,
569.100,6.97621216E+2,
569.2500,7.26015686E+2,
569.400,7.23272644E+2,
569.5500,7.77499146E+2,
569.700,7.38000977E+2,
569.8500,6.89184937E+2,
570.00,7.58328003E+2,
570.1500,6.79814575E+2,
570.300,7.37974854E+2,
570.4500,7.90718567E+2,
570.600,7.17511902E+2,
570.7500,7.79634155E+2,
570.900,7.37827026E+2,
571.0500,7.64748718E+2,
571.200,7.09737549E+2,
571.3500,7.85144226E+2,
571.500,7.80436523E+2,
571.6500,7.42069946E+2,
571.800,7.31682739E+2,
571.9500,7.83093201E+2,
572.100,7.23983398E+2,
572.2500,7.99947998E+2,
572.400,8.38487793E+2,
572.5500,8.22530273E+2,
572.700,6.78392212E+2,
572.8500,8.50866394E+2,
573.00,6.93197632E+2,
573.1500,7.84827332E+2,
573.300,8.80466248E+2,
573.4500,7.65903931E+2,
573.600,7.93416199E+2,
573.7500,8.19093079E+2,
573.900,8.73371521E+2,
574.0500,7.56322327E+2,
574.200,8.24009460E+2,
574.3500,8.44114563E+2,
574.500,8.91035828E+2,
574.6500,8.97865601E+2,
574.800,8.91290344E+2,
574.9500,1.00943713E+3,
575.100,1.00874542E+3,
575.2500,1.00997601E+3,
575.400,9.61127258E+2,
575.5500,9.27582825E+2,
575.700,9.71185852E+2,
575.8500,9.41431274E+2,
576.00,1.01224640E+3,
576.1500,1.07550488E+3,
576.300,1.09428894E+3,
576.4500,1.03929675E+3,
576.600,1.11253418E+3,
576.7500,1.11194812E+3,
576.900,1.05286414E+3,
577.0500,1.06194727E+3,
577.200,1.09448621E+3,
577.3500,1.11340063E+3,
577.500,1.11472534E+3,
577.6500,1.10820374E+3,
577.800,1.19788501E+3,
577.9500,1.07544019E+3,
578.100,1.23808105E+3,
578.2500,1.23751538E+3,
578.400,1.25469934E+3,
578.5500,1.25019177E+3,
578.700,1.28323865E+3,
578.8500,1.22529858E+3,
579.00,1.32774329E+3,
579.1500,1.28559253E+3,
579.300,1.17779797E+3,
579.4500,1.32626123E+3,
579.600,1.36954944E+3,
579.7500,1.38901709E+3,
579.900,1.27285779E+3,
580.0500,1.39213379E+3,
580.200,1.32374988E+3,
580.3500,1.38532788E+3,
580.500,1.42900549E+3,
580.6500,1.47879834E+3,
580.800,1.49053174E+3,
580.9500,1.48418835E+3,
581.100,1.55840796E+3,
581.2500,1.51590442E+3,
581.400,1.65897095E+3,
581.5500,1.57202051E+3,
581.700,1.49699890E+3,
581.8500,1.56154297E+3,
582.00,1.58770825E+3,
582.1500,1.61805005E+3,
582.300,1.67691479E+3,
582.4500,1.64433911E+3,
582.600,1.62186511E+3,
582.7500,1.60545264E+3,
582.900,1.72583704E+3,
583.0500,1.70132983E+3,
583.200,1.62150513E+3,
583.3500,1.64192114E+3,
583.500,1.65006860E+3,
583.6500,1.70754565E+3,
583.800,1.60057092E+3,
583.9500,1.77552234E+3,
584.100,1.80036169E+3,
584.2500,1.88514490E+3,
584.400,1.90397473E+3,
584.5500,1.92077209E+3,
584.700,1.78218237E+3,
584.8500,1.92334814E+3,
585.00,1.86127368E+3,
585.1500,1.90093127E+3,
585.300,1.91360547E+3,
585.4500,2.00969531E+3,
585.600,1.98077136E+3,
585.7500,2.03327197E+3,
585.900,2.05659985E+3,
586.0500,2.06529175E+3,
586.200,2.07186182E+3,
586.3500,2.18760889E+3,
586.500,2.08502490E+3,
586.6500,2.18420654E+3,
586.800,2.18880713E+3,
586.9500,2.15755908E+3,
587.100,2.18322876E+3,
587.2500,2.05886499E+3,
587.400,2.07388330E+3,
587.5500,2.28383691E+3,
587.700,2.25883032E+3,
587.8500,2.40150220E+3,
588.00,2.21925342E+3,
588.1500,2.40904590E+3,
588.300,2.30524414E+3,
588.4500,2.42942773E+3,
588.600,2.44711426E+3,
588.7500,2.43063110E+3,
588.900,2.44834546E+3,
589.0500,2.36971875E+3,
589.200,2.53124731E+3,
589.3500,2.48697144E+3,
589.500,2.59309644E+3,
589.6500,2.55738550E+3,
589.800,2.83839380E+3,
589.9500,2.73166406E+3,
590.100,2.88193359E+3,
590.2500,2.74930151E+3,
590.400,2.86756055E+3,
590.5500,2.93406006E+3,
590.700,2.84004395E+3,
590.8500,2.94143994E+3,
591.00,3.01043237E+3,
591.1500,3.10803662E+3,
591.300,3.11421997E+3,
591.4500,3.22529858E+3,
591.600,3.05877686E+3,
591.7500,3.26644116E+3,
591.900,3.20920386E+3,
592.0500,3.26595215E+3,
592.200,3.48103223E+3,
592.3500,3.43021680E+3,
592.500,3.53357495E+3,
592.6500,3.57537476E+3,
592.800,3.51119482E+3,
592.9500,3.74994531E+3,
593.100,3.61936377E+3,
593.2500,3.81003442E+3,
593.400,3.78133521E+3,
593.5500,3.73476538E+3,
593.700,3.81494214E+3,
593.8500,3.88861035E+3,
594.00,3.90890063E+3,
594.1500,3.75984741E+3,
594.300,3.79829004E+3,
594.4500,3.95105322E+3,
594.600,3.95393286E+3,
594.7500,4.04888062E+3,
594.900,4.13956396E+3,
595.0500,4.08419556E+3,
595.200,4.35347705E+3,
595.3500,4.02972656E+3,
595.500,4.17077539E+3,
595.6500,4.18768848E+3,
595.800,4.17516113E+3,
595.9500,4.45083887E+3,
596.100,4.25221436E+3,
596.2500,4.44218701E+3,
596.400,4.36375732E+3,
596.5500,4.47676563E+3,
596.700,4.44612305E+3,
596.8500,4.44511865E+3,
597.00,4.60445459E+3,
597.1500,4.87422998E+3,
597.300,4.79098730E+3,
597.4500,4.66842285E+3,
597.600,4.87940820E+3,
597.7500,5.12551416E+3,
597.900,5.03286621E+3,
598.0500,4.72496582E+3,
598.200,5.05969922E+3,
598.3500,5.14265527E+3,
598.500,5.21652881E+3,
598.6500,5.15813477E+3,
598.800,5.29266504E+3,
598.9500,5.16197119E+3,
599.100,5.58383154E+3,
599.2500,5.46968701E+3,
599.400,5.32248486E+3,
599.5500,5.43010596E+3,
599.700,5.43248633E+3,
599.8500,5.68839600E+3,
600.00,5.67462549E+3,
600.1500,5.25898145E+3,
600.300,6.03733691E+3,
600.4500,5.52419092E+3,
600.600,5.56749072E+3,
600.7500,5.84290967E+3,
600.900,5.68285791E+3,
601.0500,5.74811865E+3,
601.200,5.64760156E+3,
601.3500,5.61581152E+3,
601.500,5.65307861E+3,
601.6500,6.16344678E+3,
601.800,5.79726758E+3,
601.9500,5.97150439E+3,
602.100,6.18232568E+3,
602.2500,6.18229932E+3,
602.400,5.96798682E+3,
602.5500,6.15322852E+3,
602.700,6.27140869E+3,
602.8500,6.56164160E+3,
603.00,6.50878271E+3,
603.1500,6.89221338E+3,
603.300,6.75682227E+3,
603.4500,6.89596875E+3,
603.600,6.92096094E+3,
603.7500,6.84106348E+3,
603.900,7.00043799E+3,
604.0500,7.43926123E+3,
604.200,7.38648633E+3,
604.3500,7.57903906E+3,
604.500,7.23120215E+3,
604.6500,7.62595313E+3,
604.800,7.52863135E+3,
604.9500,7.82613672E+3,
605.100,7.69914258E+3,
605.2500,7.94082178E+3,
605.400,8.01947461E+3,
605.5500,8.33431348E+3,
605.700,7.96093457E+3,
605.8500,8.43600586E+3,
606.00,8.13147656E+3,
606.1500,8.28134863E+3,
606.300,8.62935059E+3,
606.4500,8.95583105E+3,
606.600,8.82889453E+3,
606.7500,8.78450488E+3,
606.900,9.05721582E+3,
607.0500,9.28037012E+3,
607.200,9.19876465E+3,
607.3500,9.20793164E+3,
607.500,9.69086426E+3,
607.6500,9.78956152E+3,
607.800,9.74619629E+3,
607.9500,9.34887500E+3,
608.100,9.92402637E+3,
608.2500,1.02481152E+4,
608.400,1.02535371E+4,
608.5500,1.05790332E+4,
608.700,1.09080586E+4,
608.8500,1.08732822E+4,
609.00,1.08049150E+4,
609.1500,1.06775674E+4,
609.300,1.05265381E+4,
609.4500,1.06541563E+4,
609.600,1.10875957E+4,
609.7500,1.06563535E+4,
609.900,1.03353926E+4,
610.0500,1.05909766E+4,
610.200,1.06054834E+4,
610.3500,1.09122314E+4,
610.500,1.08487998E+4,
610.6500,1.10416709E+4,
610.800,1.06556465E+4,
610.9500,1.10273174E+4,
611.100,1.09607803E+4,
611.2500,1.10994473E+4,
611.400,1.10511660E+4,
611.5500,1.10000313E+4,
611.700,1.09195830E+4,
611.8500,1.09899551E+4,
612.00,1.09702188E+4,
612.1500,1.10086445E+4,
612.300,1.06661992E+4,
612.4500,1.09042871E+4,
612.600,1.04162324E+4,
612.7500,1.02745410E+4,
612.900,1.02771221E+4,
613.0500,1.03898711E+4,
613.200,1.03580273E+4,
613.3500,1.03610439E+4,
613.500,1.02183623E+4,
613.6500,1.05128926E+4,
613.800,1.00776445E+4,
613.9500,1.00421318E+4,
614.100,9.98528223E+3,
614.2500,1.02004082E+4,
614.400,1.01737900E+4,
614.5500,9.87691113E+3,
614.700,1.02813896E+4,
614.8500,9.75915137E+3,
615.00,9.96451855E+3,
615.1500,1.00913018E+4,
615.300,1.00093564E+4,
615.4500,1.02137305E+4,
615.600,9.65128027E+3,
615.7500,9.89989258E+3,
615.900,9.91386133E+3,
616.0500,9.91675488E+3,
616.200,9.92525195E+3,
616.3500,1.00256035E+4,
616.500,9.39837109E+3,
616.6500,9.75510059E+3,
616.800,9.73801855E+3,
616.9500,9.17986523E+3,
617.100,9.25459277E+3,
617.2500,9.14403320E+3,
617.400,9.08659180E+3,
617.5500,8.85391016E+3,
617.700,8.80700000E+3,
617.8500,8.99495410E+3,
618.00,8.96790234E+3,
618.1500,8.93564063E+3,
618.300,8.29106152E+3,
618.4500,8.78507031E+3,
618.600,8.80932910E+3,
618.7500,8.85081445E+3,
618.900,8.36764453E+3,
619.0500,8.49184570E+3,
619.200,8.30303027E+3,
619.3500,8.06446729E+3,
619.500,8.38536719E+3,
619.6500,8.45275586E+3,
619.800,8.15216064E+3,
619.9500,8.36741797E+3,
620.100,8.54271875E+3,
620.2500,8.47670215E+3,
620.400,8.26147852E+3,
620.5500,7.99860938E+3,
620.700,7.93406152E+3,
620.8500,8.52402734E+3,
621.00,8.00417188E+3,
621.1500,8.02147461E+3,
621.300,7.93251270E+3,
621.4500,7.73082617E+3,
621.600,7.76539893E+3,
621.7500,7.83270947E+3,
621.900,7.84968604E+3,
622.0500,7.30663916E+3,
622.200,7.79100000E+3,
622.3500,7.72702393E+3,
622.500,7.77957129E+3,
622.6500,7.19933594E+3,
622.800,7.05274023E+3,
622.9500,7.17653467E+3,
623.100,7.10481006E+3,
623.2500,7.39838574E+3,
623.400,7.00297266E+3,
623.5500,6.82136719E+3,
623.700,6.60568848E+3,
623.8500,6.59610107E+3,
624.00,6.61083350E+3,
624.1500,6.72669531E+3,
624.300,6.39633105E+3,
624.4500,6.63168457E+3,
624.600,6.50251855E+3,
624.7500,6.34209619E+3,
624.900,6.54157861E+3,
625.0500,6.21092529E+3,
625.200,5.99060693E+3,
625.3500,6.31477002E+3,
625.500,6.22724365E+3,
625.6500,5.73505322E+3,
625.800,5.96076709E+3,
625.9500,5.73777490E+3,
626.100,5.90810107E+3,
626.2500,5.84408154E+3,
626.400,6.04665430E+3,
626.5500,6.08639697E+3,
626.700,5.77331689E+3,
626.8500,6.00208252E+3,
627.00,5.81729590E+3,
627.1500,5.59692822E+3,
627.300,5.47730273E+3,
627.4500,5.62125244E+3,
627.600,5.87408203E+3,
627.7500,5.52750879E+3,
627.900,5.32677539E+3,
628.0500,5.60608350E+3,
628.200,5.54610059E+3,
628.3500,5.46011963E+3,
628.500,5.25773730E+3,
628.6500,5.38077051E+3,
628.800,5.26154834E+3,
628.9500,5.56332178E+3,
629.100,5.10622900E+3,
629.2500,4.93054346E+3,
629.400,4.93024414E+3,
629.5500,5.09653027E+3,
629.700,4.89356006E+3,
629.8500,5.10956836E+3,
630.00,5.12266113E+3,
630.1500,5.02068359E+3,
630.300,5.18217090E+3,
630.4500,4.70639600E+3,
630.600,4.96389307E+3,
630.7500,4.85408008E+3,
630.900,4.84022900E+3,
631.0500,4.84301172E+3,
631.200,4.98608691E+3,
631.3500,4.89896484E+3,
631.500,4.66405029E+3,
631.6500,5.02241748E+3,
631.800,4.88768408E+3,
631.9500,4.67825342E+3,
632.100,5.21435400E+3,
632.2500,4.96413281E+3,
632.400,5.14689502E+3,
632.5500,5.18426563E+3,
632.700,4.90859961E+3,
632.8500,4.73413770E+3,
633.00,4.68199219E+3,
633.1500,4.79047070E+3,
633.300,4.97482471E+3,
633.4500,4.83331201E+3,
633.600,5.01154492E+3,
633.7500,4.83499023E+3,
633.900,4.99313818E+3,
634.0500,4.93708594E+3,
634.200,5.00927637E+3,
634.3500,4.64346484E+3,
634.500,4.73622510E+3,
634.6500,4.54997852E+3,
634.800,4.65686963E+3,
634.9500,5.06214600E+3,
635.100,4.74559570E+3,
635.2500,4.91708887E+3,
635.400,4.64134570E+3,
635.5500,5.06065283E+3,
635.700,4.53970361E+3,
635.8500,4.64111865E+3,
636.00,4.56870508E+3,
636.1500,4.82400488E+3,
636.300,4.50553857E+3,
636.4500,4.33241748E+3,
636.600,4.50988037E+3,
636.7500,4.29648828E+3,
636.900,4.39538037E+3,
637.0500,4.14831445E+3,
637.200,4.00496191E+3,
637.3500,4.20146631E+3,
637.500,4.26083887E+3,
637.6500,4.06222876E+3,
637.800,4.18346875E+3,
637.9500,4.23215820E+3,
638.100,4.25892285E+3,
638.2500,3.94475049E+3,
638.400,4.03706323E+3,
638.5500,3.70275977E+3,
638.700,3.76173242E+3,
638.8500,3.97612183E+3,
639.00,3.94326855E+3,
639.1500,3.85856812E+3,
639.300,3.62850610E+3,
639.4500,3.81472998E+3,
639.600,3.61346997E+3,
639.7500,3.77420313E+3,
639.900,3.67695557E+3,
640.0500,3.76343359E+3,
640.200,3.64723315E+3,
640.3500,3.68893823E+3,
640.500,3.50778662E+3,
640.6500,3.53418945E+3,
640.800,3.46198511E+3,
640.9500,3.54923560E+3,
641.100,3.48434497E+3,
641.2500,3.49556616E+3,
641.400,3.28860229E+3,
641.5500,3.37231348E+3,
641.700,3.54479932E+3,
641.8500,3.70258667E+3,
642.00,3.21623584E+3,
642.1500,3.27330200E+3,
642.300,3.27630591E+3,
642.4500,3.40753271E+3,
642.600,3.20833594E+3,
642.7500,3.00828613E+3,
642.900,3.21402295E+3,
643.0500,3.14631592E+3,
643.200,2.99583374E+3,
643.3500,2.98241724E+3,
643.500,2.85853125E+3,
643.6500,3.01464111E+3,
643.800,2.98925757E+3,
643.9500,2.87250562E+3,
644.100,2.84669360E+3,
644.2500,2.72912549E+3,
644.400,2.77873950E+3,
644.5500,2.76853125E+3,
644.700,2.76228174E+3,
644.8500,2.71581665E+3,
645.00,2.75368823E+3,
645.1500,2.60226855E+3,
645.300,2.61595142E+3,
645.4500,2.73098315E+3,
645.600,2.52570605E+3,
645.7500,2.31953320E+3,
645.900,2.60999341E+3,
646.0500,2.49303833E+3,
646.200,2.50671387E+3,
646.3500,2.80367603E+3,
646.500,2.70287720E+3,
646.6500,2.77891431E+3,
646.800,2.36355029E+3,
646.9500,2.38945532E+3,
647.100,2.70592334E+3,
647.2500,2.51214697E+3,
647.400,2.56761182E+3,
647.5500,2.50216138E+3,
647.700,2.44479199E+3,
647.8500,2.55077905E+3,
648.00,2.43858301E+3,
648.1500,2.35529224E+3,
648.300,2.51652856E+3,
648.4500,2.25954053E+3,
648.600,2.48484595E+3,
648.7500,2.27766382E+3,
648.900,2.39748828E+3,
649.0500,2.30018213E+3,
649.200,2.30939868E+3,
649.3500,2.28864160E+3,
649.500,2.19047388E+3,
649.6500,2.38456641E+3,
649.800,2.36811621E+3,
649.9500,2.15706396E+3,
650.100,2.13582080E+3,
650.2500,2.26650146E+3,
650.400,2.08008667E+3,
650.5500,2.08908643E+3,
650.700,2.03255420E+3,
650.8500,2.10718286E+3,
651.00,2.16018140E+3,
651.1500,2.05948413E+3,
651.300,1.99800952E+3,
651.4500,2.08655103E+3,
651.600,2.20649951E+3,
651.7500,2.22040454E+3,
651.900,2.25216797E+3,
652.0500,2.19035693E+3,
652.200,2.27575806E+3,
652.3500,2.36153125E+3,
652.500,2.33539990E+3,
652.6500,2.44418018E+3,
652.800,2.49027441E+3,
652.9500,2.25623486E+3,
653.100,2.70993530E+3,
653.2500,2.27545776E+3,
653.400,2.22138940E+3,
653.5500,2.11231714E+3,
653.700,2.19936475E+3,
653.8500,2.19055396E+3,
654.00,2.09442554E+3,
654.1500,2.04856982E+3,
654.300,2.03017566E+3,
654.4500,1.95619604E+3,
654.600,2.14607031E+3,
654.7500,2.09987012E+3,
654.900,2.03016882E+3,
655.0500,1.83880347E+3,
655.200,2.06289307E+3,
655.3500,1.92698706E+3,
655.500,1.77164807E+3,
655.6500,1.97826782E+3,
655.800,1.86479883E+3,
655.9500,1.77919238E+3,
656.100,1.84968530E+3,
656.2500,1.79214124E+3,
656.400,2.04879053E+3,
656.5500,1.91500977E+3,
656.700,1.98643005E+3,
656.8500,1.87106226E+3,
657.00,1.83209180E+3,
657.1500,1.66766528E+3,
657.300,1.64256140E+3,
657.4500,1.65607397E+3,
657.600,1.54830005E+3,
657.7500,1.66380225E+3,
657.900,1.43849829E+3,
658.0500,1.58360645E+3,
658.200,1.81270593E+3,
658.3500,1.48796082E+3,
658.500,1.59484131E+3,
658.6500,1.53446533E+3,
658.800,1.42928308E+3,
658.9500,1.50206201E+3,
659.100,1.49566284E+3,
659.2500,1.35972424E+3,
659.400,1.46776672E+3,
659.5500,1.49624219E+3,
659.700,1.44960840E+3,
659.8500,1.31727441E+3,
660.00,1.29518079E+3,
660.1500,1.17703162E+3,
660.300,1.19502979E+3,
660.4500,1.04560974E+3,
660.600,1.11933643E+3,
660.7500,1.21381030E+3,
660.900,1.19626208E+3,
661.0500,1.01978351E+3,
661.200,1.14043384E+3,
661.3500,1.32346497E+3,
661.500,1.22862366E+3,
661.6500,1.14883667E+3,
661.800,1.22427881E+3,
661.9500,1.14407703E+3,
662.100,1.06348743E+3,
662.2500,1.17063855E+3,
662.400,1.18925256E+3,
662.5500,1.08190356E+3,
662.700,1.20041260E+3,
662.8500,1.15060571E+3,
663.00,1.16403931E+3,
663.1500,1.16688391E+3,
663.300,8.18814087E+2,
663.4500,1.08198560E+3,
663.600,1.06325989E+3,
663.7500,1.18369519E+3,
663.900,9.18133362E+2,
664.0500,1.09259338E+3,
664.200,9.54931824E+2,
664.3500,9.78845215E+2,
664.500,9.43238525E+2,
664.6500,8.96589783E+2,
664.800,9.91330017E+2,
664.9500,8.46285461E+2,
665.100,7.99043335E+2,
665.2500,8.94199768E+2,
665.400,9.01822693E+2,
665.5500,8.70891846E+2,
665.700,8.56386536E+2,
665.8500,7.75348816E+2,
666.00,8.38257324E+2,
666.1500,9.40422241E+2,
666.300,7.69751587E+2,
666.4500,7.82773560E+2,
666.600,6.33319824E+2,
666.7500,8.08991394E+2,
666.900,7.71506531E+2,
667.0500,7.90292236E+2,
667.200,7.69568604E+2,
667.3500,6.46639221E+2,
667.500,6.42517029E+2,
667.6500,6.78270691E+2,
667.800,7.02765991E+2,
667.9500,7.15923157E+2,
668.100,8.15308289E+2,
668.2500,6.96481628E+2,
668.400,6.63611450E+2,
668.5500,6.99991455E+2,
668.700,6.84356262E+2,
668.8500,8.25622559E+2,
669.00,7.98559265E+2,
669.1500,6.01947144E+2,
669.300,7.14850647E+2,
669.4500,6.81474121E+2,
669.600,6.36137878E+2,
669.7500,5.90560425E+2,
669.900,7.87505981E+2,
670.0500,5.46164246E+2,
670.200,5.41629822E+2,
670.3500,5.54970764E+2,
670.500,7.17951172E+2,
670.6500,6.89825378E+2,
670.800,5.71337036E+2,
670.9500,6.09002563E+2,
671.100,6.89116638E+2,
671.2500,5.75682007E+2,
671.400,5.89254395E+2,
671.5500,4.99363281E+2,
671.700,6.83744446E+2,
671.8500,6.05876404E+2,
672.00,5.88970642E+2,
672.1500,5.53479858E+2,
672.300,5.91789001E+2,
672.4500,5.80846130E+2,
672.600,5.63653503E+2,
672.7500,6.20881531E+2,
672.900,5.04118439E+2,
673.0500,6.80017334E+2,
673.200,5.69110962E+2,
673.3500,6.70813232E+2,
673.500,6.85025879E+2,
673.6500,5.60704590E+2,
673.800,5.43132385E+2,
673.9500,5.44465271E+2,
674.100,5.83914856E+2,
674.2500,5.91763000E+2,
674.400,5.86890259E+2,
674.5500,6.07570435E+2,
674.700,5.83471680E+2,
674.8500,5.84958923E+2,
675.00,5.99339722E+2,
675.1500,6.71967285E+2,
675.300,5.50627930E+2,
675.4500,5.39067688E+2,
675.600,5.40467468E+2,
675.7500,5.15757446E+2,
675.900,6.02190979E+2,
676.0500,5.64388000E+2,
676.200,6.25096985E+2,
676.3500,5.34384155E+2,
676.500,7.27623535E+2,
676.6500,5.77005615E+2,
676.800,6.51678528E+2,
676.9500,6.33401489E+2,
677.100,4.81324066E+2,
677.2500,5.36223633E+2,
677.400,4.70441986E+2,
677.5500,6.46891052E+2,
677.700,5.94560669E+2,
677.8500,5.28399048E+2,
678.00,4.61882019E+2,
678.1500,4.97135376E+2,
678.300,4.77946594E+2,
678.4500,5.75031616E+2,
678.600,5.21623718E+2,
678.7500,6.19324524E+2,
678.900,5.10552826E+2,
679.0500,4.91125275E+2,
679.200,5.96407166E+2,
679.3500,6.04887024E+2,
679.500,4.46114410E+2,
679.6500,5.52084717E+2,
679.800,4.62417938E+2,
679.9500,5.19799988E+2,
680.100,5.72388062E+2,
680.2500,4.96023834E+2,
680.400,7.74517822E+2,
680.5500,3.91893341E+2,
680.700,5.28736267E+2,
680.8500,6.30511108E+2,
681.00,4.67010956E+2,
681.1500,4.75494904E+2,
681.300,5.20142700E+2,
681.4500,6.22986206E+2,
681.600,3.92251068E+2,
681.7500,5.39005859E+2,
681.900,5.91615356E+2,
682.0500,5.63937195E+2,
682.200,5.50775208E+2,
682.3500,6.47991333E+2,
682.500,7.08813782E+2,
682.6500,5.99682861E+2,
682.800,7.20085266E+2,
682.9500,6.55046692E+2,
683.100,6.12029358E+2,
683.2500,5.83738159E+2,
683.400,5.32780334E+2,
683.5500,6.01930176E+2,
683.700,4.60207794E+2,
683.8500,6.73259705E+2,
684.00,6.52319458E+2,
684.1500,5.70420654E+2,
684.300,7.54989990E+2,
684.4500,6.57624939E+2,
684.600,6.82407898E+2,
684.7500,5.84309143E+2,
684.900,5.62766663E+2,
685.0500,7.73002625E+2,
685.200,5.89074158E+2,
685.3500,7.38339233E+2,
685.500,5.06550049E+2,
685.6500,8.20495789E+2,
685.800,7.99218018E+2,
685.9500,6.20686157E+2,
686.100,7.48419373E+2,
686.2500,6.24056458E+2,
686.400,7.76246521E+2,
686.5500,7.30698120E+2,
686.700,7.40647644E+2,
686.8500,8.46473694E+2,
687.00,6.32578613E+2,
687.1500,6.26286499E+2,
687.300,9.01752808E+2,
687.4500,6.62027832E+2,
687.600,7.28615234E+2,
687.7500,8.76746155E+2,
687.900,8.87303955E+2,
688.0500,7.67306580E+2,
688.200,8.34905457E+2,
688.3500,9.93159729E+2,
688.500,8.31289978E+2,
688.6500,5.61227661E+2,
688.800,8.35892639E+2,
688.9500,8.29908142E+2,
689.100,6.07488586E+2,
689.2500,7.34304077E+2,
689.400,8.70173767E+2,
689.5500,7.46692810E+2,
689.700,7.31901123E+2,
689.8500,8.01379822E+2,
690.00,8.79692139E+2,
690.1500,6.36105164E+2,
690.300,8.75941589E+2,
690.4500,9.46526733E+2,
690.600,6.84025635E+2,
690.7500,1.02881433E+3,
690.900,6.27557251E+2,
691.0500,7.15460815E+2,
691.200,7.51989075E+2,
691.3500,6.15368958E+2,
691.500,7.47414490E+2,
691.6500,7.40745972E+2,
691.800,5.85480530E+2,
691.9500,8.32435242E+2,
692.100,8.17150024E+2,
692.2500,8.01778442E+2,
692.400,7.33308411E+2,
692.5500,7.97345642E+2,
692.700,8.08431091E+2,
692.8500,6.85946716E+2,
693.00,9.11168884E+2,
693.1500,8.24088135E+2,
693.300,7.45505798E+2,
693.4500,7.02516418E+2,
693.600,7.76693848E+2,
693.7500,7.60713440E+2,
693.900,8.08209167E+2,
694.0500,9.92550842E+2,
694.200,7.85272339E+2,
694.3500,7.69125549E+2,
694.500,7.34522400E+2,
694.6500,7.18138672E+2,
694.800,6.92426208E+2,
694.9500,7.77664307E+2,
695.100,8.63398621E+2,
695.2500,9.03075195E+2,
695.400,7.00226929E+2,
695.5500,8.70735107E+2,
695.700,7.13582581E+2,
695.8500,8.66257019E+2,
696.00,8.21499817E+2,
696.1500,7.67001587E+2,
696.300,7.31181274E+2,
696.4500,8.66564575E+2,
696.600,7.06670593E+2,
696.7500,8.61895752E+2,
696.900,7.39488647E+2,
697.0500,7.60826843E+2,
697.200,8.88475159E+2,
697.3500,9.39352112E+2,
697.500,8.25421631E+2,
697.6500,8.08233337E+2,
697.800,1.04482666E+3,
697.9500,7.73555298E+2,
698.100,8.14980835E+2,
698.2500,8.76325989E+2,
698.400,7.50407715E+2,
698.5500,8.41609558E+2,
698.700,9.53175659E+2,
698.8500,1.00561963E+3,
699.00,8.18724854E+2,
699.1500,7.70980957E+2,
699.300,8.83618103E+2,
699.4500,8.35778503E+2,
699.600,8.68446960E+2,
699.7500,1.27599316E+3,
699.900,1.02573169E+3,
700.0500,1.02863074E+3,
700.200,9.49797241E+2,
700.3500,8.90999695E+2,
700.500,9.24298645E+2,
700.6500,8.65091858E+2,
700.800,9.50131775E+2,
700.9500,8.80299011E+2,
701.100,8.30780334E+2,
701.2500,9.99626465E+2,
701.400,9.08359070E+2,
701.5500,9.00343872E+2,
701.700,7.66313599E+2,
701.8500,9.99957214E+2,
702.00,9.60448792E+2,
702.1500,1.00538147E+3,
702.300,9.55045837E+2,
702.4500,9.36355286E+2,
702.600,7.46849182E+2,
702.7500,1.05912646E+3,
702.900,1.00836951E+3,
703.0500,1.03266455E+3,
703.200,1.03559851E+3,
703.3500,8.32997681E+2,
703.500,1.12828894E+3,
703.6500,9.68306335E+2,
703.800,1.06926343E+3,
703.9500,9.84780029E+2,
704.100,9.87663330E+2,
704.2500,1.05663293E+3,
704.400,9.71458130E+2,
704.5500,9.18984619E+2,
704.700,1.13271753E+3,
704.8500,8.79914856E+2,
705.00,1.10596753E+3,
705.1500,7.61911133E+2,
705.300,1.02264612E+3,
705.4500,1.07077612E+3,
705.600,1.14179553E+3,
705.7500,1.14520105E+3,
705.900,8.52936951E+2,
706.0500,9.69529236E+2,
706.200,1.21260071E+3,
706.3500,1.35383142E+3,
706.500,1.15068018E+3,
706.6500,1.14251990E+3,
706.800,1.07642981E+3,
706.9500,9.51904236E+2,
707.100,1.08276575E+3,
707.2500,9.34140686E+2,
707.400,1.18281360E+3,
707.5500,1.31548486E+3,
707.700,1.18977441E+3,
707.8500,1.02787109E+3,
708.00,1.31528540E+3,
708.1500,1.09329529E+3,
708.300,1.48974695E+3,
708.4500,1.19524731E+3,
708.600,1.29460559E+3,
708.7500,1.17814038E+3,
708.900,1.30212842E+3,
709.0500,1.06402649E+3,
709.200,1.17609924E+3,
709.3500,1.30094556E+3,
709.500,1.03633069E+3,
709.6500,1.35708862E+3,
709.800,9.56281677E+2,
709.9500,1.15565186E+3,
710.100,1.13416370E+3,
710.2500,1.33503162E+3,
710.400,1.01639569E+3,
710.5500,1.13102393E+3,
710.700,1.34597681E+3,
710.8500,1.12470923E+3,
711.00,1.21549854E+3,
711.1500,1.28171338E+3,
711.300,1.04586829E+3,
711.4500,1.17514697E+3,
711.600,1.15308569E+3,
711.7500,1.18172168E+3,
711.900,1.21051343E+3,
712.0500,1.06058154E+3,
712.200,1.02515674E+3,
712.3500,1.23369141E+3,
712.500,1.27587097E+3,
712.6500,1.15026941E+3,
712.800,9.72095947E+2,
712.9500,1.18285034E+3,
713.100,9.90655823E+2,
713.2500,8.23496155E+2,
713.400,1.28457825E+3,
713.5500,9.06978760E+2,
713.700,1.27860254E+3,
713.8500,1.26897034E+3,
714.00,1.10021118E+3,
714.1500,1.01021002E+3,
714.300,1.11963831E+3,
714.4500,8.68788879E+2,
714.600,1.19287256E+3,
714.7500,9.54259766E+2,
714.900,1.15907788E+3,
715.0500,9.19055298E+2,
715.200,1.12501099E+3,
715.3500,9.37938843E+2,
715.500,9.54270508E+2,
715.6500,6.56242798E+2,
715.800,8.36379517E+2,
715.9500,1.04505627E+3,
716.100,9.51573853E+2,
716.2500,1.12035120E+3,
716.400,9.71057251E+2,
716.5500,9.87832275E+2,
716.700,1.06052063E+3,
716.8500,9.79681763E+2,
717.00,1.10891199E+3,
717.1500,1.04175061E+3,
717.300,8.75358765E+2,
717.4500,1.03367053E+3,
717.600,8.94675476E+2,
717.7500,1.02547412E+3,
717.900,1.04275928E+3,
718.0500,1.04578967E+3,
718.200,8.47653015E+2,
718.3500,8.50086975E+2,
718.500,1.01147711E+3,
718.6500,1.18828455E+3,
718.800,9.15579163E+2,
718.9500,9.18220947E+2,
719.100,9.20846863E+2,
719.2500,8.94154175E+2,
719.400,9.11405579E+2,
719.5500,9.87717163E+2,
719.700,7.09641724E+2,
719.8500,8.89590332E+2,
720.00,8.02924561E+2,
720.1500,1.01396411E+3,
720.300,8.97218018E+2,
720.4500,9.74754944E+2,
720.600,1.02265009E+3,
720.7500,8.89831177E+2,
720.900,9.22623779E+2,
721.0500,8.79738708E+2,
721.200,7.30100342E+2,
721.3500,7.62654297E+2,
721.500,6.42428284E+2,
721.6500,9.97029785E+2,
721.800,7.84484863E+2,
721.9500,7.24993530E+2,
722.100,8.81682922E+2,
722.2500,9.46148315E+2,
722.400,8.70985291E+2,
722.5500,1.15411230E+3,
722.700,9.22707642E+2,
722.8500,7.37066101E+2,
723.00,6.44748108E+2,
723.1500,7.88478210E+2,
723.300,7.43243713E+2,
723.4500,7.92901733E+2,
723.600,9.54151550E+2,
723.7500,9.24936951E+2,
723.900,8.31586121E+2,
724.0500,9.14135681E+2,
724.200,8.36367310E+2,
724.3500,7.09749756E+2,
724.500,8.41232788E+2,
724.6500,9.24804565E+2,
724.800,1.09021619E+3,
724.9500,8.64925720E+2,
725.100,7.52862244E+2,
725.2500,5.90895508E+2,
725.400,6.41985474E+2,
725.5500,8.41944763E+2,
725.700,7.78155640E+2,
725.8500,8.13618591E+2,
726.00,9.15893799E+2,
726.1500,6.34570862E+2,
726.300,7.87061646E+2,
726.4500,7.22097778E+2,
726.600,6.90444702E+2,
726.7500,8.44372070E+2,
726.900,8.63683350E+2,
727.0500,5.09467224E+2,
727.200,7.49272888E+2,
727.3500,8.19637085E+2,
727.500,7.70525879E+2,
727.6500,5.32270447E+2,
727.800,7.57564514E+2,
727.9500,1.00136719E+3,
728.100,8.13677551E+2,
728.2500,7.46462952E+2,
728.400,9.22576965E+2,
728.5500,5.76007019E+2,
728.700,7.17607666E+2,
728.8500,7.37127563E+2,
729.00,7.56751099E+2,
729.1500,7.94164551E+2,
729.300,4.95529541E+2,
729.4500,6.38895752E+2,
729.600,7.11875854E+2,
729.7500,7.13875183E+2,
729.900,5.90603699E+2,
730.0500,6.64063538E+2,
730.200,1.04393884E+3,
730.3500,4.51260193E+2,
730.500,6.33572815E+2,
730.6500,5.26465393E+2,
730.800,7.10035645E+2,
730.9500,3.65167206E+2,
731.100,8.97182434E+2,
731.2500,6.42635559E+2,
731.400,4.97135040E+2,
731.5500,9.04734131E+2,
731.700,7.96177307E+2,
731.8500,7.05573669E+2,
732.00,6.51696777E+2,
732.1500,3.73424377E+2,
732.300,7.67630188E+2,
732.4500,8.44847778E+2,
732.600,7.90703613E+2,
732.7500,9.25039612E+2,
732.900,8.14018372E+2,
733.0500,6.07470459E+2,
733.200,6.85337402E+2,
733.3500,7.82732605E+2,
733.500,8.42386414E+2,
733.6500,6.33583130E+2,
733.800,7.50906189E+2,
733.9500,7.14424927E+2,
734.100,6.77745728E+2,
734.2500,7.76798828E+2,
734.400,8.95897461E+2,
734.5500,8.00823425E+2,
734.700,8.22729553E+2,
734.8500,1.02156769E+3,
735.00,8.27504822E+2,
735.1500,5.73000427E+2,
735.300,8.71858093E+2,
735.4500,8.54476624E+2,
735.600,8.17062195E+2,
735.7500,8.79356689E+2,
735.900,7.81663879E+2,
736.0500,9.44670349E+2,
736.200,1.08835999E+3,
736.3500,8.08417847E+2,
736.500,1.01331488E+3,
736.6500,6.70638855E+2,
736.800,9.17039246E+2,
736.9500,6.53925598E+2,
737.100,7.58125610E+2,
737.2500,7.19032288E+2,
737.400,5.14947327E+2,
737.5500,7.64129944E+2,
737.700,5.38373413E+2,
737.8500,9.34260925E+2,
738.00,8.11833130E+2,
738.1500,6.67815857E+2,
738.300,6.90439148E+2,
738.4500,6.08297546E+2,
738.600,8.62202148E+2,
738.7500,1.34931506E+3,
738.900,9.51164307E+2,
739.0500,1.08076465E+3,
739.200,8.92373230E+2,
739.3500,1.00122571E+3,
739.500,1.17472131E+3,
739.6500,9.85075745E+2,
739.800,9.66193726E+2,
739.9500,8.18044922E+2,
740.100,1.10088818E+3,
740.2500,9.74057861E+2,
740.400,1.04187256E+3,
740.5500,1.19711938E+3,
740.700,1.02583264E+3,
740.8500,1.11622974E+3,
741.00,9.87647644E+2,
741.1500,7.48296814E+2,
741.300,8.60726868E+2,
741.4500,7.30336426E+2,
741.600,5.77020752E+2,
741.7500,7.12161865E+2,
741.900,1.00427740E+3,
742.0500,5.59476746E+2,
742.200,5.83437317E+2,
742.3500,4.50018707E+2,
742.500,3.83557495E+2,
742.6500,5.88217224E+2,
742.800,5.67136414E+2,
742.9500,6.36929016E+2,
743.100,5.01814911E+2,
743.2500,6.17553711E+2,
743.400,6.42186157E+2,
743.5500,4.13968872E+2,
743.700,3.22862732E+2,
743.8500,5.31879517E+2,
744.00,3.94213318E+2,
744.1500,1.02315338E+3,
744.300,4.19726746E+2,
744.4500,6.07961365E+2,
744.600,4.45518463E+2,
744.7500,6.81900635E+2,
744.900,5.42330139E+2,
745.0500,4.96544891E+2,
745.200,4.03063599E+2,
745.3500,4.51714996E+2,
745.500,4.29112366E+2,
745.6500,5.25909180E+2,
745.800,5.03381561E+2,
745.9500,4.56692474E+2,
746.100,3.85607697E+2,
746.2500,2.17473328E+2,
746.400,4.60316528E+2,
746.5500,3.88653595E+2,
746.700,5.84515137E+2,
746.8500,3.90703339E+2,
747.00,7.34500671E+2,
747.1500,6.38144226E+2,
747.300,4.92096344E+2,
747.4500,5.42649414E+2,
747.600,6.67632446E+2,
747.7500,5.45348877E+2,
747.900,4.47305023E+2,
748.0500,5.97887573E+2,
748.200,4.74499542E+2,
748.3500,6.00852356E+2,
748.500,3.01171051E+2,
748.6500,4.02558289E+2,
748.800,5.04447174E+2,
748.9500,2.52850922E+2,
749.100,3.54913391E+2,
749.2500,4.06696777E+2,
749.400,4.58755585E+2,
749.5500,4.59980957E+2,
749.700,3.84343323E+2,
749.8500,4.88138702E+2,
750.00,4.89447479E+2,
750.1500,5.94096619E+2,
