Labels,32C_60_300K,
Type,Emission Scan,
Comment,,
Start,465.00,
Stop,750.00,
Step,0.100,
Fixed/Offset,450.00,
Xaxis,Wavelength,
Yaxis,Counts,
Scan Corr. by File,True,
Corr. by Ref. Det.,False,
Fixed/Offset Corr. by File,False,
Repeats,1,
Dwell Time,0.20,
Lamp,Xe,
Temp,28.150,
Scan Polariser,None,
Scan Slit,0.1980,
Fixed/Offset Polariser,None,
Fixed/Offset Slit,2.5020,
Detector,Red PMT,

465.00,1.59788074E+3,
465.100,1.53827930E+3,
465.200,1.57315100E+3,
465.300,1.52524792E+3,
465.400,1.56111145E+3,
465.500,1.53841089E+3,
465.600,1.50951025E+3,
465.700,1.53382361E+3,
465.800,1.60908850E+3,
465.900,1.49705469E+3,
466.00,1.57116260E+3,
466.100,1.55202502E+3,
466.200,1.60029932E+3,
466.300,1.65366528E+3,
466.400,1.63245081E+3,
466.500,1.68982996E+3,
466.600,1.74710730E+3,
466.700,1.75373462E+3,
466.800,1.91083154E+3,
466.900,1.90186121E+3,
467.00,2.02459424E+3,
467.100,2.21722705E+3,
467.200,2.30992627E+3,
467.300,2.22288745E+3,
467.400,2.24571582E+3,
467.500,2.22240552E+3,
467.600,2.05478198E+3,
467.700,1.99995911E+3,
467.800,2.00758301E+3,
467.900,1.88344006E+3,
468.00,1.89319385E+3,
468.100,1.76749951E+3,
468.200,1.68478430E+3,
468.300,1.65922229E+3,
468.400,1.66728735E+3,
468.500,1.66619080E+3,
468.600,1.55734583E+3,
468.700,1.52788501E+3,
468.800,1.48628381E+3,
468.900,1.41937537E+3,
469.00,1.45597485E+3,
469.100,1.46231226E+3,
469.200,1.38559106E+3,
469.300,1.41322266E+3,
469.400,1.41452075E+3,
469.500,1.36930005E+3,
469.600,1.43329260E+3,
469.700,1.34164075E+3,
469.800,1.33086548E+3,
469.900,1.42506506E+3,
470.00,1.30632690E+3,
470.100,1.36631128E+3,
470.200,1.35367761E+3,
470.300,1.26548962E+3,
470.400,1.32643176E+3,
470.500,1.30175293E+3,
470.600,1.21973108E+3,
470.700,1.24843347E+3,
470.800,1.29622205E+3,
470.900,1.27562024E+3,
471.00,1.20579932E+3,
471.100,1.22658264E+3,
471.200,1.24534766E+3,
471.300,1.15365857E+3,
471.400,1.23567395E+3,
471.500,1.15407141E+3,
471.600,1.16882678E+3,
471.700,1.15448792E+3,
471.800,1.18427966E+3,
471.900,1.15992065E+3,
472.00,1.20673645E+3,
472.100,1.21257397E+3,
472.200,1.12021655E+3,
472.300,1.14109363E+3,
472.400,1.14293335E+3,
472.500,1.12774658E+3,
472.600,1.10755774E+3,
472.700,1.05833850E+3,
472.800,1.18232800E+3,
472.900,1.24322131E+3,
473.00,1.32411450E+3,
473.100,1.29899402E+3,
473.200,1.36694165E+3,
473.300,1.48591077E+3,
473.400,1.39374841E+3,
473.500,1.53971057E+3,
473.600,1.39954053E+3,
473.700,1.33641565E+3,
473.800,1.28030249E+3,
473.900,1.19219275E+3,
474.00,1.19210413E+3,
474.100,1.17809241E+3,
474.200,1.16008081E+3,
474.300,1.18007190E+3,
474.400,1.15306006E+3,
474.500,1.10104761E+3,
474.600,1.08903772E+3,
474.700,1.12002893E+3,
474.800,1.09201880E+3,
474.900,1.06600928E+3,
475.00,1.04400000E+3,
475.100,1.05605457E+3,
475.200,1.12511597E+3,
475.300,1.00415503E+3,
475.400,1.09022388E+3,
475.500,1.06727368E+3,
475.600,1.11334204E+3,
475.700,1.01036157E+3,
475.800,1.11245422E+3,
475.900,1.08949963E+3,
476.00,1.06654260E+3,
476.100,9.98600403E+2,
476.200,1.10976953E+3,
476.300,1.05182581E+3,
476.400,1.10396790E+3,
476.500,1.01998730E+3,
476.600,1.10116602E+3,
476.700,1.05621423E+3,
476.800,1.01125391E+3,
476.900,1.07543042E+3,
477.00,9.83396240E+2,
477.100,1.10973901E+3,
477.200,1.07083508E+3,
477.300,1.00587085E+3,
477.400,1.10521655E+3,
477.500,1.16149829E+3,
477.600,1.06845264E+3,
477.700,1.10068555E+3,
477.800,1.14896863E+3,
477.900,1.12005444E+3,
478.00,1.09614587E+3,
478.100,1.13651282E+3,
478.200,1.08358777E+3,
478.300,1.04468811E+3,
478.400,1.14930896E+3,
478.500,1.08530554E+3,
478.600,1.09558447E+3,
478.700,1.17115442E+3,
478.800,1.11615320E+3,
478.900,1.16764233E+3,
479.00,1.11965063E+3,
479.100,1.11896472E+3,
479.200,1.08911365E+3,
479.300,1.14173083E+3,
479.400,1.13199158E+3,
479.500,1.11016785E+3,
479.600,1.12658838E+3,
479.700,1.10575598E+3,
479.800,1.10102795E+3,
479.900,1.09327393E+3,
480.00,1.13590979E+3,
480.100,1.09289807E+3,
480.200,1.13457422E+3,
480.300,1.19140637E+3,
480.400,1.13726880E+3,
480.500,1.20624658E+3,
480.600,1.20660364E+3,
480.700,1.23625000E+3,
480.800,1.23762402E+3,
480.900,1.22788110E+3,
481.00,1.24239307E+3,
481.100,1.24577429E+3,
481.200,1.27343140E+3,
481.300,1.29199695E+3,
481.400,1.30551172E+3,
481.500,1.22185156E+3,
481.600,1.21813806E+3,
481.700,1.23974316E+3,
481.800,1.22488586E+3,
481.900,1.25460986E+3,
482.00,1.19919885E+3,
482.100,1.22085620E+3,
482.200,1.25063989E+3,
482.300,1.23884119E+3,
482.400,1.18136292E+3,
482.500,1.22740173E+3,
482.600,1.21355115E+3,
482.700,1.17937439E+3,
482.800,1.20715991E+3,
482.900,1.29493030E+3,
483.00,1.21804138E+3,
483.100,1.22458875E+3,
483.200,1.26166370E+3,
483.300,1.17865894E+3,
483.400,1.24832397E+3,
483.500,1.14488000E+3,
483.600,1.16159546E+3,
483.700,1.14162646E+3,
483.800,1.17670410E+3,
483.900,1.15060327E+3,
484.00,1.17958447E+3,
484.100,1.19027686E+3,
484.200,1.13153210E+3,
484.300,1.13505859E+3,
484.400,1.24488232E+3,
484.500,1.13904907E+3,
484.600,1.10370886E+3,
484.700,1.08573474E+3,
484.800,1.10050378E+3,
484.900,1.11528357E+3,
485.00,1.16798193E+3,
485.100,1.13673279E+3,
485.200,1.11878503E+3,
485.300,1.07619690E+3,
485.400,1.16084119E+3,
485.500,1.14287524E+3,
485.600,1.14646497E+3,
485.700,1.11100171E+3,
485.800,1.13205652E+3,
485.900,1.15724365E+3,
486.00,1.14128650E+3,
486.100,1.14283911E+3,
486.200,1.25151685E+3,
486.300,1.19437744E+3,
486.400,1.16708362E+3,
486.500,1.20990234E+3,
486.600,1.16401270E+3,
486.700,1.27913306E+3,
486.800,1.28280664E+3,
486.900,1.28028186E+3,
487.00,1.29636133E+3,
487.100,1.28033337E+3,
487.200,1.36568274E+3,
487.300,1.33517578E+3,
487.400,1.44753271E+3,
487.500,1.57655054E+3,
487.600,1.60411572E+3,
487.700,1.77372351E+3,
487.800,1.86671875E+3,
487.900,1.98572253E+3,
488.00,2.01555945E+3,
488.100,2.24159546E+3,
488.200,2.41066919E+3,
488.300,2.49570239E+3,
488.400,2.54649536E+3,
488.500,2.63371387E+3,
488.600,2.73035303E+3,
488.700,2.48369116E+3,
488.800,2.41692188E+3,
488.900,2.43756787E+3,
489.00,2.21448633E+3,
489.100,1.99346167E+3,
489.200,2.10271997E+3,
489.300,1.99305054E+3,
489.400,1.99075439E+3,
489.500,1.91643103E+3,
489.600,1.94542322E+3,
489.700,1.95981165E+3,
489.800,1.96271313E+3,
489.900,2.07853296E+3,
490.00,2.23314697E+3,
490.100,2.11394922E+3,
490.200,2.38412769E+3,
490.300,2.56029639E+3,
490.400,2.57732788E+3,
490.500,2.63736768E+3,
490.600,2.89681152E+3,
490.700,3.14286719E+3,
490.800,3.09719702E+3,
490.900,3.17546875E+3,
491.00,3.34843311E+3,
491.100,3.26090625E+3,
491.200,3.43639868E+3,
491.300,3.42147314E+3,
491.400,3.63622681E+3,
491.500,3.71626831E+3,
491.600,3.80272241E+3,
491.700,3.93042847E+3,
491.800,3.95477808E+3,
491.900,3.91469653E+3,
492.00,3.97605420E+3,
492.100,3.65245752E+3,
492.200,3.69045215E+3,
492.300,3.44363013E+3,
492.400,3.28870947E+3,
492.500,3.12089307E+3,
492.600,3.22972192E+3,
492.700,3.05955713E+3,
492.800,3.00175464E+3,
492.900,2.93219873E+3,
493.00,3.01669312E+3,
493.100,2.90979175E+3,
493.200,2.97196289E+3,
493.300,2.87130469E+3,
493.400,2.81314551E+3,
493.500,2.88707227E+3,
493.600,2.75314600E+3,
493.700,2.71295850E+3,
493.800,2.65991602E+3,
493.900,2.67195972E+3,
494.00,2.63806689E+3,
494.100,2.56243188E+3,
494.200,2.54875073E+3,
494.300,2.63028955E+3,
494.400,2.60805566E+3,
494.500,2.57401318E+3,
494.600,2.63531396E+3,
494.700,2.67737207E+3,
494.800,2.72375830E+3,
494.900,2.73262183E+3,
495.00,2.68887231E+3,
495.100,2.73110010E+3,
495.200,2.72821997E+3,
495.300,2.78340894E+3,
495.400,2.86447705E+3,
495.500,2.76044653E+3,
495.600,2.92882910E+3,
495.700,2.83010425E+3,
495.800,2.74960449E+3,
495.900,2.85889160E+3,
496.00,2.80098315E+3,
496.100,2.68918384E+3,
496.200,2.66262061E+3,
496.300,2.82199170E+3,
496.400,2.65374390E+3,
496.500,2.51344482E+3,
496.600,2.58526245E+3,
496.700,2.50652661E+3,
496.800,2.55455762E+3,
496.900,2.52669775E+3,
497.00,2.50748633E+3,
497.100,2.47968262E+3,
497.200,2.52683081E+3,
497.300,2.43592236E+3,
497.400,2.37319189E+3,
497.500,2.45083447E+3,
497.600,2.33246777E+3,
497.700,2.41235034E+3,
497.800,2.40506470E+3,
497.900,2.39667603E+3,
498.00,2.42431006E+3,
498.100,2.28373218E+3,
498.200,2.39445215E+3,
498.300,2.34885620E+3,
498.400,2.40391235E+3,
498.500,2.39769165E+3,
498.600,2.36844385E+3,
498.700,2.47514136E+3,
498.800,2.29885645E+3,
498.900,2.28156201E+3,
499.00,2.34114600E+3,
499.100,2.23922632E+3,
499.200,2.26147339E+3,
499.300,2.24522095E+3,
499.400,2.20361743E+3,
499.500,2.14983911E+3,
499.600,2.13899316E+3,
499.700,2.09613672E+3,
499.800,1.98257642E+3,
499.900,1.95503284E+3,
500.00,1.92634814E+3,
500.100,2.07126733E+3,
500.200,2.01275781E+3,
500.300,1.79916821E+3,
500.400,1.94869348E+3,
500.500,1.96869861E+3,
500.600,1.85784338E+3,
500.700,1.86227454E+3,
500.800,1.77897949E+3,
500.900,1.87780884E+3,
501.00,1.83777869E+3,
501.100,1.77210583E+3,
501.200,1.83992346E+3,
501.300,1.89556470E+3,
501.400,1.77408301E+3,
501.500,1.78403003E+3,
501.600,1.75493677E+3,
501.700,1.80059998E+3,
501.800,1.68658887E+3,
501.900,1.75908118E+3,
502.00,1.74219617E+3,
502.100,1.65145020E+3,
502.200,1.70389490E+3,
502.300,1.70262915E+3,
502.400,1.61393774E+3,
502.500,1.67653552E+3,
502.600,1.62475134E+3,
502.700,1.66608972E+3,
502.800,1.62097485E+3,
502.900,1.58704688E+3,
503.00,1.68353210E+3,
503.100,1.61589343E+3,
503.200,1.68103247E+3,
503.300,1.66512988E+3,
503.400,1.62553333E+3,
503.500,1.58588708E+3,
503.600,1.62180811E+3,
503.700,1.63631274E+3,
503.800,1.69150891E+3,
503.900,1.60544250E+3,
504.00,1.60298657E+3,
504.100,1.64471118E+3,
504.200,1.73405432E+3,
504.300,1.78043652E+3,
504.400,1.82120190E+3,
504.500,1.81776111E+3,
504.600,1.85178015E+3,
504.700,1.85061951E+3,
504.800,1.91879395E+3,
504.900,1.85738306E+3,
505.00,1.90287585E+3,
505.100,2.00651038E+3,
505.200,2.00315759E+3,
505.300,2.00891809E+3,
505.400,2.06031494E+3,
505.500,2.05469531E+3,
505.600,2.07076660E+3,
505.700,2.20228223E+3,
505.800,2.09723828E+3,
505.900,2.22548535E+3,
506.00,2.33441797E+3,
506.100,2.26827808E+3,
506.200,2.52416406E+3,
506.300,2.54292969E+3,
506.400,2.74535010E+3,
506.500,2.70684619E+3,
506.600,2.92454688E+3,
506.700,3.01027881E+3,
506.800,3.09725977E+3,
506.900,3.30982837E+3,
507.00,3.34064355E+3,
507.100,3.49041138E+3,
507.200,3.43851367E+3,
507.300,3.48811255E+3,
507.400,3.51813672E+3,
507.500,3.30432861E+3,
507.600,3.18044067E+3,
507.700,3.08415991E+3,
507.800,3.04912134E+3,
507.900,2.82283105E+3,
508.00,2.75278027E+3,
508.100,2.59454492E+3,
508.200,2.54175146E+3,
508.300,2.41451514E+3,
508.400,2.38825928E+3,
508.500,2.39105200E+3,
508.600,2.29254736E+3,
508.700,2.10069604E+3,
508.800,2.12776831E+3,
508.900,2.11520703E+3,
509.00,1.93801099E+3,
509.100,1.95797876E+3,
509.200,1.86925134E+3,
509.300,1.86462695E+3,
509.400,1.82370740E+3,
509.500,1.83544019E+3,
509.600,1.91164856E+3,
509.700,1.77801550E+3,
509.800,1.79090430E+3,
509.900,1.91302246E+3,
510.00,1.93423535E+3,
510.100,2.00949194E+3,
510.200,2.01424414E+3,
510.300,2.01311206E+3,
510.400,1.96839063E+3,
510.500,1.90711035E+3,
510.600,2.02738000E+3,
510.700,1.97549548E+3,
510.800,1.92236438E+3,
510.900,1.93769446E+3,
511.00,1.74851514E+3,
511.100,1.64547668E+3,
511.200,1.71630835E+3,
511.300,1.60719739E+3,
511.400,1.49202710E+3,
511.500,1.54272815E+3,
511.600,1.45466553E+3,
511.700,1.42110706E+3,
511.800,1.46234521E+3,
511.900,1.40021948E+3,
512.00,1.34277454E+3,
512.100,1.25675452E+3,
512.200,1.23731213E+3,
512.300,1.23809937E+3,
512.400,1.29492859E+3,
512.500,1.25279614E+3,
512.600,1.21299585E+3,
512.700,1.25557495E+3,
512.800,1.27668750E+3,
512.900,1.22246777E+3,
513.00,1.25794458E+3,
513.100,1.22166272E+3,
513.200,1.13499329E+3,
513.300,1.26408142E+3,
513.400,1.17011914E+3,
513.500,1.21653552E+3,
513.600,1.12000684E+3,
513.700,1.15442383E+3,
513.800,1.11668372E+3,
513.900,1.11983276E+3,
514.00,1.14226184E+3,
514.100,1.07673547E+3,
514.200,1.12936255E+3,
514.300,1.15911829E+3,
514.400,1.09587927E+3,
514.500,1.12806677E+3,
514.600,1.16513623E+3,
514.700,1.10176465E+3,
514.800,1.11826624E+3,
514.900,1.10690442E+3,
515.00,1.04578296E+3,
515.100,1.19945898E+3,
515.200,1.10794263E+3,
515.300,1.10504333E+3,
515.400,1.13376819E+3,
515.500,1.09922839E+3,
515.600,1.08047595E+3,
515.700,1.16408826E+3,
515.800,1.10875757E+3,
515.900,1.15832068E+3,
516.00,1.09802258E+3,
516.100,1.07309216E+3,
516.200,1.12884680E+3,
516.300,1.12348096E+3,
516.400,1.13525232E+3,
516.500,1.12497778E+3,
516.600,1.10242480E+3,
516.700,1.09824756E+3,
516.800,1.08423840E+3,
516.900,1.06160901E+3,
517.00,1.16189929E+3,
517.100,1.13439514E+3,
517.200,1.05514185E+3,
517.300,1.22341797E+3,
517.400,1.00849658E+3,
517.500,1.03015369E+3,
517.600,1.11480042E+3,
517.700,1.10196545E+3,
517.800,1.13855872E+3,
517.900,1.06015466E+3,
518.00,1.08191064E+3,
518.100,1.08389600E+3,
518.200,1.11439392E+3,
518.300,1.15733496E+3,
518.400,1.10475427E+3,
518.500,1.02849780E+3,
518.600,1.08140649E+3,
518.700,1.12692358E+3,
518.800,1.04056226E+3,
518.900,1.07988196E+3,
519.00,1.20400635E+3,
519.100,1.12628076E+3,
519.200,1.06342175E+3,
519.300,1.12412512E+3,
519.400,1.16741394E+3,
519.500,1.04565686E+3,
519.600,1.10396643E+3,
519.700,1.12979053E+3,
519.800,1.09297729E+3,
519.900,1.10628284E+3,
520.00,1.12713538E+3,
520.100,1.07645154E+3,
520.200,1.08979919E+3,
520.300,1.17989404E+3,
520.400,1.22228369E+3,
520.500,1.21056409E+3,
520.600,1.10175952E+3,
520.700,1.17066931E+3,
520.800,1.08818652E+3,
520.900,1.09906885E+3,
521.00,1.20730713E+3,
521.100,1.16767151E+3,
521.200,1.12797913E+3,
521.300,1.11483203E+3,
521.400,1.11434302E+3,
521.500,1.10623840E+3,
521.600,1.09304272E+3,
521.700,1.14588745E+3,
521.800,1.10472900E+3,
521.900,1.10294910E+3,
522.00,1.10116370E+3,
522.100,1.09937500E+3,
522.200,1.17789380E+3,
522.300,1.11109277E+3,
522.400,1.07866565E+3,
522.500,1.06152002E+3,
522.600,1.10187134E+3,
522.700,1.08855261E+3,
522.800,1.08161292E+3,
522.900,1.06185425E+3,
523.00,1.09718103E+3,
523.100,1.13259802E+3,
523.200,1.18731812E+3,
523.300,1.12265466E+3,
523.400,9.88485352E+2,
523.500,1.06508057E+3,
523.600,9.91175354E+2,
523.700,1.07818359E+3,
523.800,1.10472595E+3,
523.900,1.10034546E+3,
524.00,1.05335706E+3,
524.100,1.12257727E+3,
524.200,1.09494092E+3,
524.300,1.11512708E+3,
524.400,1.06931787E+3,
524.500,1.10117017E+3,
524.600,1.09417322E+3,
524.700,1.16370813E+3,
524.800,1.07235522E+3,
524.900,1.16015747E+3,
525.00,1.09467078E+3,
525.100,1.12403845E+3,
525.200,1.11048401E+3,
525.300,1.22718237E+3,
525.400,1.10286731E+3,
525.500,1.08143701E+3,
525.600,1.07172437E+3,
525.700,1.11686121E+3,
525.800,1.10715564E+3,
525.900,1.10266821E+3,
526.00,1.09293640E+3,
526.100,1.08845959E+3,
526.200,1.09708289E+3,
526.300,1.13194812E+3,
526.400,1.12879675E+3,
526.500,1.18211719E+3,
526.600,1.14744629E+3,
526.700,1.15086951E+3,
526.800,1.29249414E+3,
526.900,1.19328491E+3,
527.00,1.16642590E+3,
527.100,1.18445825E+3,
527.200,1.19063721E+3,
527.300,1.26947644E+3,
527.400,1.18582861E+3,
527.500,1.24625708E+3,
527.600,1.24189893E+3,
527.700,1.20440857E+3,
527.800,1.25967664E+3,
527.900,1.24469727E+3,
528.00,1.44083765E+3,
528.100,1.31038416E+3,
528.200,1.35395984E+3,
528.300,1.36831604E+3,
528.400,1.47327405E+3,
528.500,1.39708813E+3,
528.600,1.42084143E+3,
528.700,1.29375842E+3,
528.800,1.37625549E+3,
528.900,1.37864600E+3,
529.00,1.47738745E+3,
529.100,1.38876160E+3,
529.200,1.38309546E+3,
529.300,1.38009900E+3,
529.400,1.39857239E+3,
529.500,1.34990942E+3,
529.600,1.41677222E+3,
529.700,1.38149878E+3,
529.800,1.33270776E+3,
529.900,1.28384375E+3,
530.00,1.38859351E+3,
530.100,1.36800903E+3,
530.200,1.42029907E+3,
530.300,1.34701123E+3,
530.400,1.23846423E+3,
530.500,1.32864978E+3,
530.600,1.32959961E+3,
530.700,1.26144800E+3,
530.800,1.39251355E+3,
530.900,1.25646155E+3,
531.00,1.23834412E+3,
531.100,1.23923865E+3,
531.200,1.27548779E+3,
531.300,1.33083691E+3,
531.400,1.30047437E+3,
531.500,1.28641724E+3,
531.600,1.32552197E+3,
531.700,1.30600061E+3,
531.800,1.29873865E+3,
531.900,1.38849585E+3,
532.00,1.33614697E+3,
532.100,1.27966064E+3,
532.200,1.36279260E+3,
532.300,1.39258850E+3,
532.400,1.32503882E+3,
532.500,1.23404968E+3,
532.600,1.28029370E+3,
532.700,1.23587378E+3,
532.800,1.36335156E+3,
532.900,1.35471802E+3,
533.00,1.29371338E+3,
533.100,1.24506482E+3,
533.200,1.34398608E+3,
533.300,1.34915210E+3,
533.400,1.26311548E+3,
533.500,1.30279871E+3,
533.600,1.32593079E+3,
533.700,1.29646252E+3,
533.800,1.27803540E+3,
533.900,1.23322253E+3,
534.00,1.25358643E+3,
534.100,1.27815881E+3,
534.200,1.27357043E+3,
534.300,1.26897131E+3,
534.400,1.28525110E+3,
534.500,1.13014856E+3,
534.600,1.24535718E+3,
534.700,1.22396704E+3,
534.800,1.24723523E+3,
534.900,1.17688916E+3,
535.00,1.22253308E+3,
535.100,1.25703638E+3,
535.200,1.27197778E+3,
535.300,1.25048877E+3,
535.400,1.29069592E+3,
535.500,1.27199231E+3,
535.600,1.29540881E+3,
535.700,1.34135535E+3,
535.800,1.15801428E+3,
535.900,1.19829065E+3,
536.00,1.29780566E+3,
536.100,1.30440601E+3,
536.200,1.36464136E+3,
536.300,1.34728784E+3,
536.400,1.32849463E+3,
536.500,1.31532703E+3,
536.600,1.33186072E+3,
536.700,1.34841772E+3,
536.800,1.29270581E+3,
536.900,1.40570996E+3,
537.00,1.34711462E+3,
537.100,1.34813306E+3,
537.200,1.38753674E+3,
537.300,1.28472339E+3,
537.400,1.46793762E+3,
537.500,1.36075037E+3,
537.600,1.39884497E+3,
537.700,1.34424048E+3,
537.800,1.44521045E+3,
537.900,1.38769580E+3,
538.00,1.28146423E+3,
538.100,1.32393115E+3,
538.200,1.29627576E+3,
538.300,1.33881287E+3,
538.400,1.31112256E+3,
538.500,1.34368054E+3,
538.600,1.30732678E+3,
538.700,1.27523108E+3,
538.800,1.22869666E+3,
538.900,1.31887524E+3,
539.00,1.23627783E+3,
539.100,1.11463562E+3,
539.200,1.20926660E+3,
539.300,1.14807092E+3,
539.400,1.23708301E+3,
539.500,1.25535742E+3,
539.600,1.20273730E+3,
539.700,1.24273621E+3,
539.800,1.30163440E+3,
539.900,1.25617871E+3,
540.00,1.24839490E+3,
540.100,1.24500317E+3,
540.200,1.26195984E+3,
540.300,1.23092383E+3,
540.400,1.17071704E+3,
540.500,1.21824915E+3,
540.600,1.21481006E+3,
540.700,1.18801294E+3,
540.800,1.24880701E+3,
540.900,1.13867310E+3,
541.00,1.13515381E+3,
541.100,1.16092542E+3,
541.200,1.13838770E+3,
541.300,1.22724622E+3,
541.400,1.19591663E+3,
541.500,1.22474414E+3,
541.600,1.19335828E+3,
541.700,1.23546240E+3,
541.800,1.17753723E+3,
541.900,1.26388147E+3,
542.00,1.26337805E+3,
542.100,1.21418762E+3,
542.200,1.27122546E+3,
542.300,1.17172327E+3,
542.400,1.15191833E+3,
542.500,1.24454822E+3,
542.600,1.22624402E+3,
542.700,1.27460559E+3,
542.800,1.23701025E+3,
542.900,1.19935706E+3,
543.00,1.25374255E+3,
543.100,1.27996497E+3,
543.200,1.22588892E+3,
543.300,1.26999194E+3,
543.400,1.15622290E+3,
543.500,1.23164880E+3,
543.600,1.16840967E+3,
543.700,1.19019495E+3,
543.800,1.20304272E+3,
543.900,1.11271375E+3,
544.00,1.18239368E+3,
544.100,1.19375488E+3,
544.200,1.15866516E+3,
544.300,1.15502161E+3,
544.400,1.10333484E+3,
544.500,1.19728650E+3,
544.600,1.16058325E+3,
544.700,1.18400330E+3,
544.800,1.13970471E+3,
544.900,1.20833972E+3,
545.00,1.18962183E+3,
545.100,1.10149023E+3,
545.200,1.22915833E+3,
545.300,1.14243115E+3,
545.400,1.25216980E+3,
545.500,1.19710754E+3,
545.600,1.31158960E+3,
545.700,1.11249805E+3,
545.800,1.16792847E+3,
545.900,1.23102954E+3,
546.00,1.26232141E+3,
546.100,1.17210828E+3,
546.200,1.18520984E+3,
546.300,1.21355542E+3,
546.400,1.14441772E+3,
546.500,1.24139929E+3,
546.600,1.12485461E+3,
546.700,1.24793750E+3,
546.800,1.12968164E+3,
546.900,1.23306958E+3,
547.00,1.21566199E+3,
547.100,1.15383923E+3,
547.200,1.26674231E+3,
547.300,1.25243518E+3,
547.400,1.12903992E+3,
547.500,1.21913293E+3,
547.600,1.26167371E+3,
547.700,1.31352258E+3,
547.800,1.10037598E+3,
547.900,1.16605481E+3,
548.00,1.23029358E+3,
548.100,1.19576416E+3,
548.200,1.25858643E+3,
548.300,1.19461780E+3,
548.400,1.33806909E+3,
548.500,1.27095654E+3,
548.600,1.27043445E+3,
548.700,1.26991077E+3,
548.800,1.17615967E+3,
548.900,1.28440210E+3,
549.00,1.35546606E+3,
549.100,1.28178479E+3,
549.200,1.22357288E+3,
549.300,1.26042029E+3,
549.400,1.24268445E+3,
549.500,1.26241455E+3,
549.600,1.29780981E+3,
549.700,1.26597131E+3,
549.800,1.21058740E+3,
549.900,1.38080981E+3,
550.00,1.19366650E+3,
550.100,1.30919312E+3,
550.200,1.36363049E+3,
550.300,1.38670459E+3,
550.400,1.44285596E+3,
550.500,1.41090906E+3,
550.600,1.39466931E+3,
550.700,1.36736328E+3,
550.800,1.42524146E+3,
550.900,1.51479932E+3,
551.00,1.40689417E+3,
551.100,1.43962329E+3,
551.200,1.36474268E+3,
551.300,1.41332971E+3,
551.400,1.25109607E+3,
551.500,1.34409900E+3,
551.600,1.28478357E+3,
551.700,1.35729065E+3,
551.800,1.28675598E+3,
551.900,1.36096326E+3,
552.00,1.28235388E+3,
552.100,1.26742590E+3,
552.200,1.19343933E+3,
552.300,1.30934827E+3,
552.400,1.22089136E+3,
552.500,1.26183374E+3,
552.600,1.15238782E+3,
552.700,1.15329260E+3,
552.800,1.14297461E+3,
552.900,1.31713464E+3,
553.00,1.15279065E+3,
553.100,1.25175525E+3,
553.200,1.13699170E+3,
553.300,1.11377917E+3,
553.400,1.19845227E+3,
553.500,1.15267773E+3,
553.600,1.12941431E+3,
553.700,1.21268689E+3,
553.800,1.11993958E+3,
553.900,1.13540527E+3,
554.00,1.13956189E+3,
554.100,1.14859253E+3,
554.200,1.15439429E+3,
554.300,1.23159961E+3,
554.400,1.12541956E+3,
554.500,1.17184192E+3,
554.600,1.08820801E+3,
554.700,1.06141541E+3,
554.800,1.13884875E+3,
554.900,1.09248291E+3,
555.00,1.17495837E+3,
555.100,1.13343713E+3,
555.200,1.20136011E+3,
555.300,1.15978918E+3,
555.400,1.17545020E+3,
555.500,1.11904236E+3,
555.600,1.18060315E+3,
555.700,1.12410657E+3,
555.800,1.21204248E+3,
555.900,1.24423340E+3,
556.00,1.13829736E+3,
556.100,1.21658472E+3,
556.200,1.17472375E+3,
556.300,1.11465430E+3,
556.400,1.17825403E+3,
556.500,1.27167981E+3,
556.600,1.21484338E+3,
556.700,1.31671521E+3,
556.800,1.26644153E+3,
556.900,1.19951892E+3,
557.00,1.21705054E+3,
557.100,1.28606616E+3,
557.200,1.14925586E+3,
557.300,1.24824158E+3,
557.400,1.25922278E+3,
557.500,1.22360498E+3,
557.600,1.26956677E+3,
557.700,1.36895886E+3,
557.800,1.26491724E+3,
557.900,1.26926465E+3,
558.00,1.34214331E+3,
558.100,1.35327527E+3,
558.200,1.31252612E+3,
558.300,1.32532288E+3,
558.400,1.28783362E+3,
558.500,1.35768628E+3,
558.600,1.25465247E+3,
558.700,1.39855017E+3,
558.800,1.34752917E+3,
558.900,1.33683289E+3,
559.00,1.35307593E+3,
559.100,1.32553052E+3,
559.200,1.31312866E+3,
559.300,1.27367505E+3,
559.400,1.29501758E+3,
559.500,1.32992786E+3,
559.600,1.40384216E+3,
559.700,1.27449963E+3,
559.800,1.30777612E+3,
559.900,1.30375952E+3,
560.00,1.33880957E+3,
560.100,1.34331018E+3,
560.200,1.36313330E+3,
560.300,1.35062439E+3,
560.400,1.32104846E+3,
560.500,1.35624731E+3,
560.600,1.38808655E+3,
560.700,1.29865503E+3,
560.800,1.36469763E+3,
560.900,1.34013513E+3,
561.00,1.38918481E+3,
561.100,1.40744226E+3,
561.200,1.37768909E+3,
561.300,1.35818665E+3,
561.400,1.40738879E+3,
561.500,1.36207739E+3,
561.600,1.44233655E+3,
561.700,1.46415613E+3,
561.800,1.36360938E+3,
561.900,1.51134143E+3,
562.00,1.54707227E+3,
562.100,1.50338086E+3,
562.200,1.51150049E+3,
562.300,1.38462793E+3,
562.400,1.42383948E+3,
562.500,1.36949890E+3,
562.600,1.39834534E+3,
562.700,1.25187073E+3,
562.800,1.36581128E+3,
562.900,1.32515601E+3,
563.00,1.24092249E+3,
563.100,1.24719556E+3,
563.200,1.27962878E+3,
563.300,1.21963721E+3,
563.400,1.19970825E+3,
563.500,1.26363538E+3,
563.600,1.26819360E+3,
563.700,1.14845898E+3,
563.800,1.17570227E+3,
563.900,1.11881604E+3,
564.00,1.16889233E+3,
564.100,1.10669958E+3,
564.200,1.10944958E+3,
564.300,1.12451965E+3,
564.400,1.12376379E+3,
564.500,1.07187708E+3,
564.600,1.00930872E+3,
564.700,9.76651917E+2,
564.800,1.04292334E+3,
564.900,1.03677307E+3,
565.00,9.84567932E+2,
565.100,9.67697693E+2,
565.200,9.43702026E+2,
565.300,9.07234314E+2,
565.400,9.82650269E+2,
565.500,9.69269836E+2,
565.600,8.90004456E+2,
565.700,9.35309448E+2,
565.800,8.89753235E+2,
565.900,9.63686462E+2,
566.00,9.09142334E+2,
566.100,9.42041748E+2,
566.200,1.00182745E+3,
566.300,9.63233887E+2,
566.400,9.89083496E+2,
566.500,9.55795044E+2,
566.600,9.17068237E+2,
566.700,9.46530334E+2,
566.800,8.95149414E+2,
566.900,9.24637695E+2,
567.00,9.68572693E+2,
567.100,9.99961975E+2,
567.200,8.96163818E+2,
567.300,8.73405884E+2,
567.400,1.07093982E+3,
567.500,9.30800171E+2,
567.600,8.62791809E+2,
567.700,9.10529297E+2,
567.800,9.96382629E+2,
567.900,9.44579895E+2,
568.00,9.65270935E+2,
568.100,9.84231750E+2,
568.200,9.52335083E+2,
568.300,9.53123779E+2,
568.400,9.70297119E+2,
568.500,9.72920715E+2,
568.600,9.73723633E+2,
568.700,1.03110071E+3,
568.800,9.69849792E+2,
568.900,9.96239624E+2,
569.00,9.84251404E+2,
569.100,1.03636121E+3,
569.200,1.02808398E+3,
569.300,9.88609131E+2,
569.400,9.61915894E+2,
569.500,9.81106873E+2,
569.600,9.41485962E+2,
569.700,9.42285583E+2,
569.800,9.72555420E+2,
569.900,1.01762396E+3,
570.00,9.63131958E+2,
570.100,9.89763672E+2,
570.200,1.02567810E+3,
570.300,9.19231812E+2,
570.400,9.55144165E+2,
570.500,1.08188647E+3,
570.600,9.51120483E+2,
570.700,9.92706787E+2,
570.800,9.54506409E+2,
570.900,9.34828674E+2,
571.00,9.39297058E+2,
571.100,9.64210938E+2,
571.200,9.07197327E+2,
571.300,9.24664734E+2,
571.400,9.79471252E+2,
571.500,9.29802368E+2,
571.600,1.02019336E+3,
571.700,9.18120728E+2,
571.800,9.43140930E+2,
571.900,9.79434448E+2,
572.00,9.89542664E+2,
572.100,9.45304749E+2,
572.200,9.70448853E+2,
572.300,9.93751404E+2,
572.400,1.03212964E+3,
572.500,1.06680249E+3,
572.600,9.99848572E+2,
572.700,9.91206421E+2,
572.800,9.76890503E+2,
572.900,1.07956787E+3,
573.00,1.03318555E+3,
573.100,1.07562231E+3,
573.200,1.05758643E+3,
573.300,9.77033508E+2,
573.400,9.19088074E+2,
573.500,9.61564148E+2,
573.600,9.54756775E+2,
573.700,1.01632568E+3,
573.800,1.09700476E+3,
573.900,1.07887073E+3,
574.00,1.00357465E+3,
574.100,1.12255859E+3,
574.200,1.02047467E+3,
574.300,9.60219055E+2,
574.400,1.02213916E+3,
574.500,1.02105823E+3,
574.600,1.02571484E+3,
574.700,9.67176697E+2,
574.800,1.05229761E+3,
574.900,1.02053900E+3,
575.00,9.08092468E+2,
575.100,1.01835254E+3,
575.200,1.01341211E+3,
575.300,1.00846130E+3,
575.400,1.04394983E+3,
575.500,9.34918457E+2,
575.600,9.56896240E+2,
575.700,9.65393494E+2,
575.800,9.19796326E+2,
575.900,8.85728210E+2,
576.00,8.65151306E+2,
576.100,9.33658325E+2,
576.200,9.09222412E+2,
576.300,9.09967285E+2,
576.400,9.65083191E+2,
576.500,8.90079041E+2,
576.600,8.20785706E+2,
576.700,8.40921265E+2,
576.800,8.96154602E+2,
576.900,8.96884216E+2,
577.00,9.62006836E+2,
577.100,9.08091675E+2,
577.200,9.47903198E+2,
577.300,9.25184082E+2,
577.400,8.02593384E+2,
577.500,9.28611267E+2,
577.600,8.54841553E+2,
577.700,9.41854431E+2,
577.800,9.34743042E+2,
577.900,8.88313721E+2,
578.00,8.77212402E+2,
578.100,9.03464539E+2,
578.200,8.66721680E+2,
578.300,9.36371887E+2,
578.400,8.58166992E+2,
578.500,9.04221924E+2,
578.600,8.85144470E+2,
578.700,8.77901306E+2,
578.800,9.43858643E+2,
578.900,8.95061218E+2,
579.00,9.17530090E+2,
579.100,8.48807007E+2,
579.200,8.95091736E+2,
579.300,9.01720581E+2,
579.400,8.94444885E+2,
579.500,8.85167358E+2,
579.600,8.20137207E+2,
579.700,9.70157104E+2,
579.800,8.97116211E+2,
579.900,8.69852722E+2,
580.00,9.12426331E+2,
580.100,8.15220337E+2,
580.200,8.51839050E+2,
580.300,8.56493652E+2,
580.400,8.55146851E+2,
580.500,7.91665039E+2,
580.600,8.76510376E+2,
580.700,8.63128296E+2,
580.800,9.40119751E+2,
580.900,8.00112061E+2,
581.00,9.27466736E+2,
581.100,8.67795654E+2,
581.200,9.04751465E+2,
581.300,8.28832458E+2,
581.400,8.71867920E+2,
581.500,7.93780884E+2,
581.600,8.57066956E+2,
581.700,8.75946594E+2,
581.800,8.26018738E+2,
581.900,8.83397644E+2,
582.00,9.16531494E+2,
582.100,8.03625549E+2,
582.200,7.88024963E+2,
582.300,9.16713440E+2,
582.400,9.11347412E+2,
582.500,8.38786011E+2,
582.600,9.96346741E+2,
582.700,8.64599915E+2,
582.800,8.79576172E+2,
582.900,8.92533447E+2,
583.00,8.76892578E+2,
583.100,9.02151917E+2,
583.200,9.86825073E+2,
583.300,9.65084351E+2,
583.400,9.45358459E+2,
583.500,8.70185425E+2,
583.600,1.04342126E+3,
583.700,8.79811890E+2,
583.800,8.68175964E+2,
583.900,9.30642639E+2,
584.00,1.00557117E+3,
584.100,1.08887854E+3,
584.200,9.82437744E+2,
584.300,9.33658936E+2,
584.400,9.90232300E+2,
584.500,9.43446655E+2,
584.600,1.00218628E+3,
584.700,9.84344910E+2,
584.800,1.03283936E+3,
584.900,1.10009241E+3,
585.00,9.92956299E+2,
585.100,9.64640259E+2,
585.200,9.92455322E+2,
585.300,1.00573602E+3,
585.400,9.77359070E+2,
585.500,1.10118127E+3,
585.600,1.07074365E+3,
585.700,1.05070166E+3,
585.800,1.08706909E+3,
585.900,1.06700500E+3,
586.00,1.16416028E+3,
586.100,1.12314453E+3,
586.200,1.19111084E+3,
586.300,1.21720581E+3,
586.400,1.17613232E+3,
586.500,1.05512354E+3,
586.600,1.19685876E+3,
586.700,1.12198975E+3,
586.800,1.12284338E+3,
586.900,1.13845532E+3,
587.00,1.14142932E+3,
587.100,1.16340332E+3,
587.200,1.10934094E+3,
587.300,1.15669629E+3,
587.400,1.18930859E+3,
587.500,1.09278174E+3,
587.600,1.17837537E+3,
587.700,1.14320154E+3,
587.800,1.16315857E+3,
587.900,1.05994482E+3,
588.00,1.10324951E+3,
588.100,1.22321326E+3,
588.200,1.07511230E+3,
588.300,1.20801611E+3,
588.400,1.16841602E+3,
588.500,1.11381738E+3,
588.600,1.19579761E+3,
588.700,1.15182007E+3,
588.800,1.12060498E+3,
588.900,1.27339648E+3,
589.00,1.15869360E+3,
589.100,1.13816821E+3,
589.200,1.17338330E+3,
589.300,1.23655920E+3,
589.400,1.16447888E+3,
589.500,1.06003027E+3,
589.600,1.24161206E+3,
589.700,1.22535278E+3,
589.800,1.15734058E+3,
589.900,1.13020227E+3,
590.00,1.13539734E+3,
590.100,1.18604309E+3,
590.200,1.14812378E+3,
590.300,1.13177734E+3,
590.400,1.13706140E+3,
590.500,1.30926025E+3,
590.600,1.29300256E+3,
590.700,1.25934680E+3,
590.800,1.33645947E+3,
590.900,1.34845288E+3,
591.00,1.42141174E+3,
591.100,1.29409497E+3,
591.200,1.36716357E+3,
591.300,1.43162451E+3,
591.400,1.38698389E+3,
591.500,1.33570508E+3,
591.600,1.56877185E+3,
591.700,1.39492676E+3,
591.800,1.44433459E+3,
591.900,1.57060156E+3,
592.00,1.58072095E+3,
592.100,1.50510034E+3,
592.200,1.61627209E+3,
592.300,1.60877722E+3,
592.400,1.62990308E+3,
592.500,1.57611108E+3,
592.600,1.55311536E+3,
592.700,1.70009106E+3,
592.800,1.76554102E+3,
592.900,1.58119995E+3,
593.00,1.62673547E+3,
593.100,1.65905957E+3,
593.200,1.68478467E+3,
593.300,1.79485400E+3,
593.400,1.63865259E+3,
593.500,1.81330042E+3,
593.600,1.87258020E+3,
593.700,1.67599268E+3,
593.800,1.74193494E+3,
593.900,1.83696313E+3,
594.00,1.67333081E+3,
594.100,1.64798669E+3,
594.200,1.69858752E+3,
594.300,1.80966821E+3,
594.400,1.68362158E+3,
594.500,1.61561267E+3,
594.600,1.65289197E+3,
594.700,1.65880957E+3,
594.800,1.64002051E+3,
594.900,1.61894946E+3,
595.00,1.56183008E+3,
595.100,1.56548486E+3,
595.200,1.64805371E+3,
595.300,1.60214319E+3,
595.400,1.64875073E+3,
595.500,1.58466870E+3,
595.600,1.61549829E+3,
595.700,1.56259167E+3,
595.800,1.67505115E+3,
595.900,1.58353027E+3,
596.00,1.51909033E+3,
596.100,1.64088660E+3,
596.200,1.61504175E+3,
596.300,1.50946167E+3,
596.400,1.66574756E+3,
596.500,1.54633643E+3,
596.600,1.67324817E+3,
596.700,1.62445715E+3,
596.800,1.59386951E+3,
596.900,1.71428601E+3,
597.00,1.61270447E+3,
597.100,1.73332629E+3,
597.200,1.59255554E+3,
597.300,1.78915588E+3,
597.400,1.63669055E+3,
597.500,1.62199939E+3,
597.600,1.92735461E+3,
597.700,1.87370618E+3,
597.800,1.88224011E+3,
597.900,1.83538013E+3,
598.00,1.87161755E+3,
598.100,1.94490894E+3,
598.200,1.91648254E+3,
598.300,1.95286682E+3,
598.400,1.90816260E+3,
598.500,1.93299316E+3,
598.600,2.16224243E+3,
598.700,2.07575317E+3,
598.800,2.16592139E+3,
598.900,2.20967261E+3,
599.00,2.23251953E+3,
599.100,2.22746826E+3,
599.200,2.22707593E+3,
599.300,2.35051123E+3,
599.400,2.32917188E+3,
599.500,2.36396240E+3,
599.600,2.36835571E+3,
599.700,2.33758691E+3,
599.800,2.33257153E+3,
599.900,2.24769116E+3,
600.00,2.42593774E+3,
600.100,2.39059375E+3,
600.200,2.31043286E+3,
600.300,2.40691968E+3,
600.400,2.31953491E+3,
600.500,2.39730981E+3,
600.600,2.48468481E+3,
600.700,2.39001440E+3,
600.800,2.36858447E+3,
600.900,2.36133765E+3,
601.00,2.49882690E+3,
601.100,2.45863696E+3,
601.200,2.37318164E+3,
601.300,2.41132349E+3,
601.400,2.47098755E+3,
601.500,2.50929907E+3,
601.600,2.48560449E+3,
601.700,2.36864331E+3,
601.800,2.58879224E+3,
601.900,2.68245264E+3,
602.00,2.49818726E+3,
602.100,2.62076855E+3,
602.200,2.57062500E+3,
602.300,2.69352515E+3,
602.400,2.77575195E+3,
602.500,2.77861328E+3,
602.600,2.68739233E+3,
602.700,2.97994556E+3,
602.800,2.94916748E+3,
602.900,2.93042383E+3,
603.00,3.05939429E+3,
603.100,3.19583325E+3,
603.200,3.18448657E+3,
603.300,3.26543286E+3,
603.400,3.63109497E+3,
603.500,3.71750977E+3,
603.600,3.50678271E+3,
603.700,3.66398145E+3,
603.800,3.52357837E+3,
603.900,3.75198071E+3,
604.00,3.68232739E+3,
604.100,3.76431689E+3,
604.200,3.85136743E+3,
604.300,3.82815210E+3,
604.400,3.95718164E+3,
604.500,4.12579297E+3,
604.600,4.03138306E+3,
604.700,4.17082568E+3,
604.800,3.89871143E+3,
604.900,3.77169702E+3,
605.00,3.94586084E+3,
605.100,4.04371704E+3,
605.200,4.31505762E+3,
605.300,4.27220313E+3,
605.400,4.29127490E+3,
605.500,4.45438135E+3,
605.600,4.76195117E+3,
605.700,4.49792822E+3,
605.800,4.81110693E+3,
605.900,5.08002734E+3,
606.00,5.03008789E+3,
606.100,5.27498291E+3,
606.200,5.44036816E+3,
606.300,5.33327881E+3,
606.400,5.47398828E+3,
606.500,5.23378223E+3,
606.600,5.54535547E+3,
606.700,5.66657861E+3,
606.800,5.94901953E+3,
606.900,5.78382666E+3,
607.00,5.54770752E+3,
607.100,5.59127979E+3,
607.200,5.41519824E+3,
607.300,5.34239941E+3,
607.400,5.53519922E+3,
607.500,5.55102832E+3,
607.600,5.21942773E+3,
607.700,5.48629150E+3,
607.800,5.61645215E+3,
607.900,5.79775830E+3,
608.00,5.78333057E+3,
608.100,5.64137109E+3,
608.200,5.44553027E+3,
608.300,5.81124072E+3,
608.400,5.94756299E+3,
608.500,6.13533643E+3,
608.600,6.02370557E+3,
608.700,6.18371240E+3,
608.800,6.06418018E+3,
608.900,6.24766162E+3,
609.00,6.36460938E+3,
609.100,6.42791455E+3,
609.200,6.65375977E+3,
609.300,6.56005420E+3,
609.400,6.65473438E+3,
609.500,6.63063574E+3,
609.600,6.68413574E+3,
609.700,6.68591455E+3,
609.800,6.90817822E+3,
609.900,6.92315527E+3,
610.00,6.48842285E+3,
610.100,6.90917822E+3,
610.200,6.86191211E+3,
610.300,6.99186182E+3,
610.400,7.28917529E+3,
610.500,7.06962305E+3,
610.600,7.32053027E+3,
610.700,7.55101904E+3,
610.800,7.70856348E+3,
610.900,7.76670117E+3,
611.00,7.82756494E+3,
611.100,8.42509180E+3,
611.200,8.81586523E+3,
611.300,8.82522559E+3,
611.400,8.92695605E+3,
611.500,8.59037793E+3,
611.600,8.84012012E+3,
611.700,8.86802441E+3,
611.800,8.95955957E+3,
611.900,8.78070117E+3,
612.00,8.65189355E+3,
612.100,8.33658301E+3,
612.200,8.70185938E+3,
612.300,8.21808789E+3,
612.400,7.86130664E+3,
612.500,7.90150342E+3,
612.600,7.98987061E+3,
612.700,7.71997070E+3,
612.800,7.27275488E+3,
612.900,7.40896338E+3,
613.00,6.92558887E+3,
613.100,7.15857959E+3,
613.200,6.66334180E+3,
613.300,6.68386670E+3,
613.400,6.39993018E+3,
613.500,6.34466455E+3,
613.600,6.28116943E+3,
613.700,6.24727344E+3,
613.800,6.05362256E+3,
613.900,6.18193115E+3,
614.00,6.17218799E+3,
614.100,6.11930713E+3,
614.200,5.85159229E+3,
614.300,6.07846729E+3,
614.400,5.77468164E+3,
614.500,5.81652246E+3,
614.600,5.83933447E+3,
614.700,5.72281494E+3,
614.800,5.65800195E+3,
614.900,5.86968213E+3,
615.00,5.86244971E+3,
615.100,5.75378271E+3,
615.200,6.02687158E+3,
615.300,5.80806787E+3,
615.400,5.53367920E+3,
615.500,5.86255566E+3,
615.600,5.64003223E+3,
615.700,5.66850635E+3,
615.800,5.91284424E+3,
615.900,5.91396875E+3,
616.00,5.51852100E+3,
616.100,6.05780420E+3,
616.200,5.72835156E+3,
616.300,5.71812842E+3,
616.400,5.92237646E+3,
616.500,5.51073633E+3,
616.600,5.81848535E+3,
616.700,5.44491553E+3,
616.800,5.67771240E+3,
616.900,5.53843750E+3,
617.00,5.62039697E+3,
617.100,5.55949072E+3,
617.200,5.64180615E+3,
617.300,5.73836328E+3,
617.400,5.41814453E+3,
617.500,5.69517725E+3,
617.600,5.59441504E+3,
617.700,5.55844678E+3,
617.800,5.60446289E+3,
617.900,5.50039014E+3,
618.00,5.58614355E+3,
618.100,5.70074023E+3,
618.200,5.55113232E+3,
618.300,5.38406494E+3,
618.400,5.41328906E+3,
618.500,5.53389063E+3,
618.600,5.47475293E+3,
618.700,5.31534619E+3,
618.800,5.65104492E+3,
618.900,5.44556445E+3,
619.00,5.52380566E+3,
619.100,5.73749658E+3,
619.200,5.54302832E+3,
619.300,5.94741992E+3,
619.400,6.11622363E+3,
619.500,5.97923193E+3,
619.600,6.02120264E+3,
619.700,6.27464697E+3,
619.800,6.38373291E+3,
619.900,6.48727588E+3,
620.00,6.80319287E+3,
620.100,6.69508936E+3,
620.200,6.70907275E+3,
620.300,6.62389697E+3,
620.400,6.69912744E+3,
620.500,6.49675244E+3,
620.600,6.50757373E+3,
620.700,6.77340820E+3,
620.800,6.22407471E+3,
620.900,6.25808008E+3,
621.00,6.45099170E+3,
621.100,5.89028467E+3,
621.200,5.98873389E+3,
621.300,5.63276318E+3,
621.400,6.21585303E+3,
621.500,5.65509326E+3,
621.600,5.73886572E+3,
621.700,5.73087988E+3,
621.800,5.46151123E+3,
621.900,5.46802002E+3,
622.00,5.41201123E+3,
622.100,5.12629785E+3,
622.200,4.96821729E+3,
622.300,4.87547070E+3,
622.400,5.19824414E+3,
622.500,4.94682520E+3,
622.600,4.94963330E+3,
622.700,4.98546191E+3,
622.800,4.97027393E+3,
622.900,4.70233057E+3,
623.00,4.78314160E+3,
623.100,4.70135449E+3,
623.200,4.73410010E+3,
623.300,4.54020020E+3,
623.400,4.87544922E+3,
623.500,4.39642578E+3,
623.600,4.61396826E+3,
623.700,4.47364551E+3,
623.800,4.47284814E+3,
623.900,4.21937109E+3,
624.00,4.35540820E+3,
624.100,4.35153906E+3,
624.200,4.02685522E+3,
624.300,4.15715625E+3,
624.400,4.40415430E+3,
624.500,4.11511621E+3,
624.600,4.24597559E+3,
624.700,4.24190186E+3,
624.800,4.20394971E+3,
624.900,4.05189648E+3,
625.00,4.12775244E+3,
625.100,4.29043555E+3,
625.200,4.24012500E+3,
625.300,4.04413452E+3,
625.400,4.15149658E+3,
625.500,3.76863110E+3,
625.600,4.12455029E+3,
625.700,3.86828076E+3,
625.800,3.90737158E+3,
625.900,4.35213330E+3,
626.00,3.88899390E+3,
626.100,3.61241479E+3,
626.200,4.02721460E+3,
626.300,3.79399194E+3,
626.400,4.17865869E+3,
626.500,3.81928516E+3,
626.600,3.83039209E+3,
626.700,4.01800146E+3,
626.800,3.84636133E+3,
626.900,3.81329614E+3,
627.00,3.87503394E+3,
627.100,3.63286182E+3,
627.200,3.71988940E+3,
627.300,3.75631836E+3,
627.400,3.75786621E+3,
627.500,3.60660864E+3,
627.600,3.64619897E+3,
627.700,3.78162427E+3,
627.800,3.32306030E+3,
627.900,3.53518726E+3,
628.00,3.77986816E+3,
628.100,3.42864453E+3,
628.200,3.51970239E+3,
628.300,3.27978491E+3,
628.400,3.49643311E+3,
628.500,3.25586426E+3,
628.600,3.57630029E+3,
628.700,3.49034058E+3,
628.800,3.26177173E+3,
628.900,3.21730151E+3,
629.00,3.30247046E+3,
629.100,3.27422070E+3,
629.200,3.12881030E+3,
629.300,2.97324634E+3,
629.400,3.17922485E+3,
629.500,3.14738037E+3,
629.600,3.11544873E+3,
629.700,3.16526611E+3,
629.800,2.94316943E+3,
629.900,2.94693799E+3,
630.00,3.12814185E+3,
630.100,2.81963086E+3,
630.200,2.84305176E+3,
630.300,3.20958130E+3,
630.400,3.06180469E+3,
630.500,2.94009155E+3,
630.600,3.03330371E+3,
630.700,3.08364990E+3,
630.800,3.02123462E+3,
630.900,3.03844043E+3,
631.00,2.84597656E+3,
631.100,3.08636987E+3,
631.200,2.94025610E+3,
631.300,3.07445801E+3,
631.400,3.07516357E+3,
631.500,3.18308032E+3,
631.600,3.19397852E+3,
631.700,3.00333813E+3,
631.800,3.16538940E+3,
631.900,3.18302979E+3,
632.00,3.30188696E+3,
632.100,3.48186182E+3,
632.200,3.28356763E+3,
632.300,3.22356812E+3,
632.400,3.40074805E+3,
632.500,3.38826074E+3,
632.600,3.38593335E+3,
632.700,3.68655591E+3,
632.800,3.35738477E+3,
632.900,3.37546948E+3,
633.00,3.44485254E+3,
633.100,3.79496777E+3,
633.200,3.35791504E+3,
633.300,3.33827905E+3,
633.400,3.53502026E+3,
633.500,3.55682959E+3,
633.600,3.53735547E+3,
633.700,3.31089917E+3,
633.800,3.50514746E+3,
633.900,3.45785205E+3,
634.00,3.29270068E+3,
634.100,3.21033911E+3,
634.200,3.41241772E+3,
634.300,3.10056982E+3,
634.400,3.22296899E+3,
634.500,3.03899048E+3,
634.600,3.28026001E+3,
634.700,3.37540356E+3,
634.800,3.00544775E+3,
634.900,3.04091016E+3,
635.00,3.11855078E+3,
635.100,3.12625952E+3,
635.200,3.20081909E+3,
635.300,3.22625757E+3,
635.400,2.94845361E+3,
635.500,3.15725195E+3,
635.600,3.12613354E+3,
635.700,3.07368384E+3,
635.800,3.13100366E+3,
635.900,2.98253857E+3,
636.00,2.96165845E+3,
636.100,3.07611597E+3,
636.200,2.71314648E+3,
636.300,2.73117041E+3,
636.400,2.74924316E+3,
636.500,2.64563501E+3,
636.600,2.76400220E+3,
636.700,2.72474023E+3,
636.800,2.67457397E+3,
636.900,2.67106665E+3,
637.00,2.62428198E+3,
637.100,2.86969409E+3,
637.200,2.75070044E+3,
637.300,2.59155835E+3,
637.400,2.66394458E+3,
637.500,2.84902759E+3,
637.600,2.60939917E+3,
637.700,2.55471753E+3,
637.800,2.62742236E+3,
637.900,2.45218604E+3,
638.00,2.46647461E+3,
638.100,2.56120557E+3,
638.200,2.36675391E+3,
638.300,2.50928516E+3,
638.400,2.23342529E+3,
638.500,2.46810425E+3,
638.600,2.15461646E+3,
638.700,2.37505469E+3,
638.800,2.35603271E+3,
638.900,2.54772949E+3,
639.00,2.45852612E+3,
639.100,2.29131885E+3,
639.200,2.46150952E+3,
639.300,2.38306592E+3,
639.400,2.33791357E+3,
639.500,2.50138940E+3,
639.600,2.43759692E+3,
639.700,2.53436353E+3,
639.800,2.56026611E+3,
639.900,2.39133301E+3,
640.00,2.40584180E+3,
640.100,2.58966284E+3,
640.200,2.67614331E+3,
640.300,2.55178076E+3,
640.400,2.47235938E+3,
640.500,2.68753906E+3,
640.600,2.51722314E+3,
640.700,2.54353735E+3,
640.800,2.64963330E+3,
640.900,2.53554712E+3,
641.00,2.52010425E+3,
641.100,2.44361377E+3,
641.200,2.53488062E+3,
641.300,2.48876807E+3,
641.400,2.44635254E+3,
641.500,2.49581885E+3,
641.600,2.39952881E+3,
641.700,2.23376172E+3,
641.800,2.35627490E+3,
641.900,2.08586572E+3,
642.00,2.20078564E+3,
642.100,1.99121497E+3,
642.200,1.95916199E+3,
642.300,1.91925610E+3,
642.400,1.97630640E+3,
642.500,1.90131116E+3,
642.600,2.06750586E+3,
642.700,1.72728735E+3,
642.800,1.87417383E+3,
642.900,1.82597168E+3,
643.00,1.70714880E+3,
643.100,1.76833789E+3,
643.200,1.67264099E+3,
643.300,1.71821851E+3,
643.400,1.75210986E+3,
643.500,1.64414819E+3,
643.600,1.58326245E+3,
643.700,1.54592932E+3,
643.800,1.61538684E+3,
643.900,1.60177673E+3,
644.00,1.67943958E+3,
644.100,1.41141797E+3,
644.200,1.51689795E+3,
644.300,1.51501965E+3,
644.400,1.45724121E+3,
644.500,1.30334497E+3,
644.600,1.66547571E+3,
644.700,1.51143726E+3,
644.800,1.35696484E+3,
644.900,1.27844727E+3,
645.00,1.40502515E+3,
645.100,1.36269092E+3,
645.200,1.30408521E+3,
645.300,1.37064539E+3,
645.400,1.22684802E+3,
645.500,1.24077075E+3,
645.600,1.29939758E+3,
645.700,1.21180017E+3,
645.800,1.32348816E+3,
645.900,1.16634082E+3,
646.00,1.23743945E+3,
646.100,1.16972278E+3,
646.200,1.08951941E+3,
646.300,1.46439124E+3,
646.400,1.17076636E+3,
646.500,1.27944421E+3,
646.600,1.34723840E+3,
646.700,1.31207971E+3,
646.800,1.15698267E+3,
646.900,1.39869165E+3,
647.00,1.16452100E+3,
647.100,1.25335608E+3,
647.200,1.22191833E+3,
647.300,1.21119592E+3,
647.400,1.30881506E+3,
647.500,1.12286487E+3,
647.600,1.09940442E+3,
647.700,1.16378796E+3,
647.800,1.31639209E+3,
647.900,1.22593042E+3,
648.00,1.17724695E+3,
648.100,1.28417590E+3,
648.200,1.13420801E+3,
648.300,1.30048792E+3,
648.400,1.08245874E+3,
648.500,1.07975842E+3,
648.600,1.19577808E+3,
648.700,1.18898206E+3,
648.800,1.18216235E+3,
648.900,1.22642395E+3,
649.00,1.27080652E+3,
649.100,1.28116492E+3,
649.200,1.28727600E+3,
649.300,1.12208850E+3,
649.400,1.20518469E+3,
649.500,1.26703882E+3,
649.600,1.16132104E+3,
649.700,1.27928235E+3,
649.800,1.41483081E+3,
649.900,1.24406934E+3,
650.00,1.07281421E+3,
650.100,1.28669006E+3,
650.200,1.27124915E+3,
650.300,1.44260010E+3,
650.400,1.40122986E+3,
650.500,1.38152148E+3,
650.600,1.44467920E+3,
650.700,1.36814941E+3,
650.800,1.53653088E+3,
650.900,1.68349280E+3,
651.00,1.60257361E+3,
651.100,1.81167432E+3,
651.200,1.72634460E+3,
651.300,1.89656531E+3,
651.400,1.86410559E+3,
651.500,2.39781299E+3,
651.600,2.32612695E+3,
651.700,2.38290820E+3,
651.800,2.37763428E+3,
651.900,2.66610400E+3,
652.00,2.53196045E+3,
652.100,2.55807129E+3,
652.200,2.39647607E+3,
652.300,2.40454126E+3,
652.400,2.48886475E+3,
652.500,2.23659473E+3,
652.600,2.47383325E+3,
652.700,2.09014404E+3,
652.800,2.13838770E+3,
652.900,1.94279614E+3,
653.00,1.89140735E+3,
653.100,1.79000574E+3,
653.200,1.59753137E+3,
653.300,1.55901221E+3,
653.400,1.69790625E+3,
653.500,1.46338550E+3,
653.600,1.65276489E+3,
653.700,1.61865930E+3,
653.800,1.44248645E+3,
653.900,1.49509412E+3,
654.00,1.43762097E+3,
654.100,1.42140710E+3,
654.200,1.39132227E+3,
654.300,1.50417566E+3,
654.400,1.32162402E+3,
654.500,1.40231262E+3,
654.600,1.40908154E+3,
654.700,1.41122839E+3,
654.800,1.32968970E+3,
654.900,1.43415588E+3,
655.00,1.39903174E+3,
655.100,1.25638867E+3,
655.200,1.33316211E+3,
655.300,1.52728955E+3,
655.400,1.21526245E+3,
655.500,1.39100220E+3,
655.600,1.32253845E+3,
655.700,1.34342554E+3,
655.800,1.42574487E+3,
655.900,1.21043628E+3,
656.00,1.43959985E+3,
656.100,1.28055017E+3,
656.200,1.33951477E+3,
656.300,1.28447913E+3,
656.400,1.25786206E+3,
656.500,1.35522827E+3,
656.600,1.21870703E+3,
656.700,1.25408362E+3,
656.800,1.38544202E+3,
656.900,1.24833203E+3,
657.00,1.09636987E+3,
657.100,1.06917371E+3,
657.200,1.13354089E+3,
657.300,1.26090735E+3,
657.400,1.25802783E+3,
657.500,1.12429041E+3,
657.600,1.34444739E+3,
657.700,1.23473120E+3,
657.800,1.24151721E+3,
657.900,1.38973572E+3,
658.00,1.49933911E+3,
658.100,1.21309485E+3,
658.200,1.28359180E+3,
658.300,1.26598108E+3,
658.400,1.39083862E+3,
658.500,1.35856848E+3,
658.600,1.09447961E+3,
658.700,1.16533252E+3,
658.800,9.99014465E+2,
658.900,1.11946973E+3,
659.00,1.22045508E+3,
659.100,1.26211963E+3,
659.200,9.80424438E+2,
659.300,1.05174585E+3,
659.400,1.07835925E+3,
659.500,1.16005432E+3,
659.600,1.07673682E+3,
659.700,1.15868359E+3,
659.800,9.29406555E+2,
659.900,1.05162830E+3,
660.00,1.07847742E+3,
660.100,9.84286011E+2,
660.200,1.02629712E+3,
660.300,8.81081238E+2,
660.400,1.20200354E+3,
660.500,1.20899475E+3,
660.600,9.51434998E+2,
660.700,1.13131006E+3,
660.800,1.21477563E+3,
660.900,1.23204773E+3,
661.00,1.00359235E+3,
661.100,1.15396106E+3,
661.200,1.29454651E+3,
661.300,1.12171216E+3,
661.400,1.18539075E+3,
661.500,1.39897900E+3,
661.600,1.19443420E+3,
661.700,1.34658252E+3,
661.800,1.36434460E+3,
661.900,1.43932178E+3,
662.00,1.26471729E+3,
662.100,1.45447388E+3,
662.200,1.35765881E+3,
662.300,1.42789063E+3,
662.400,1.34118347E+3,
662.500,1.56379541E+3,
662.600,1.42445398E+3,
662.700,1.30044690E+3,
662.800,1.23930859E+3,
662.900,1.16212097E+3,
663.00,1.18520374E+3,
663.100,1.03344092E+3,
663.200,1.10944165E+3,
663.300,9.88957275E+2,
663.400,1.04382605E+3,
663.500,9.54842957E+2,
663.600,1.09531689E+3,
663.700,9.52607239E+2,
663.800,1.05064819E+3,
663.900,8.85918152E+2,
664.00,8.60473328E+2,
664.100,8.94161194E+2,
664.200,9.87302368E+2,
664.300,6.10615906E+2,
664.400,8.60554626E+2,
664.500,8.29399414E+2,
664.600,8.57867920E+2,
664.700,9.24494751E+2,
664.800,7.62561523E+2,
664.900,8.45611755E+2,
665.00,9.01602417E+2,
665.100,6.56747314E+2,
665.200,7.56454712E+2,
665.300,7.41180359E+2,
665.400,5.88384277E+2,
665.500,6.60914185E+2,
665.600,9.26743958E+2,
665.700,8.84011902E+2,
665.800,6.86193787E+2,
665.900,7.81505676E+2,
666.00,8.99322388E+2,
666.100,8.45150208E+2,
666.200,7.01700562E+2,
666.300,7.86485352E+2,
666.400,7.09523132E+2,
666.500,8.56140015E+2,
666.600,7.62224854E+2,
666.700,6.90463928E+2,
666.800,8.82727478E+2,
666.900,7.54612244E+2,
667.00,7.21972290E+2,
667.100,7.62680603E+2,
667.200,7.01665466E+2,
667.300,7.36801636E+2,
667.400,7.66374146E+2,
667.500,8.92700684E+2,
667.600,5.12563965E+2,
667.700,8.04312866E+2,
667.800,6.45630554E+2,
667.900,7.03900940E+2,
668.00,7.45160522E+2,
668.100,7.75116272E+2,
668.200,6.78645264E+2,
668.300,7.37390991E+2,
668.400,7.27087341E+2,
668.500,7.28306396E+2,
668.600,7.87426819E+2,
668.700,7.13354431E+2,
668.800,6.56457886E+2,
668.900,7.33210022E+2,
669.00,7.98559265E+2,
669.100,6.53973816E+2,
669.200,7.37003784E+2,
669.300,6.67975159E+2,
669.400,7.10228882E+2,
669.500,8.99624573E+2,
669.600,7.12709290E+2,
669.700,7.61158630E+2,
669.800,6.50183411E+2,
669.900,8.34874817E+2,
670.00,9.31237183E+2,
670.100,8.91254150E+2,
670.200,7.91612793E+2,
670.300,8.46641846E+2,
670.400,9.31724304E+2,
670.500,8.67524353E+2,
670.600,8.51046326E+2,
670.700,9.00551208E+2,
670.800,8.66026672E+2,
670.900,9.51872437E+2,
671.00,7.36264526E+2,
671.100,7.67699402E+2,
671.200,8.84005554E+2,
671.300,9.03654236E+2,
671.400,6.80376221E+2,
671.500,7.78852966E+2,
671.600,8.59367981E+2,
671.700,8.11946533E+2,
671.800,8.25514282E+2,
671.900,7.04376343E+2,
672.00,7.97564453E+2,
672.100,6.69791382E+2,
672.200,6.95477478E+2,
672.300,8.32203247E+2,
672.400,8.21181702E+2,
672.500,8.59594788E+2,
672.600,7.24696655E+2,
672.700,6.63814453E+2,
672.800,7.02155273E+2,
672.900,7.28171082E+2,
673.00,6.91930908E+2,
673.100,7.86715393E+2,
673.200,6.50412537E+2,
673.300,6.57737671E+2,
673.400,6.90184082E+2,
673.500,7.22733765E+2,
673.600,6.86144226E+2,
673.700,7.18791992E+2,
673.800,6.25233826E+2,
673.900,6.32582520E+2,
674.00,5.95599426E+2,
674.100,7.36239685E+2,
674.200,6.73911743E+2,
674.300,5.66790588E+2,
674.400,7.33612793E+2,
674.500,5.11204803E+2,
674.600,5.95283813E+2,
674.700,5.77059875E+2,
674.800,6.35843567E+2,
674.900,5.91889648E+2,
675.00,6.38006836E+2,
675.100,6.13285767E+2,
675.200,6.33746521E+2,
675.300,7.12577271E+2,
675.400,6.81364380E+2,
675.500,6.11038086E+2,
675.600,6.38141663E+2,
675.700,5.93586792E+2,
675.800,7.05696228E+2,
675.900,5.30189880E+2,
676.00,6.95030884E+2,
676.100,7.68504150E+2,
676.200,6.64576782E+2,
676.300,6.72336609E+2,
676.400,5.61267090E+2,
676.500,6.21787354E+2,
676.600,5.49991455E+2,
676.700,7.16913330E+2,
676.800,7.11526550E+2,
676.900,5.52905762E+2,
677.00,6.33959839E+2,
677.100,5.74914246E+2,
677.200,6.36203369E+2,
677.300,6.23910889E+2,
677.400,5.91412781E+2,
677.500,7.94434021E+2,
677.600,7.48629700E+2,
677.700,8.04008118E+2,
677.800,5.95614319E+2,
677.900,7.59400024E+2,
678.00,6.58861145E+2,
678.100,6.39591187E+2,
678.200,7.49757690E+2,
678.300,6.96436462E+2,
678.400,6.77127991E+2,
678.500,6.98858826E+2,
678.600,6.03984741E+2,
678.700,6.73789978E+2,
678.800,7.43835571E+2,
678.900,5.79546448E+2,
679.00,5.87466553E+2,
679.100,7.13084412E+2,
679.200,7.42041443E+2,
679.300,5.83530701E+2,
679.400,7.37618103E+2,
679.500,8.08582336E+2,
679.600,8.44875122E+2,
679.700,7.69381836E+2,
679.800,7.00633240E+2,
679.900,8.56235474E+2,
680.00,2.46873489E+2,
680.100,2.19061859E+2,
680.200,3.46897339E+2,
680.300,2.83703156E+2,
680.400,3.62389069E+2,
680.500,3.13225861E+2,
680.600,4.42178040E+2,
680.700,2.78658295E+2,
680.800,2.43381577E+2,
680.900,4.23120026E+2,
681.00,2.58652222E+2,
681.100,2.73519745E+2,
681.200,2.30753250E+2,
681.300,2.67295563E+2,
681.400,3.11208862E+2,
681.500,3.69782745E+2,
681.600,3.34139435E+2,
681.700,2.47424973E+2,
681.800,2.69749451E+2,
681.900,3.28675201E+2,
682.00,2.41470093E+2,
682.100,3.15209320E+2,
682.200,2.64372101E+2,
682.300,2.94276062E+2,
682.400,2.80066956E+2,
682.500,2.73188629E+2,
682.600,2.58888062E+2,
682.700,2.59356079E+2,
682.800,2.74671692E+2,
682.900,3.94160614E+2,
683.00,2.60765442E+2,
683.100,3.88115753E+2,
683.200,3.21516754E+2,
683.300,2.99620728E+2,
683.400,3.60189545E+2,
683.500,2.70626160E+2,
683.600,2.93703827E+2,
683.700,2.33876083E+2,
683.800,2.94759186E+2,
683.900,2.72574402E+2,
684.00,3.56500153E+2,
684.100,2.65956512E+2,
684.200,3.12110535E+2,
684.300,3.88934235E+2,
684.400,2.13917755E+2,
684.500,3.06147644E+2,
684.600,3.98709747E+2,
684.700,4.37836823E+2,
684.800,2.77027771E+2,
684.900,3.85456635E+2,
685.00,2.85753418E+2,
685.100,3.48164825E+2,
685.200,2.63533173E+2,
685.300,3.41658783E+2,
685.400,3.03381683E+2,
685.500,4.05240021E+2,
685.600,2.42022247E+2,
685.700,3.36316437E+2,
685.800,4.15279938E+2,
685.900,3.92484009E+2,
686.00,4.48242401E+2,
686.100,2.59976929E+2,
686.200,3.31477722E+2,
686.300,4.58581543E+2,
686.400,4.27727661E+2,
686.500,4.36435974E+2,
686.600,3.73628876E+2,
686.700,3.82269745E+2,
686.800,3.90940125E+2,
686.900,3.67670624E+2,
687.00,4.48410156E+2,
687.100,3.52966400E+2,
687.200,4.01832794E+2,
687.300,4.42825043E+2,
687.400,3.38777252E+2,
687.500,2.66669800E+2,
687.600,3.31924347E+2,
687.700,4.46082001E+2,
687.800,4.22524261E+2,
687.900,4.31441376E+2,
688.00,3.01748169E+2,
688.100,4.00345917E+2,
688.200,2.86487152E+2,
688.300,3.03414398E+2,
688.400,3.69696747E+2,
688.500,3.04531982E+2,
688.600,3.71058411E+2,
688.700,3.55220581E+2,
688.800,3.72427429E+2,
688.900,2.98491852E+2,
689.00,2.99042389E+2,
689.100,3.49513580E+2,
689.200,2.83451996E+2,
689.300,3.42428436E+2,
689.400,3.76517487E+2,
689.500,4.19110718E+2,
689.600,3.52691162E+2,
689.700,6.05711304E+2,
689.800,3.28688934E+2,
689.900,3.79945862E+2,
690.00,2.87591675E+2,
690.100,5.50795227E+2,
690.200,2.97115723E+2,
690.300,3.23162903E+2,
690.400,4.00421417E+2,
690.500,3.49932587E+2,
690.600,4.10414948E+2,
690.700,4.28286743E+2,
690.800,4.11896545E+2,
690.900,4.55623749E+2,
691.00,4.21997192E+2,
691.100,4.31392090E+2,
691.200,4.32177612E+2,
691.300,5.28216064E+2,
691.400,5.20503906E+2,
691.500,4.25852448E+2,
691.600,3.56974915E+2,
691.700,4.09962250E+2,
691.800,3.67017670E+2,
691.900,4.55233368E+2,
692.00,4.38523804E+2,
692.100,3.69035095E+2,
692.200,3.60909943E+2,
692.300,3.88028595E+2,
692.400,2.47381149E+2,
692.500,3.54050720E+2,
692.600,2.92628601E+2,
692.700,4.88612183E+2,
692.800,4.89511139E+2,
692.900,5.26079773E+2,
693.00,4.46651398E+2,
693.100,4.11668091E+2,
693.200,5.20007202E+2,
693.300,5.92811829E+2,
693.400,4.31923706E+2,
693.500,3.69608521E+2,
693.600,3.16095978E+2,
693.700,4.79535706E+2,
693.800,4.16962128E+2,
693.900,4.81293121E+2,
694.00,5.91345947E+2,
694.100,4.55716095E+2,
694.200,5.38733337E+2,
694.300,4.48244476E+2,
694.400,4.94892670E+2,
694.500,4.22350372E+2,
694.600,5.51905396E+2,
694.700,4.42338043E+2,
694.800,4.89314514E+2,
694.900,5.17965576E+2,
695.00,3.61391174E+2,
695.100,5.84882263E+2,
695.200,4.65065643E+2,
695.300,4.28665009E+2,
695.400,4.38808899E+2,
695.500,4.67696899E+2,
695.600,4.40463287E+2,
695.700,5.07019196E+2,
695.800,6.58486877E+2,
695.900,5.27784912E+2,
696.00,4.53241272E+2,
696.100,5.39234558E+2,
696.200,5.68682739E+2,
696.300,5.60255737E+2,
696.400,3.71035919E+2,
696.500,5.90961914E+2,
696.600,6.78020996E+2,
696.700,5.07083160E+2,
696.800,4.69696564E+2,
696.900,4.22564941E+2,
697.00,5.09959442E+2,
697.100,6.55491150E+2,
697.200,4.82866913E+2,
697.300,6.48233337E+2,
697.400,6.10657288E+2,
697.500,5.92361450E+2,
697.600,4.28065216E+2,
697.700,3.50882446E+2,
697.800,5.07766235E+2,
697.900,5.67402466E+2,
698.00,3.82234650E+2,
698.100,4.51675629E+2,
698.200,6.78770020E+2,
698.300,4.04074829E+2,
698.400,5.43058228E+2,
698.500,4.84713348E+2,
698.600,5.54986694E+2,
698.700,4.46801086E+2,
698.800,4.47631866E+2,
698.900,6.57749329E+2,
699.00,4.39315765E+2,
699.100,5.40177246E+2,
699.200,4.30954041E+2,
699.300,4.31767944E+2,
699.400,4.32584900E+2,
699.500,5.24115173E+2,
699.600,5.45303284E+2,
699.700,6.17158447E+2,
699.800,5.16962524E+2,
699.900,5.07787933E+2,
700.00,6.00326416E+2,
700.100,5.81052979E+2,
700.200,6.22985291E+2,
700.300,4.80897217E+2,
700.400,6.25305542E+2,
700.500,5.75119202E+2,
700.600,6.68792053E+2,
700.700,5.15415100E+2,
700.800,4.95720917E+2,
700.900,4.55259613E+2,
701.00,5.28672180E+2,
701.100,5.91930359E+2,
701.200,5.51381714E+2,
701.300,4.89840363E+2,
701.400,4.17636353E+2,
701.500,5.85743347E+2,
701.600,4.08663116E+2,
701.700,5.03877441E+2,
701.800,5.36335083E+2,
701.900,6.74263550E+2,
702.00,6.12154175E+2,
702.100,5.92110901E+2,
702.200,4.02515198E+2,
702.300,5.51804260E+2,
702.400,4.67755371E+2,
702.500,3.83400360E+2,
702.600,3.94762695E+2,
702.700,4.16854675E+2,
702.800,6.31767517E+2,
702.900,5.36366760E+2,
703.00,5.58831970E+2,
703.100,4.84519043E+2,
703.200,5.82524170E+2,
703.300,6.16050781E+2,
703.400,6.49704468E+2,
703.500,5.09899811E+2,
703.600,6.63040222E+2,
703.700,4.68277191E+2,
703.800,6.11007690E+2,
703.900,6.01238708E+2,
704.00,5.47620056E+2,
704.100,4.82857025E+2,
704.200,5.93769531E+2,
704.300,5.28838623E+2,
704.400,6.29239929E+2,
704.500,6.30485840E+2,
704.600,6.09568909E+2,
704.700,4.55308044E+2,
704.800,6.67626526E+2,
704.900,6.80103210E+2,
705.00,4.91541138E+2,
705.100,4.70126160E+2,
705.200,7.96311768E+2,
705.300,5.61893494E+2,
705.400,6.64349976E+2,
705.500,5.86690002E+2,
705.600,5.87854370E+2,
705.700,6.34332886E+2,
705.800,5.22094910E+2,
705.900,5.45879639E+2,
706.00,4.89990662E+2,
706.100,5.25197571E+2,
706.200,7.43575928E+2,
706.300,5.04325806E+2,
706.400,6.77577209E+2,
706.500,5.63833252E+2,
706.600,6.34111755E+2,
706.700,5.77594666E+2,
706.800,4.74555084E+2,
706.900,6.72639038E+2,
707.00,5.11278534E+2,
707.100,7.45128174E+2,
707.200,6.88257141E+2,
707.300,7.48042114E+2,
707.400,6.20684387E+2,
707.500,5.86696350E+2,
707.600,5.17303223E+2,
707.700,7.77476318E+2,
707.800,6.84575867E+2,
707.900,7.56877319E+2,
708.00,6.99115662E+2,
708.100,5.10504700E+2,
708.200,6.42333984E+2,
708.300,6.43570679E+2,
708.400,6.56753296E+2,
708.500,6.10163513E+2,
708.600,5.51405457E+2,
708.700,6.36543091E+2,
708.800,6.73873291E+2,
708.900,4.58156281E+2,
709.00,6.28163818E+2,
709.100,7.14039307E+2,
709.200,8.48731384E+2,
709.300,5.34473938E+2,
709.400,8.03194702E+2,
709.500,5.48645691E+2,
709.600,6.22949402E+2,
709.700,6.48579163E+2,
709.800,6.86561218E+2,
709.900,5.15876831E+2,
710.00,6.89111938E+2,
710.100,5.05441986E+2,
710.200,6.05160522E+2,
710.300,5.93884888E+2,
710.400,5.57778137E+2,
710.500,4.22197296E+2,
710.600,4.72724457E+2,
710.700,6.23137390E+2,
710.800,6.74211853E+2,
710.900,4.50293182E+2,
711.00,4.76174683E+2,
711.100,6.77924011E+2,
711.200,4.90521423E+2,
711.300,4.53629639E+2,
711.400,4.54473389E+2,
711.500,5.56500061E+2,
711.600,4.94179016E+2,
711.700,4.44320465E+2,
711.800,6.23207214E+2,
711.900,3.95009644E+2,
712.00,6.51066467E+2,
712.100,5.11607574E+2,
712.200,5.12578369E+2,
712.300,4.62195435E+2,
712.400,4.50210541E+2,
712.500,4.12402710E+2,
712.600,8.13460876E+2,
712.700,6.08023071E+2,
712.800,4.01799652E+2,
712.900,5.32425659E+2,
713.00,6.50536743E+2,
713.100,5.47467041E+2,
713.200,5.09309387E+2,
713.300,4.84090729E+2,
713.400,5.89857361E+2,
713.500,5.51559814E+2,
713.600,6.97314453E+2,
713.700,6.45891968E+2,
713.800,6.73510742E+2,
713.900,7.40925293E+2,
714.00,4.63944458E+2,
714.100,6.24158875E+2,
714.200,6.91833374E+2,
714.300,5.86477234E+2,
714.400,5.20792725E+2,
714.500,6.42159546E+2,
714.600,7.50570679E+2,
714.700,8.19099609E+2,
714.800,6.45730042E+2,
714.900,4.71717743E+2,
715.00,8.10157288E+2,
715.100,6.35836426E+2,
715.200,6.91271790E+2,
715.300,6.92595276E+2,
715.400,6.53104797E+2,
715.500,7.08886658E+2,
715.600,6.41953857E+2,
715.700,5.33708984E+2,
715.800,8.08957214E+2,
715.900,6.45664001E+2,
716.00,3.57863068E+2,
716.100,6.75754517E+2,
716.200,6.63262085E+2,
716.300,7.75322693E+2,
716.400,5.54889832E+2,
716.500,5.42079956E+2,
716.600,6.54559509E+2,
716.700,7.25619324E+2,
716.800,5.59267151E+2,
716.900,7.28480896E+2,
717.00,5.05326996E+2,
717.100,5.34434021E+2,
717.200,4.65014648E+2,
717.300,7.62409241E+2,
717.400,4.24384125E+2,
717.500,4.96076843E+2,
717.600,4.11834290E+2,
717.700,4.12636688E+2,
717.800,6.41545044E+2,
717.900,5.57090576E+2,
718.00,6.29738281E+2,
718.100,5.44903381E+2,
718.200,4.59744019E+2,
718.300,3.59861847E+2,
718.400,6.77836548E+2,
718.500,3.17892822E+2,
718.600,5.64617310E+2,
718.700,5.94711914E+2,
718.800,6.83051147E+2,
718.900,4.65950409E+2,
719.00,5.98146423E+2,
719.100,5.84664001E+2,
719.200,5.27197266E+2,
719.300,3.66804413E+2,
719.400,3.23401978E+2,
719.500,5.74393677E+2,
719.600,5.31218384E+2,
719.700,6.20936462E+2,
719.800,6.36932068E+2,
719.900,7.27192017E+2,
720.00,3.71724335E+2,
720.100,5.21398804E+2,
720.200,5.37312622E+2,
720.300,5.83191711E+2,
720.400,4.94406708E+2,
720.500,4.05282166E+2,
720.600,4.96285522E+2,
720.700,4.21891876E+2,
720.800,6.64233643E+2,
720.900,6.35249146E+2,
721.00,5.30382446E+2,
721.100,4.40279480E+2,
721.200,5.77996155E+2,
721.300,7.46703064E+2,
721.400,5.34357422E+2,
721.500,6.57724243E+2,
721.600,6.74279846E+2,
721.700,4.29891846E+2,
721.800,7.07574585E+2,
721.900,8.16780029E+2,
722.00,6.63914185E+2,
722.100,5.10447418E+2,
722.200,6.50850769E+2,
722.300,5.74418518E+2,
722.400,5.44365784E+2,
722.500,6.38854919E+2,
722.600,3.59039612E+2,
722.700,5.16090698E+2,
722.800,5.48374695E+2,
722.900,5.65080688E+2,
723.00,6.29022522E+2,
723.100,6.77458740E+2,
723.200,6.62938843E+2,
723.300,5.21851929E+2,
723.400,3.48551514E+2,
723.500,4.92058075E+2,
723.600,5.40685242E+2,
723.700,5.09833313E+2,
723.800,7.02332764E+2,
723.900,4.47777130E+2,
724.00,6.24858643E+2,
724.100,3.85270599E+2,
724.200,4.98603607E+2,
724.300,6.44603210E+2,
724.400,3.87511047E+2,
724.500,6.47102112E+2,
724.600,5.83520447E+2,
724.700,4.70970673E+2,
724.800,4.88156464E+2,
724.900,6.84747864E+2,
725.00,5.06391449E+2,
725.100,6.38295532E+2,
725.200,5.90328613E+2,
725.300,6.73610779E+2,
725.400,6.58446655E+2,
725.500,5.27771118E+2,
725.600,6.44459900E+2,
725.700,6.78816650E+2,
725.800,4.14711029E+2,
725.900,4.81994598E+2,
726.00,4.32967987E+2,
726.100,5.17193115E+2,
726.200,3.67725616E+2,
726.300,6.02855774E+2,
726.400,4.02655334E+2,
726.500,3.52981903E+2,
726.600,4.37842468E+2,
726.700,6.24251099E+2,
726.800,2.87355194E+2,
726.900,4.06439209E+2,
727.00,5.09001862E+2,
727.100,3.90948761E+2,
727.200,6.13041443E+2,
727.300,5.62984192E+2,
727.400,5.81109009E+2,
727.500,3.08210358E+2,
727.600,4.11701538E+2,
727.700,3.43715637E+2,
727.800,4.82086487E+2,
727.900,4.13978058E+2,
728.00,3.45616730E+2,
728.100,2.94308563E+2,
728.200,3.29532532E+2,
728.300,3.64883484E+2,
728.400,6.61470276E+2,
728.500,5.40604553E+2,
728.600,3.14472290E+2,
728.700,2.45036774E+2,
728.800,2.98088409E+2,
728.900,4.91868103E+2,
729.00,2.46384079E+2,
729.100,2.64474609E+2,
729.200,3.17961670E+2,
729.300,4.60134583E+2,
729.400,1.59575012E+2,
729.500,3.55273468E+2,
729.600,3.73734406E+2,
729.700,3.38773895E+2,
729.800,4.46589478E+2,
729.900,3.57941650E+2,
730.00,3.58612671E+2,
730.100,2.51506088E+2,
730.200,4.13975769E+2,
730.300,3.06564667E+2,
730.400,1.80676239E+2,
730.500,1.81020798E+2,
730.600,4.17142395E+2,
730.700,4.36111450E+2,
730.800,5.27975220E+2,
730.900,4.19541016E+2,
731.00,4.20344177E+2,
731.100,6.59153687E+2,
731.200,3.30191010E+2,
731.300,3.85940338E+2,
731.400,4.78722656E+2,
731.500,3.13594818E+2,
731.600,3.88104919E+2,
731.700,2.40704773E+2,
731.800,2.59705139E+2,
731.900,4.64627808E+2,
732.00,5.02737518E+2,
732.100,5.22313904E+2,
732.200,2.80325287E+2,
732.300,2.99562988E+2,
732.400,6.00228760E+2,
732.500,3.00666534E+2,
732.600,4.70656372E+2,
732.700,3.20636749E+2,
732.800,2.64540619E+2,
732.900,2.27167923E+2,
733.00,2.08621780E+2,
733.100,4.37030212E+2,
733.200,2.85557251E+2,
733.300,4.19606842E+2,
733.400,5.15944763E+2,
733.500,4.78628662E+2,
733.600,6.52164856E+2,
733.700,5.18876160E+2,
733.800,6.16128113E+2,
733.900,7.71620422E+2,
734.00,7.73082947E+2,
734.100,9.48842834E+2,
734.200,6.01441833E+2,
734.300,5.44281311E+2,
734.400,8.95897461E+2,
734.500,8.39080627E+2,
734.600,1.11441138E+3,
734.700,8.22729553E+2,
734.800,7.26183472E+2,
734.900,9.24231812E+2,
735.00,1.04423230E+3,
735.100,4.73756805E+2,
735.200,1.12731091E+3,
735.300,8.32228149E+2,
735.400,5.16169556E+2,
735.500,7.75727539E+2,
735.600,7.17419678E+2,
735.700,6.58889526E+2,
735.800,6.40141724E+2,
735.900,4.60981262E+2,
736.00,7.22914185E+2,
736.100,4.22474030E+2,
736.200,5.84489624E+2,
736.300,5.45180298E+2,
736.400,8.49620361E+2,
736.500,8.10651917E+2,
736.600,5.88805481E+2,
736.700,7.11939087E+2,
736.800,7.33631348E+2,
736.900,5.71657043E+2,
737.00,7.36345825E+2,
737.100,7.58124817E+2,
737.200,3.69464386E+2,
737.300,7.40224060E+2,
737.400,6.59132568E+2,
737.500,8.25362000E+2,
737.600,6.20108826E+2,
737.700,5.38373413E+2,
737.800,6.63778748E+2,
737.900,9.97422668E+2,
738.00,1.08244421E+3,
738.100,5.00436615E+2,
738.200,8.35477783E+2,
738.300,1.08796472E+3,
738.400,1.48801636E+3,
738.500,1.02868628E+3,
738.600,1.34587512E+3,
738.700,1.47455884E+3,
738.800,1.35046350E+3,
738.900,1.77550671E+3,
739.00,1.46093823E+3,
739.100,1.69679431E+3,
739.200,1.52978271E+3,
739.300,1.74529382E+3,
739.400,1.62041882E+3,
739.500,1.32423132E+3,
739.600,1.66888257E+3,
739.700,1.47890649E+3,
739.800,8.80309814E+2,
739.900,8.81854553E+2,
740.00,8.18762146E+2,
740.100,6.04408508E+2,
740.200,1.05966504E+3,
740.300,6.49970154E+2,
740.400,9.11638428E+2,
740.500,6.74117859E+2,
740.600,6.10005371E+2,
740.700,2.61914703E+2,
740.800,4.37332123E+2,
740.900,1.09535683E+2,
741.00,3.95059052E+2,
741.100,4.17778320E+2,
741.200,3.30436493E+2,
741.300,5.29678040E+2,
741.400,1.32665421E+2,
741.500,3.10127106E+2,
741.600,1.55351578E+2,
741.700,3.77984558E+2,
741.800,2.00481781E+2,
741.900,2.67807312E+2,
742.00,1.56512009E+2,
742.100,1.79194397E+2,
742.200,3.14158569E+2,
742.300,3.82169281E+2,
742.400,2.25213501E+2,
742.500,2.70746460E+2,
742.600,1.13015831E+2,
742.700,2.94375671E+2,
742.800,1.36112732E+2,
742.900,1.13633926E+2,
743.00,4.55363388E+1,
743.100,4.10575378E+2,
743.200,4.57029610E+1,
743.300,1.37359619E+2,
743.400,2.06416977E+2,
743.500,2.52749496E+2,
743.600,2.07174103E+2,
743.700,3.22862732E+2,
743.800,1.84831680E+2,
743.900,4.86075623E+2,
744.00,0.00000000E+0,
744.100,3.02015137E+2,
744.200,2.32750137E+2,
744.300,2.56499695E+2,
744.400,2.56976044E+2,
744.500,-4.68096581E+1,
744.600,2.11034821E+2,
744.700,1.17459846E+2,
744.800,-4.70713730E+1,
744.900,1.65057007E+2,
745.00,1.18117630E+2,
745.100,1.18332451E+2,
745.200,2.37096233E+1,
745.300,1.18764061E+2,
745.400,2.37961655E+2,
745.500,1.90716599E+2,
745.600,4.06012756E+2,
745.700,1.67487579E+2,
745.800,2.15734955E+2,
745.900,2.16130249E+2,
746.00,3.60876801E+2,
746.100,2.89205475E+2,
746.200,3.37996613E+2,
746.300,1.69293762E+2,
746.400,3.63407806E+2,
746.500,1.94156815E+2,
746.600,1.70184845E+2,
746.700,2.92257568E+2,
746.800,2.68372803E+2,
746.900,3.17725403E+2,
747.00,1.95866837E+2,
747.100,2.45237350E+2,
747.200,1.22821274E+2,
747.300,4.67491516E+2,
747.400,3.20391785E+2,
747.500,2.96235229E+2,
747.600,2.47271042E+1,
747.700,1.23840446E+2,
747.800,1.73663788E+2,
747.900,2.48502789E+1,
748.00,1.24457451E+2,
748.100,1.49595001E+2,
748.200,4.99473190E+1,
748.300,5.00297089E+1,
748.400,7.51686020E+1,
748.500,2.25878281E+2,
748.600,1.25695320E+2,
748.700,5.03613815E+1,
748.800,7.56670761E+1,
748.900,5.05283470E+1,
749.00,-7.59180984E+1,
749.100,1.52105591E+2,
749.200,2.53959999E+1,
749.300,5.08822479E+1,
749.400,1.27432106E+2,
749.500,7.65953217E+1,
749.600,5.11544952E+1,
749.700,-2.56228886E+1,
749.800,2.56685867E+1,
749.900,0.00000000E+0,
750.00,1.03041573E+2,
