Labels,32C_101_700K,
Type,Emission Scan,
Comment,,
Start,450.00,
Stop,750.00,
Step,0.150,
Fixed/Offset,248.400,
Xaxis,Wavelength,
Yaxis,Counts,
Scan Corr. by File,True,
Corr. by Ref. Det.,False,
Fixed/Offset Corr. by File,False,
Repeats,1,
Dwell Time,0.20,
Lamp,Xe,
Temp,27.30,
Scan Polariser,None,
Scan Slit,0.2520,
Fixed/Offset Polariser,None,
Fixed/Offset Slit,2.9970,
Detector,Red PMT,

450.00,1.03524744E+3,
450.1500,1.07095605E+3,
450.300,1.06187830E+3,
450.4500,8.87134521E+2,
450.600,7.34296082E+2,
450.7500,7.40807373E+2,
450.900,6.85607239E+2,
451.0500,6.33711365E+2,
451.200,6.52823547E+2,
451.3500,7.18005493E+2,
451.500,6.89467957E+2,
451.6500,7.00644653E+2,
451.800,7.34067322E+2,
451.9500,7.56371765E+2,
452.100,8.11230835E+2,
452.2500,8.64516113E+2,
452.400,9.78626831E+2,
452.5500,8.77499329E+2,
452.700,8.22413025E+2,
452.8500,7.61601929E+2,
453.00,7.70823669E+2,
453.1500,7.07546387E+2,
453.300,7.32028442E+2,
453.4500,6.48626831E+2,
453.600,7.42498718E+2,
453.7500,7.00525146E+2,
453.900,7.18596191E+2,
454.0500,6.91850220E+2,
454.200,6.72311768E+2,
454.3500,7.33249268E+2,
454.500,7.39810120E+2,
454.6500,7.29053894E+2,
454.800,7.32752380E+2,
454.9500,7.15142578E+2,
455.100,6.81981628E+2,
455.2500,7.40100159E+2,
455.400,7.39082275E+2,
455.5500,6.74642944E+2,
455.700,7.37169373E+2,
455.8500,7.34913696E+2,
456.00,7.36770508E+2,
456.1500,7.15618042E+2,
456.300,6.72108337E+2,
456.4500,7.37824890E+2,
456.600,7.76382385E+2,
456.7500,7.94853638E+2,
456.900,7.84538086E+2,
457.0500,8.38956055E+2,
457.200,7.86339233E+2,
457.3500,8.40214905E+2,
457.500,7.54063110E+2,
457.6500,8.10059814E+2,
457.800,8.10316772E+2,
457.9500,8.21800781E+2,
458.100,7.93711365E+2,
458.2500,8.02972168E+2,
458.400,8.25631897E+2,
458.5500,8.20049622E+2,
458.700,8.40001953E+2,
458.8500,7.88626831E+2,
459.00,7.77390503E+2,
459.1500,7.93880005E+2,
459.300,7.97161682E+2,
459.4500,7.11756958E+2,
459.600,7.14261353E+2,
459.7500,7.12075439E+2,
459.900,7.46065186E+2,
460.0500,8.01868469E+2,
460.200,7.19825684E+2,
460.3500,7.76561951E+2,
460.500,8.17940186E+2,
460.6500,7.67727173E+2,
460.800,7.80430908E+2,
460.9500,8.16802734E+2,
461.100,8.24984070E+2,
461.2500,8.39986633E+2,
461.400,7.75450562E+2,
461.5500,8.51879333E+2,
461.700,8.63341248E+2,
461.8500,9.72179932E+2,
462.00,9.95319092E+2,
462.1500,9.53909119E+2,
462.300,1.05427466E+3,
462.4500,1.06000110E+3,
462.600,1.15188525E+3,
462.7500,1.13558228E+3,
462.900,1.04237537E+3,
463.0500,1.03525793E+3,
463.200,9.72282898E+2,
463.3500,9.25776489E+2,
463.500,8.84876953E+2,
463.6500,8.18474304E+2,
463.800,7.75911621E+2,
463.9500,8.00731506E+2,
464.100,7.96829285E+2,
464.2500,8.02559265E+2,
464.400,7.69078552E+2,
464.5500,7.89660034E+2,
464.700,7.37375061E+2,
464.8500,7.59006042E+2,
465.00,7.12270325E+2,
465.1500,7.33031250E+2,
465.300,8.02927368E+2,
465.4500,7.61813965E+2,
465.600,7.51103943E+2,
465.7500,7.84176331E+2,
465.900,8.51449890E+2,
466.0500,7.40055115E+2,
466.200,8.27097717E+2,
466.3500,8.92164307E+2,
466.500,8.96074951E+2,
466.6500,1.06201929E+3,
466.800,1.16360779E+3,
466.9500,1.33902710E+3,
467.100,1.55010596E+3,
467.2500,1.56157532E+3,
467.400,1.53508521E+3,
467.5500,1.43799731E+3,
467.700,1.48334558E+3,
467.8500,1.18118787E+3,
468.00,1.26246936E+3,
468.1500,1.14905261E+3,
468.300,1.05827625E+3,
468.4500,1.00533423E+3,
468.600,9.54535034E+2,
468.7500,9.18057617E+2,
468.900,9.10064087E+2,
469.0500,8.94036255E+2,
469.200,8.67007263E+2,
469.3500,8.75446533E+2,
469.500,9.20282898E+2,
469.6500,9.11496277E+2,
469.800,9.01716858E+2,
469.9500,8.56640381E+2,
470.100,8.63145752E+2,
470.2500,8.12248718E+2,
470.400,7.50335388E+2,
470.5500,7.62983154E+2,
470.700,7.44432495E+2,
470.8500,7.25905640E+2,
471.00,7.46590698E+2,
471.1500,7.34247375E+2,
471.300,6.82757019E+2,
471.4500,6.73461548E+2,
471.600,6.95276367E+2,
471.7500,6.66930786E+2,
471.900,6.96754395E+2,
472.0500,6.97531250E+2,
472.200,7.26437378E+2,
472.3500,7.15261108E+2,
472.500,7.14105957E+2,
472.6500,7.10949402E+2,
472.800,8.28931030E+2,
472.9500,8.83805908E+2,
473.100,9.52729065E+2,
473.2500,1.01966364E+3,
473.400,1.17663184E+3,
473.5500,1.12047485E+3,
473.700,1.00131140E+3,
473.8500,8.38166870E+2,
474.00,7.56066040E+2,
474.1500,7.32054260E+2,
474.300,7.10043274E+2,
474.4500,7.15034119E+2,
474.600,7.19024902E+2,
474.7500,6.84014771E+2,
474.900,7.07006165E+2,
475.0500,6.65017151E+2,
475.200,6.67068726E+2,
475.3500,6.63119263E+2,
475.500,6.41164429E+2,
475.6500,6.17205261E+2,
475.800,7.01286377E+2,
475.9500,5.81281128E+2,
476.100,6.81409668E+2,
476.2500,6.24461548E+2,
476.400,6.75592285E+2,
476.5500,6.92702026E+2,
476.700,6.48745789E+2,
476.8500,5.77742493E+2,
477.00,5.95846008E+2,
477.1500,6.35041748E+2,
477.300,6.61229797E+2,
477.4500,6.01249573E+2,
477.600,6.42474792E+2,
477.7500,6.35596436E+2,
477.900,6.14676270E+2,
478.0500,6.40910156E+2,
478.200,6.20052979E+2,
478.3500,6.29290527E+2,
478.500,6.16445557E+2,
478.6500,6.19660095E+2,
478.800,6.58038147E+2,
478.9500,6.01973511E+2,
479.100,6.83644226E+2,
479.2500,6.60802551E+2,
479.400,6.29890442E+2,
479.5500,6.75455383E+2,
479.700,6.47541931E+2,
479.8500,6.62925537E+2,
480.00,6.57154541E+2,
480.1500,7.02826477E+2,
480.300,7.29370728E+2,
480.4500,7.61992615E+2,
480.600,8.25942932E+2,
480.7500,9.98034973E+2,
480.900,8.72149292E+2,
481.0500,8.80614990E+2,
481.200,9.19419495E+2,
481.3500,8.30757019E+2,
481.500,8.34138916E+2,
481.6500,7.79796631E+2,
481.800,7.47697083E+2,
481.9500,7.76383118E+2,
482.100,7.03716125E+2,
482.2500,7.51714355E+2,
482.400,7.91634949E+2,
482.5500,7.68636902E+2,
482.700,7.99455322E+2,
482.8500,7.68306580E+2,
483.00,8.42868347E+2,
483.1500,8.53502563E+2,
483.300,7.77629883E+2,
483.4500,7.59721008E+2,
483.600,7.14279297E+2,
483.7500,7.82969788E+2,
483.900,7.57888550E+2,
484.0500,7.63417236E+2,
484.200,7.79204895E+2,
484.3500,7.41872620E+2,
484.500,7.43347107E+2,
484.6500,7.65283447E+2,
484.800,7.71888245E+2,
484.9500,7.47768799E+2,
485.100,7.71830261E+2,
485.2500,6.71831604E+2,
485.400,6.52780701E+2,
485.5500,7.07651428E+2,
485.700,6.61873352E+2,
485.8500,6.81852112E+2,
486.00,7.24495667E+2,
486.1500,7.02337097E+2,
486.300,6.47169128E+2,
486.4500,6.48641418E+2,
486.600,6.56304993E+2,
486.7500,6.99086182E+2,
486.900,6.90256897E+2,
487.0500,6.64854309E+2,
487.200,6.29041748E+2,
487.3500,6.95671631E+2,
487.500,7.33375671E+2,
487.6500,6.85096619E+2,
487.800,6.73055847E+2,
487.9500,7.48164063E+2,
488.100,6.52025024E+2,
488.2500,7.10554382E+2,
488.400,7.24451904E+2,
488.5500,7.38362732E+2,
488.700,7.49165344E+2,
488.8500,7.52690186E+2,
489.00,7.23926636E+2,
489.1500,7.37933899E+2,
489.300,6.91466553E+2,
489.4500,6.88769592E+2,
489.600,7.10084717E+2,
489.7500,7.55456909E+2,
489.900,7.54879639E+2,
490.0500,7.66893921E+2,
490.200,8.04132690E+2,
490.3500,7.91128784E+2,
490.500,7.46642456E+2,
490.6500,8.05981750E+2,
490.800,8.12896057E+2,
490.9500,7.54653137E+2,
491.100,8.57302795E+2,
491.2500,8.48549133E+2,
491.400,8.88246643E+2,
491.5500,9.41716553E+2,
491.700,9.95272278E+2,
491.8500,9.65464783E+2,
492.00,1.01277850E+3,
492.1500,1.04324194E+3,
492.300,9.86919861E+2,
492.4500,1.00362762E+3,
492.600,9.30202332E+2,
492.7500,9.94652344E+2,
492.900,9.09406555E+2,
493.0500,8.86744263E+2,
493.200,9.56603882E+2,
493.3500,8.91326172E+2,
493.500,8.54718323E+2,
493.6500,8.23383606E+2,
493.800,7.66380310E+2,
493.9500,7.69106140E+2,
494.100,7.71829712E+2,
494.2500,8.19485596E+2,
494.400,7.58006348E+2,
494.5500,7.37146606E+2,
494.700,7.34481323E+2,
494.8500,7.89753235E+2,
495.00,7.33426453E+2,
495.1500,7.78060669E+2,
495.300,7.36721497E+2,
495.4500,7.24376831E+2,
495.600,7.21704834E+2,
495.7500,6.80218323E+2,
495.900,7.28208252E+2,
496.0500,6.74803284E+2,
496.200,6.82944885E+2,
496.3500,7.36521851E+2,
496.500,7.40394592E+2,
496.6500,6.55435303E+2,
496.800,6.51650757E+2,
496.9500,6.89094910E+2,
497.100,6.44087463E+2,
497.2500,6.46846680E+2,
497.400,7.09454895E+2,
497.5500,6.45837646E+2,
497.700,7.56516602E+2,
497.8500,6.25176086E+2,
498.00,6.66139221E+2,
498.1500,6.48164429E+2,
498.300,6.26872192E+2,
498.4500,6.79999756E+2,
498.600,6.93764465E+2,
498.7500,6.23083984E+2,
498.900,6.31327332E+2,
499.0500,6.41783936E+2,
499.200,6.84161743E+2,
499.3500,6.52850708E+2,
499.500,6.79882507E+2,
499.6500,6.27551086E+2,
499.800,6.78888916E+2,
499.9500,6.22039063E+2,
500.100,6.00479553E+2,
500.2500,5.70027649E+2,
500.400,5.99342346E+2,
500.5500,6.45339417E+2,
500.700,6.67000610E+2,
500.8500,6.19827576E+2,
501.00,5.99251465E+2,
501.1500,5.76408203E+2,
501.300,6.27028748E+2,
501.4500,6.32032959E+2,
501.600,5.85722717E+2,
501.7500,6.14144165E+2,
501.900,5.90085693E+2,
502.0500,6.05134155E+2,
502.200,6.01177124E+2,
502.3500,6.03933716E+2,
502.500,5.68564209E+2,
502.6500,5.72415771E+2,
502.800,5.86381775E+2,
502.9500,5.47528137E+2,
503.100,6.23401794E+2,
503.2500,5.83411316E+2,
503.400,6.40293274E+2,
503.5500,5.42700134E+2,
503.700,5.66893738E+2,
503.8500,5.53829041E+2,
504.00,6.02958252E+2,
504.1500,5.58216553E+2,
504.300,5.34924255E+2,
504.4500,6.03469299E+2,
504.600,5.40433716E+2,
504.7500,5.86375366E+2,
504.900,6.21023376E+2,
505.0500,5.63520935E+2,
505.200,5.33263794E+2,
505.3500,5.73659485E+2,
505.500,5.73031738E+2,
505.6500,5.51835266E+2,
505.800,5.78627380E+2,
505.9500,5.63116821E+2,
506.100,5.88835815E+2,
506.2500,6.16902893E+2,
506.400,6.11735657E+2,
506.5500,5.73241943E+2,
506.700,6.03665527E+2,
506.8500,5.73145081E+2,
507.00,6.10531372E+2,
507.1500,6.00762024E+2,
507.300,6.00204651E+2,
507.4500,5.80002380E+2,
507.600,6.33775085E+2,
507.7500,6.26295227E+2,
507.900,6.52403076E+2,
508.0500,5.78816101E+2,
508.200,6.21213806E+2,
508.3500,5.83494324E+2,
508.500,6.59720886E+2,
508.6500,6.63888062E+2,
508.800,6.31918030E+2,
508.9500,6.25556458E+2,
509.100,5.87627319E+2,
509.2500,5.56632446E+2,
509.400,5.74737061E+2,
509.5500,5.67097839E+2,
509.700,5.66478577E+2,
509.8500,5.94030884E+2,
510.00,5.44077148E+2,
510.1500,5.39869690E+2,
510.300,5.78033936E+2,
510.4500,5.63240845E+2,
510.600,5.62571411E+2,
510.7500,5.65440002E+2,
510.900,5.28139893E+2,
511.0500,5.65276306E+2,
511.200,5.65789917E+2,
511.3500,5.35499084E+2,
511.500,4.99222565E+2,
511.6500,5.12727173E+2,
511.800,4.97743835E+2,
511.9500,4.73220123E+2,
512.100,5.12936768E+2,
512.2500,4.74116364E+2,
512.400,4.44759064E+2,
512.5500,4.92922333E+2,
512.700,4.49187622E+2,
512.8500,4.75918823E+2,
513.00,4.85942444E+2,
513.1500,5.05603363E+2,
513.300,5.24102051E+2,
513.4500,5.24628540E+2,
513.600,5.03522400E+2,
513.7500,4.41473145E+2,
513.900,4.31075439E+2,
514.0500,4.41152344E+2,
514.200,4.92286255E+2,
514.3500,4.95210327E+2,
514.500,4.61866577E+2,
514.6500,4.17559448E+2,
514.800,4.36160156E+2,
514.9500,4.26903381E+2,
515.100,4.62544434E+2,
515.2500,4.43569733E+2,
515.400,4.06307495E+2,
515.5500,4.94392578E+2,
515.700,3.98593597E+2,
515.8500,4.29497070E+2,
516.00,4.23819611E+2,
516.1500,4.74372894E+2,
516.300,4.82191193E+2,
516.4500,4.45921509E+2,
516.600,4.34102753E+2,
516.7500,3.92799377E+2,
516.900,3.79672668E+2,
517.0500,4.52619171E+2,
517.200,4.48158264E+2,
517.3500,3.80830475E+2,
517.500,4.18230042E+2,
517.6500,4.02600281E+2,
517.800,4.42566803E+2,
517.9500,4.19501953E+2,
518.100,4.76914246E+2,
518.2500,4.29046600E+2,
518.400,4.22040955E+2,
518.5500,4.22474365E+2,
518.700,4.31614197E+2,
518.8500,4.28319458E+2,
519.00,4.20031189E+2,
519.1500,4.04257141E+2,
519.300,4.29665588E+2,
519.4500,4.20116547E+2,
519.600,3.96777039E+2,
519.7500,4.08470520E+2,
519.900,4.07643921E+2,
520.0500,4.03052612E+2,
520.200,3.26814056E+2,
520.3500,4.13992279E+2,
520.500,4.23256561E+2,
520.6500,4.27494690E+2,
520.800,4.12803955E+2,
520.9500,4.04399078E+2,
521.100,4.45309204E+2,
521.2500,4.53375641E+2,
521.400,3.68912201E+2,
521.5500,4.11176361E+2,
521.700,3.79845184E+2,
521.8500,4.06945251E+2,
522.00,4.31554352E+2,
522.1500,4.09062653E+2,
522.300,3.90349487E+2,
522.4500,3.88197174E+2,
522.600,4.35891113E+2,
522.7500,3.65960022E+2,
522.900,4.34220245E+2,
523.0500,3.96203552E+2,
523.200,3.87643341E+2,
523.3500,4.03477020E+2,
523.500,4.16770660E+2,
523.6500,3.85021484E+2,
523.800,4.17656006E+2,
523.9500,4.23259491E+2,
524.100,4.03042694E+2,
524.2500,4.20286743E+2,
524.400,4.78992279E+2,
524.5500,3.99153900E+2,
524.700,4.02173401E+2,
524.8500,3.75326965E+2,
525.00,4.48529022E+2,
525.1500,4.00835632E+2,
525.300,4.05152557E+2,
525.4500,4.53815247E+2,
525.600,4.24251434E+2,
525.7500,4.48201599E+2,
525.900,4.14645111E+2,
526.0500,4.17686646E+2,
526.200,3.93219666E+2,
526.3500,4.53986023E+2,
526.500,4.25562164E+2,
526.6500,4.40466797E+2,
526.800,4.05385132E+2,
526.9500,4.33471802E+2,
527.100,4.51096588E+2,
527.2500,3.86905365E+2,
527.400,4.58731934E+2,
527.5500,4.51309570E+2,
527.700,4.65068665E+2,
527.8500,3.84676849E+2,
528.00,4.67442261E+2,
528.1500,4.26771332E+2,
528.300,3.89996704E+2,
528.4500,4.73068390E+2,
528.600,4.18914764E+2,
528.7500,4.23404022E+2,
528.900,4.74703491E+2,
529.0500,4.51145996E+2,
529.200,4.32887451E+2,
529.3500,5.40705750E+2,
529.500,4.31165100E+2,
529.6500,4.62571075E+2,
529.800,4.84621002E+2,
529.9500,4.63593262E+2,
530.100,4.53304779E+2,
530.2500,5.03766205E+2,
530.400,4.74564362E+2,
530.5500,4.46650818E+2,
530.700,4.68808807E+2,
530.8500,4.39469177E+2,
531.00,4.65736877E+2,
531.1500,4.93427856E+2,
531.300,4.78992432E+2,
531.4500,4.68611176E+2,
531.600,4.78660706E+2,
531.7500,4.72348450E+2,
531.900,4.34588257E+2,
532.0500,4.84311432E+2,
532.200,5.05397430E+2,
532.3500,4.37402069E+2,
532.500,4.83187439E+2,
532.6500,4.45245331E+2,
532.800,5.22778625E+2,
532.9500,5.02696777E+2,
533.100,4.50870636E+2,
533.2500,4.34822174E+2,
533.400,3.86950012E+2,
533.5500,4.64868622E+2,
533.700,4.91713898E+2,
533.8500,4.56217163E+2,
534.00,4.74780243E+2,
534.1500,5.22577087E+2,
534.300,4.74472839E+2,
534.4500,4.54117401E+2,
534.600,4.95074799E+2,
534.7500,4.52354187E+2,
534.900,4.09535065E+2,
535.0500,4.26786072E+2,
535.200,4.46873260E+2,
535.3500,4.24930634E+2,
535.500,4.94195679E+2,
535.6500,4.55387390E+2,
535.800,4.88251495E+2,
535.9500,4.50755859E+2,
536.100,5.14711548E+2,
536.2500,4.70106628E+2,
536.400,4.87585785E+2,
536.5500,4.54166565E+2,
536.700,4.47584045E+2,
536.8500,4.79269653E+2,
537.00,4.92569855E+2,
537.1500,4.67548615E+2,
537.300,5.19295715E+2,
537.4500,4.84273804E+2,
537.600,4.91948547E+2,
537.7500,4.76798492E+2,
537.900,5.17348999E+2,
538.0500,4.63560211E+2,
538.200,5.07051514E+2,
538.3500,4.47393311E+2,
538.500,4.70862427E+2,
538.6500,5.18813782E+2,
538.800,3.55372467E+2,
538.9500,4.86838867E+2,
539.100,4.93150574E+2,
539.2500,4.67718872E+2,
539.400,5.14487793E+2,
539.5500,4.42721069E+2,
539.700,4.86665955E+2,
539.8500,4.61105255E+2,
540.00,4.54357697E+2,
540.1500,4.65058929E+2,
540.300,4.88877563E+2,
540.4500,4.22435974E+2,
540.600,4.81257263E+2,
540.7500,4.23409943E+2,
540.900,4.37051697E+2,
541.0500,4.09751160E+2,
541.200,4.86415314E+2,
541.3500,4.86981781E+2,
541.500,4.40555450E+2,
541.6500,4.88113556E+2,
541.800,4.82790253E+2,
541.9500,4.62717010E+2,
542.100,4.57348907E+2,
542.2500,4.44582306E+2,
542.400,4.06646393E+2,
542.5500,4.57445801E+2,
542.700,5.39484253E+2,
542.8500,4.30298676E+2,
543.00,4.87236450E+2,
543.1500,4.65483246E+2,
543.300,4.30278625E+2,
543.4500,4.76972565E+2,
543.600,4.70049835E+2,
543.7500,4.25762482E+2,
543.900,4.35214661E+2,
544.0500,4.64149261E+2,
544.200,4.72159821E+2,
544.3500,4.72683105E+2,
544.500,4.62690399E+2,
544.6500,4.52673798E+2,
544.800,4.57688568E+2,
544.9500,4.55177032E+2,
545.100,4.48140564E+2,
545.2500,4.71303345E+2,
545.400,4.64270721E+2,
545.5500,4.67817993E+2,
545.700,4.74403107E+2,
545.8500,4.70379211E+2,
546.00,5.14954224E+2,
546.1500,4.48650269E+2,
546.300,4.24820526E+2,
546.4500,4.55813385E+2,
546.600,4.45668335E+2,
546.7500,4.37026031E+2,
546.900,4.29891479E+2,
547.0500,4.54912415E+2,
547.200,4.72344574E+2,
547.3500,4.42217407E+2,
547.500,4.70434662E+2,
547.6500,4.04824646E+2,
547.800,4.59260529E+2,
547.9500,4.07359436E+2,
548.100,4.77378723E+2,
548.2500,4.23824280E+2,
548.400,4.53766479E+2,
548.5500,4.68273499E+2,
548.700,4.67289886E+2,
548.8500,4.80290527E+2,
549.00,4.82427643E+2,
549.1500,4.34702515E+2,
549.300,4.57058350E+2,
549.4500,4.48230286E+2,
549.600,4.75342407E+2,
549.7500,3.94499603E+2,
549.900,5.26619873E+2,
550.0500,3.92290741E+2,
550.200,4.66587860E+2,
550.3500,5.12745605E+2,
550.500,4.73977264E+2,
550.6500,4.96600494E+2,
550.800,4.60875397E+2,
550.9500,5.08814972E+2,
551.100,4.52453033E+2,
551.2500,4.48226593E+2,
551.400,4.63016541E+2,
551.5500,4.28625946E+2,
551.700,4.92693329E+2,
551.8500,4.35977814E+2,
552.00,4.97011688E+2,
552.1500,4.92817169E+2,
552.300,4.87013702E+2,
552.4500,4.55616364E+2,
552.600,5.15373474E+2,
552.7500,4.72714783E+2,
552.900,5.82362793E+2,
553.0500,5.65388245E+2,
553.200,5.03364075E+2,
553.3500,4.65337463E+2,
553.500,4.67519623E+2,
553.6500,5.13286072E+2,
553.800,5.57545654E+2,
553.9500,5.50134033E+2,
554.100,5.57286072E+2,
554.2500,4.72002197E+2,
554.400,5.81385559E+2,
554.5500,5.28436951E+2,
554.700,5.63266479E+2,
554.8500,5.76988953E+2,
555.00,5.79319763E+2,
555.1500,5.81650574E+2,
555.300,5.64354431E+2,
555.4500,5.94510498E+2,
555.600,5.05035828E+2,
555.7500,6.23839478E+2,
555.900,5.52262146E+2,
556.0500,5.92415466E+2,
556.200,6.03013855E+2,
556.3500,5.27857727E+2,
556.500,5.49960266E+2,
556.6500,5.47310974E+2,
556.800,6.53914246E+2,
556.9500,5.78450256E+2,
557.100,6.05695679E+2,
557.2500,6.23039978E+2,
557.400,6.50404358E+2,
557.5500,6.46188232E+2,
557.700,6.21950867E+2,
557.8500,6.61090271E+2,
558.00,6.05050903E+2,
558.1500,6.59342834E+2,
558.300,6.83605225E+2,
558.4500,6.59276062E+2,
558.600,6.34884399E+2,
558.7500,6.91149597E+2,
558.900,7.35763184E+2,
559.0500,6.87776184E+2,
559.200,7.03823486E+2,
559.3500,6.48930420E+2,
559.500,7.03880371E+2,
559.6500,6.40375732E+2,
559.800,6.19115845E+2,
559.9500,6.77621826E+2,
560.100,5.86635437E+2,
560.2500,6.35027405E+2,
560.400,5.81261292E+2,
560.5500,5.80266907E+2,
560.700,5.60472168E+2,
560.8500,5.61156311E+2,
561.00,5.31007751E+2,
561.1500,4.90487366E+2,
561.300,5.61475403E+2,
561.4500,5.43238647E+2,
561.600,4.97416779E+2,
561.7500,5.35921814E+2,
561.900,5.05505737E+2,
562.0500,5.25109436E+2,
562.200,4.44457245E+2,
562.3500,5.03858978E+2,
562.500,4.43786987E+2,
562.6500,4.49522919E+2,
562.800,4.79597870E+2,
562.9500,4.47112488E+2,
563.100,4.33731445E+2,
563.2500,4.30792053E+2,
563.400,3.99902740E+2,
563.5500,3.84669952E+2,
563.700,4.21918640E+2,
563.8500,4.29459595E+2,
564.00,4.31753052E+2,
564.1500,4.20031525E+2,
564.300,4.22354797E+2,
564.4500,4.17634399E+2,
564.600,4.04076385E+2,
564.7500,4.24051727E+2,
564.900,3.85693756E+2,
565.0500,4.14548126E+2,
565.200,3.67192322E+2,
565.3500,4.03191986E+2,
565.500,4.26834412E+2,
565.6500,3.75743774E+2,
565.800,4.26154358E+2,
565.9500,4.26703339E+2,
566.100,3.77174194E+2,
566.2500,3.72255035E+2,
566.400,3.47612671E+2,
566.5500,4.12607483E+2,
566.700,4.05912445E+2,
566.8500,3.59639374E+2,
567.00,3.34859680E+2,
567.1500,3.37056427E+2,
567.300,4.04220917E+2,
567.4500,4.06501709E+2,
567.600,3.85271790E+2,
567.7500,4.25561890E+2,
567.900,3.55350586E+2,
568.0500,3.84816559E+2,
568.200,3.85295868E+2,
568.3500,3.94872955E+2,
568.500,3.82609283E+2,
568.6500,4.03149414E+2,
568.800,3.83556427E+2,
568.9500,3.54770386E+2,
569.100,4.19305145E+2,
569.2500,4.05175415E+2,
569.400,4.13036407E+2,
569.5500,4.00696930E+2,
569.700,3.22070251E+2,
569.8500,4.25673065E+2,
570.00,3.74551300E+2,
570.1500,4.61830566E+2,
570.300,4.53142426E+2,
570.4500,4.18506775E+2,
570.600,3.61537018E+2,
570.7500,4.06523499E+2,
570.900,3.88427826E+2,
571.0500,3.94468933E+2,
571.200,4.15410706E+2,
571.3500,4.23343811E+2,
571.500,3.99553619E+2,
571.6500,4.54214081E+2,
571.800,4.28530304E+2,
571.9500,4.42129181E+2,
572.100,4.63274353E+2,
572.2500,4.24385559E+2,
572.400,4.68124359E+2,
572.5500,4.32910675E+2,
572.700,4.20226288E+2,
572.8500,4.52789215E+2,
573.00,4.75983093E+2,
573.1500,4.27399933E+2,
573.300,4.29819000E+2,
573.4500,4.91012665E+2,
573.600,5.12493713E+2,
573.7500,4.94116486E+2,
573.900,5.15650757E+2,
574.0500,4.87704071E+2,
574.200,5.26450500E+2,
574.3500,4.52613464E+2,
574.500,5.22001648E+2,
574.6500,5.20723755E+2,
574.800,4.61937561E+2,
574.9500,5.33504822E+2,
575.100,5.34154724E+2,
575.2500,5.46348938E+2,
575.400,5.41236023E+2,
575.5500,5.24537476E+2,
575.700,5.19381714E+2,
575.8500,5.02612183E+2,
576.00,4.95478180E+2,
576.1500,5.96856812E+2,
576.300,5.23861755E+2,
576.4500,6.06094543E+2,
576.600,5.79606995E+2,
576.7500,6.07579407E+2,
576.900,5.82974731E+2,
577.0500,6.01249512E+2,
577.200,5.68741882E+2,
577.3500,6.10511414E+2,
577.500,5.28955811E+2,
577.6500,5.98233887E+2,
577.800,6.26434937E+2,
577.9500,6.84192261E+2,
578.100,6.00341370E+2,
578.2500,6.02993164E+2,
578.400,6.17485657E+2,
578.5500,7.26809753E+2,
578.700,6.40630676E+2,
578.8500,5.64152039E+2,
579.00,6.04420471E+2,
579.1500,6.40812317E+2,
579.300,6.45504822E+2,
579.4500,6.54182800E+2,
579.600,6.94727844E+2,
579.7500,5.93869568E+2,
579.900,7.26207275E+2,
580.0500,6.89076294E+2,
580.200,6.21882507E+2,
580.3500,6.26600647E+2,
580.500,7.15504883E+2,
580.6500,7.44415466E+2,
580.800,7.11116211E+2,
580.9500,7.42094177E+2,
581.100,7.49002258E+2,
581.2500,7.21667297E+2,
581.400,7.06374451E+2,
581.5500,8.26422058E+2,
581.700,8.29418274E+2,
581.8500,7.85834900E+2,
582.00,7.68507568E+2,
582.1500,7.36953796E+2,
582.300,7.54103516E+2,
582.4500,7.79432983E+2,
582.600,8.08895020E+2,
582.7500,8.81265015E+2,
582.900,7.90412903E+2,
583.0500,7.79094543E+2,
583.200,7.71852844E+2,
583.3500,9.08078735E+2,
583.500,8.66080750E+2,
583.6500,8.60964600E+2,
583.800,8.08514587E+2,
583.9500,8.56864563E+2,
584.100,8.99149719E+2,
584.2500,8.77531860E+2,
584.400,8.51723816E+2,
584.5500,9.10710938E+2,
584.700,9.86417236E+2,
584.8500,8.25774048E+2,
585.00,9.38946106E+2,
585.1500,1.05237549E+3,
585.300,8.84964417E+2,
585.4500,9.21457825E+2,
585.600,9.30899902E+2,
585.7500,9.09016785E+2,
585.900,9.33106384E+2,
586.0500,1.03892969E+3,
586.200,1.00237848E+3,
586.3500,1.06861133E+3,
586.500,1.08244739E+3,
586.6500,1.08158203E+3,
586.800,8.99538696E+2,
586.9500,1.05452539E+3,
587.100,9.54370789E+2,
587.2500,1.08439197E+3,
587.400,9.64990601E+2,
587.5500,1.14827429E+3,
587.700,1.05199988E+3,
587.8500,1.09139893E+3,
588.00,1.04798071E+3,
588.1500,1.14706335E+3,
588.300,1.07805310E+3,
588.4500,1.09846826E+3,
588.600,1.16803796E+3,
588.7500,1.20783337E+3,
588.900,1.17922937E+3,
589.0500,1.16986108E+3,
589.200,1.20341504E+3,
589.3500,1.13825110E+3,
589.500,1.17398901E+3,
589.6500,1.12800500E+3,
589.800,1.33191150E+3,
589.9500,1.18026880E+3,
590.100,1.26381641E+3,
590.2500,1.36491675E+3,
590.400,1.28433789E+3,
590.5500,1.26210120E+3,
590.700,1.35054077E+3,
590.8500,1.39789050E+3,
591.00,1.30604443E+3,
591.1500,1.35349988E+3,
591.300,1.36833630E+3,
591.4500,1.30891187E+3,
591.600,1.37841870E+3,
591.7500,1.36485095E+3,
591.900,1.40827673E+3,
592.0500,1.41883325E+3,
592.200,1.43595325E+3,
592.3500,1.55438586E+3,
592.500,1.41960217E+3,
592.6500,1.48091138E+3,
592.800,1.53352380E+3,
592.9500,1.50219055E+3,
593.100,1.50622229E+3,
593.2500,1.53687646E+3,
593.400,1.56537952E+3,
593.5500,1.55615222E+3,
593.700,1.59586548E+3,
593.8500,1.55990100E+3,
594.00,1.49930432E+3,
594.1500,1.60178882E+3,
594.300,1.47636719E+3,
594.4500,1.63059338E+3,
594.600,1.75381482E+3,
594.7500,1.59664673E+3,
594.900,1.55823889E+3,
595.0500,1.59180066E+3,
595.200,1.76303418E+3,
595.3500,1.56899719E+3,
595.500,1.75195178E+3,
595.6500,1.70223877E+3,
595.800,1.69545093E+3,
595.9500,1.77261865E+3,
596.100,1.81588428E+3,
596.2500,1.70223145E+3,
596.400,1.61333691E+3,
596.5500,1.70673840E+3,
596.700,1.83922363E+3,
596.8500,1.74098572E+3,
597.00,1.70433545E+3,
597.1500,1.68820386E+3,
597.300,1.80293628E+3,
597.4500,1.80757654E+3,
597.600,1.89972229E+3,
597.7500,1.74078418E+3,
597.900,1.74534265E+3,
598.0500,1.89784583E+3,
598.200,1.98360571E+3,
598.3500,1.88880750E+3,
598.500,1.89354431E+3,
598.6500,1.90990405E+3,
598.800,1.91931799E+3,
598.9500,1.80063342E+3,
599.100,1.89393127E+3,
599.2500,1.84969775E+3,
599.400,1.85678955E+3,
599.5500,1.91306445E+3,
599.700,1.97417078E+3,
599.8500,1.88048083E+3,
600.00,1.87587036E+3,
600.1500,2.05980688E+3,
600.300,1.98494250E+3,
600.4500,1.92402380E+3,
600.600,2.14425220E+3,
600.7500,1.92001611E+3,
600.900,1.93221899E+3,
601.0500,2.08698730E+3,
601.200,2.04978223E+3,
601.3500,2.17916333E+3,
601.500,2.10380396E+3,
601.6500,2.08076050E+3,
601.800,2.09113159E+3,
601.9500,2.08475464E+3,
602.100,2.13357446E+3,
602.2500,2.10323169E+3,
602.400,2.28223145E+3,
602.5500,2.12180298E+3,
602.700,2.10334888E+3,
602.8500,2.25170972E+3,
603.00,2.26971704E+3,
603.1500,2.16397559E+3,
603.300,2.32030396E+3,
603.4500,2.38706616E+3,
603.600,2.19813623E+3,
603.7500,2.33567529E+3,
603.900,2.37095850E+3,
604.0500,2.31084644E+3,
604.200,2.52508496E+3,
604.3500,2.53616699E+3,
604.500,2.24238574E+3,
604.6500,2.31216333E+3,
604.800,2.43885254E+3,
604.9500,2.38068652E+3,
605.100,2.47074951E+3,
605.2500,2.52639990E+3,
605.400,2.45818115E+3,
605.5500,2.40217017E+3,
605.700,2.56988916E+3,
605.8500,2.58860303E+3,
606.00,2.51254883E+3,
606.1500,2.52138843E+3,
606.300,2.52773877E+3,
606.4500,2.80480664E+3,
606.600,2.63335522E+3,
606.7500,2.67004688E+3,
606.900,2.78741675E+3,
607.0500,2.91272485E+3,
607.200,2.50806519E+3,
607.3500,2.66372314E+3,
607.500,2.79451587E+3,
607.6500,2.90032886E+3,
607.800,2.73960889E+3,
607.9500,2.89909302E+3,
608.100,2.91628223E+3,
608.2500,2.84669849E+3,
608.400,2.89195776E+3,
608.5500,2.95014429E+3,
608.700,2.95463989E+3,
608.8500,3.14408154E+3,
609.00,3.08454590E+3,
609.1500,3.03785034E+3,
609.300,3.08131567E+3,
609.4500,2.90262427E+3,
609.600,3.13238159E+3,
609.7500,2.95318408E+3,
609.900,3.00713184E+3,
610.0500,3.05348877E+3,
610.200,3.16002246E+3,
610.3500,3.12337183E+3,
610.500,3.30351318E+3,
610.6500,2.92402710E+3,
610.800,3.20927930E+3,
610.9500,3.12777686E+3,
611.100,2.99599927E+3,
611.2500,3.18783081E+3,
611.400,2.97389307E+3,
611.5500,3.14777441E+3,
611.700,3.28778711E+3,
611.8500,3.14188086E+3,
612.00,2.98487695E+3,
612.1500,3.02943872E+3,
612.300,2.96224121E+3,
612.4500,2.94285034E+3,
612.600,2.83787573E+3,
612.7500,2.97878711E+3,
612.900,3.02362915E+3,
613.0500,3.07400586E+3,
613.200,2.90680884E+3,
613.3500,2.95991357E+3,
613.500,2.91066870E+3,
613.6500,2.89908350E+3,
613.800,2.79002466E+3,
613.9500,2.98689038E+3,
614.100,3.01350269E+3,
614.2500,2.93149561E+3,
614.400,2.84103442E+3,
614.5500,2.94670288E+3,
614.700,2.74389014E+3,
614.8500,2.86341455E+3,
615.00,2.74750903E+3,
615.1500,2.91422729E+3,
615.300,2.89715552E+3,
615.4500,2.92411426E+3,
615.600,2.68612573E+3,
615.7500,2.69066919E+3,
615.900,2.85587915E+3,
616.0500,2.97169702E+3,
616.200,2.83777148E+3,
616.3500,2.77019604E+3,
616.500,2.57130493E+3,
616.6500,2.76282788E+3,
616.800,2.81507080E+3,
616.9500,2.73293701E+3,
617.100,2.75447681E+3,
617.2500,2.87174976E+3,
617.400,2.63158984E+3,
617.5500,2.56275122E+3,
617.700,2.66895923E+3,
617.8500,2.78684961E+3,
618.00,2.67249731E+3,
618.1500,2.73128223E+3,
618.300,2.51123486E+3,
618.4500,2.34173462E+3,
618.600,2.41449341E+3,
618.7500,2.64493921E+3,
618.900,2.50914624E+3,
619.0500,2.62856519E+3,
619.200,2.49810425E+3,
619.3500,2.59493042E+3,
619.500,2.46101709E+3,
619.6500,2.47129541E+3,
619.800,2.39462476E+3,
619.9500,2.57324976E+3,
620.100,2.29280054E+3,
620.2500,2.55641943E+3,
620.400,2.26613916E+3,
620.5500,2.64767432E+3,
620.700,2.47371558E+3,
620.8500,2.45766821E+3,
621.00,2.21798804E+3,
621.1500,2.39878052E+3,
621.300,2.38536304E+3,
621.4500,2.22697485E+3,
621.600,2.36428418E+3,
621.7500,2.31211865E+3,
621.900,2.10811646E+3,
622.0500,2.24292676E+3,
622.200,2.30059790E+3,
622.3500,2.08644580E+3,
622.500,2.15001245E+3,
622.6500,2.28278955E+3,
622.800,2.17562158E+3,
622.9500,2.05301880E+3,
623.100,2.09887427E+3,
623.2500,2.03010022E+3,
623.400,2.21528784E+3,
623.5500,2.13129834E+3,
623.700,1.95285413E+3,
623.8500,2.08410010E+3,
624.00,2.06036108E+3,
624.1500,2.05800854E+3,
624.300,1.76809155E+3,
624.4500,2.01034424E+3,
624.600,2.00478967E+3,
624.7500,1.90693481E+3,
624.900,1.92888757E+3,
625.0500,1.90155566E+3,
625.200,1.88346912E+3,
625.3500,1.83431982E+3,
625.500,1.92467151E+3,
625.6500,1.90339087E+3,
625.800,1.82904871E+3,
625.9500,1.84495374E+3,
626.100,1.72958167E+3,
626.2500,1.66078455E+3,
626.400,1.79264771E+3,
626.5500,1.78031042E+3,
626.700,1.74901245E+3,
626.8500,1.73968823E+3,
627.00,1.85685303E+3,
627.1500,1.68605090E+3,
627.300,1.75908728E+3,
627.4500,1.67651379E+3,
627.600,1.63824097E+3,
627.7500,1.79141101E+3,
627.900,1.84597559E+3,
628.0500,1.57060083E+3,
628.200,1.63781775E+3,
628.3500,1.57336377E+3,
628.500,1.59247229E+3,
628.6500,1.77313501E+3,
628.800,1.59205530E+3,
628.9500,1.57886804E+3,
629.100,1.60462927E+3,
629.2500,1.64026001E+3,
629.400,1.65971838E+3,
629.5500,1.60083325E+3,
629.700,1.64318872E+3,
629.8500,1.65618237E+3,
630.00,1.55092749E+3,
630.1500,1.62637219E+3,
630.300,1.57345361E+3,
630.4500,1.67235706E+3,
630.600,1.59612830E+3,
630.7500,1.63904004E+3,
630.900,1.49927417E+3,
631.0500,1.40227502E+3,
631.200,1.30158899E+3,
631.3500,1.54827356E+3,
631.500,1.45081458E+3,
631.6500,1.58461304E+3,
631.800,1.53055493E+3,
631.9500,1.61109875E+3,
632.100,1.54336768E+3,
632.2500,1.38061780E+3,
632.400,1.56983679E+3,
632.5500,1.50160254E+3,
632.700,1.36841687E+3,
632.8500,1.57236133E+3,
633.00,1.45586023E+3,
633.1500,1.33886633E+3,
633.300,1.44784558E+3,
633.4500,1.30973816E+3,
633.600,1.60507214E+3,
633.7500,1.38043970E+3,
633.900,1.37622510E+3,
634.0500,1.45860571E+3,
634.200,1.39551575E+3,
634.3500,1.46782190E+3,
634.500,1.36963684E+3,
634.6500,1.29201233E+3,
634.800,1.45898926E+3,
634.9500,1.44432422E+3,
635.100,1.37344775E+3,
635.2500,1.45717590E+3,
635.400,1.34373303E+3,
635.5500,1.39238635E+3,
635.700,1.30666968E+3,
635.8500,1.37672327E+3,
636.00,1.37238916E+3,
636.1500,1.30041492E+3,
636.300,1.29239697E+3,
636.4500,1.32011731E+3,
636.600,1.19020691E+3,
636.7500,1.40821362E+3,
636.900,1.35353235E+3,
637.0500,1.31303174E+3,
637.200,1.24703235E+3,
637.3500,1.36185461E+3,
637.500,1.28478442E+3,
637.6500,1.14920703E+3,
637.800,1.27544775E+3,
637.9500,1.11372583E+3,
638.100,1.21840320E+3,
638.2500,1.25014856E+3,
638.400,1.27834216E+3,
638.5500,1.20358093E+3,
638.700,1.17277539E+3,
638.8500,1.14923218E+3,
639.00,1.12559033E+3,
639.1500,1.19096191E+3,
639.300,9.96352112E+2,
639.4500,1.22935632E+3,
639.600,1.14600757E+3,
639.7500,1.31666956E+3,
639.900,1.16568115E+3,
640.0500,1.11175281E+3,
640.200,1.17057739E+3,
640.3500,1.14289197E+3,
640.500,1.05838391E+3,
640.6500,1.04548364E+3,
640.800,1.02872583E+3,
640.9500,1.03471826E+3,
641.100,1.18559216E+3,
641.2500,1.01237708E+3,
641.400,1.10258142E+3,
641.5500,1.02435461E+3,
641.700,1.02268616E+3,
641.8500,8.90007813E+2,
642.00,1.13514209E+3,
642.1500,9.75026123E+2,
642.300,9.69321289E+2,
642.4500,9.63589600E+2,
642.600,8.68275391E+2,
642.7500,9.24726135E+2,
642.900,9.34490906E+2,
643.0500,8.85513550E+2,
643.200,8.91289978E+2,
643.3500,9.36431763E+2,
643.500,8.83187561E+2,
643.6500,8.41570801E+2,
643.800,8.39367676E+2,
643.9500,9.32374023E+2,
644.100,8.50827454E+2,
644.2500,9.16348755E+2,
644.400,8.98299377E+2,
644.5500,9.92190430E+2,
644.700,9.38133484E+2,
644.8500,8.03496094E+2,
645.00,9.33999512E+2,
645.1500,7.74628784E+2,
645.300,8.57158752E+2,
645.4500,8.95470703E+2,
645.600,8.20245361E+2,
645.7500,8.34218079E+2,
645.900,8.56404114E+2,
646.0500,8.17389587E+2,
646.200,7.49556580E+2,
646.3500,7.88149048E+2,
646.500,7.73426086E+2,
646.6500,7.25651245E+2,
646.800,7.85095337E+2,
646.9500,6.83293152E+2,
647.100,8.46638611E+2,
647.2500,8.23518372E+2,
647.400,7.79453552E+2,
647.5500,7.76964966E+2,
647.700,7.32600342E+2,
647.8500,7.71946350E+2,
648.00,7.02143738E+2,
648.1500,8.13186768E+2,
648.300,7.30468811E+2,
648.4500,7.65874268E+2,
648.600,7.84465027E+2,
648.7500,7.30892090E+2,
648.900,6.25987183E+2,
649.0500,7.08404907E+2,
649.200,7.31309570E+2,
649.3500,6.47162720E+2,
649.500,6.78617371E+2,
649.6500,6.92987732E+2,
649.800,6.21145264E+2,
649.9500,5.10087250E+2,
650.100,6.75837830E+2,
650.2500,6.25241760E+2,
650.400,7.26724792E+2,
650.5500,6.58563782E+2,
650.700,6.38178284E+2,
650.8500,6.87791443E+2,
651.00,5.83951477E+2,
651.1500,6.64491638E+2,
651.300,6.57181946E+2,
651.4500,6.63098877E+2,
651.600,6.02578186E+2,
651.7500,6.75002930E+2,
651.900,7.56657227E+2,
652.0500,7.27144958E+2,
652.200,5.45466553E+2,
652.3500,6.49757202E+2,
652.500,7.50022705E+2,
652.6500,6.43679138E+2,
652.800,6.40614014E+2,
652.9500,7.32485046E+2,
653.100,6.11774658E+2,
653.2500,5.72270813E+2,
653.400,6.32731812E+2,
653.5500,7.07147156E+2,
653.700,5.94422913E+2,
653.8500,7.19491577E+2,
654.00,6.61397522E+2,
654.1500,6.03062134E+2,
654.300,6.64421143E+2,
654.4500,5.36450928E+2,
654.600,5.42311462E+2,
654.7500,5.90007751E+2,
654.900,4.60978699E+2,
655.0500,6.25379883E+2,
655.200,6.17464539E+2,
655.3500,5.72001038E+2,
655.500,6.20311768E+2,
655.6500,4.89856781E+2,
655.800,4.67379944E+2,
655.9500,5.39435974E+2,
656.100,6.26047302E+2,
656.2500,6.27487122E+2,
656.400,5.66990845E+2,
656.5500,5.10987671E+2,
656.700,5.26523621E+2,
656.8500,5.37330688E+2,
657.00,5.72228149E+2,
657.1500,4.62704803E+2,
657.300,6.42531372E+2,
657.4500,4.74547516E+2,
657.600,5.24189392E+2,
657.7500,5.01086639E+2,
657.900,4.68121490E+2,
658.0500,4.64329071E+2,
658.200,4.36029266E+2,
658.3500,4.61611603E+2,
658.500,4.18399719E+2,
658.6500,4.63793365E+2,
658.800,4.50051056E+2,
658.9500,4.56071625E+2,
659.100,5.01866943E+2,
659.2500,4.53241425E+2,
659.400,4.79270752E+2,
659.5500,4.50373901E+2,
659.700,4.51435150E+2,
659.8500,3.92165680E+2,
660.00,4.83802917E+2,
660.1500,4.34440857E+2,
660.300,5.31686951E+2,
660.4500,3.60380066E+2,
660.600,4.57910370E+2,
660.7500,5.25304443E+2,
660.900,4.24315216E+2,
661.0500,4.40710480E+2,
661.200,3.80144592E+2,
661.3500,4.42871521E+2,
661.500,5.16228394E+2,
661.6500,3.72595673E+2,
661.800,3.94259277E+2,
661.9500,3.74425201E+2,
662.100,3.90988007E+2,
662.2500,4.54667633E+2,
662.400,4.24358826E+2,
662.5500,4.77928284E+2,
662.700,4.10667450E+2,
662.8500,3.06124451E+2,
663.00,4.39160309E+2,
663.1500,3.39457153E+2,
663.300,3.82822174E+2,
663.4500,4.15738312E+2,
663.600,4.64842255E+2,
663.7500,3.53501740E+2,
663.900,3.27521271E+2,
664.0500,3.65991852E+2,
664.200,3.02125336E+2,
664.3500,3.46111023E+2,
664.500,3.03571014E+2,
664.6500,4.18408569E+2,
664.800,3.43152710E+2,
664.9500,3.27594360E+2,
665.100,3.77630066E+2,
665.2500,3.94983948E+2,
665.400,4.01421051E+2,
665.5500,3.19694489E+2,
665.700,4.36480896E+2,
665.8500,3.48906952E+2,
666.00,3.60839233E+2,
666.1500,4.50734924E+2,
666.300,4.18343262E+2,
666.4500,3.52248077E+2,
666.600,3.41880615E+2,
666.7500,3.42697754E+2,
666.900,4.16726135E+2,
667.0500,2.82247223E+2,
667.200,2.77271027E+2,
667.3500,3.46008698E+2,
667.500,3.80961426E+2,
667.6500,3.76183746E+2,
667.800,3.77093964E+2,
667.9500,3.78007446E+2,
668.100,3.15788422E+2,
668.2500,3.79899048E+2,
668.400,2.25050842E+2,
668.5500,3.23962982E+2,
668.700,3.42178131E+2,
668.8500,2.61640961E+2,
669.00,2.68129395E+2,
669.1500,3.27272217E+2,
669.300,2.69533844E+2,
669.4500,3.99484833E+2,
669.600,3.12178772E+2,
669.7500,3.77958679E+2,
669.900,2.72370514E+2,
670.0500,2.84955261E+2,
670.200,3.09502747E+2,
670.3500,3.28208496E+2,
670.500,2.09402420E+2,
670.6500,3.83902832E+2,
670.800,3.06717773E+2,
670.9500,3.55753967E+2,
671.100,2.90154388E+2,
671.2500,2.90870911E+2,
671.400,3.52337677E+2,
671.5500,2.55771439E+2,
671.700,2.31984726E+2,
671.8500,2.32558609E+2,
672.00,2.88350220E+2,
672.1500,3.07488800E+2,
672.300,2.77401093E+2,
672.4500,2.03914063E+2,
672.600,2.72535767E+2,
672.7500,2.23517365E+2,
672.900,2.98736847E+2,
673.0500,3.05695862E+2,
673.200,3.18952301E+2,
673.3500,2.82117706E+2,
673.500,2.95378143E+2,
673.6500,3.90603180E+2,
673.800,3.28405640E+2,
673.9500,2.97556610E+2,
674.100,2.28488419E+2,
674.2500,3.56330414E+2,
674.400,2.99824371E+2,
674.5500,3.38960327E+2,
674.700,2.94941711E+2,
674.8500,2.44268555E+2,
675.00,2.38446991E+2,
675.1500,3.23061188E+2,
675.300,2.91508881E+2,
675.4500,1.88348953E+2,
675.600,2.14884659E+2,
675.7500,3.59071655E+2,
675.900,2.88004395E+2,
676.0500,2.62506042E+2,
676.200,3.42158325E+2,
676.3500,2.90282745E+2,
676.500,3.04278931E+2,
676.6500,3.38244659E+2,
676.800,3.05889923E+2,
676.9500,2.06688919E+2,
677.100,2.87457428E+2,
677.2500,3.08328583E+2,
677.400,2.82265198E+2,
677.5500,2.83014832E+2,
677.700,2.70254852E+2,
677.8500,2.64199524E+2,
678.00,2.78487701E+2,
678.1500,2.58782806E+2,
678.300,1.91178635E+2,
678.4500,3.97045624E+2,
678.600,3.56900452E+2,
678.7500,2.95899506E+2,
678.900,2.41477692E+2,
679.0500,2.90524811E+2,
679.200,1.87244110E+2,
679.3500,2.64203522E+2,
679.500,2.99733124E+2,
679.6500,2.93513367E+2,
679.800,2.87259613E+2,
679.9500,2.95021637E+2,
680.100,2.82660797E+2,
680.2500,2.26753754E+2,
680.400,3.05543732E+2,
680.5500,2.20885345E+2,
680.700,3.64399323E+2,
680.8500,2.29276764E+2,
681.00,2.73021790E+2,
681.1500,2.37747452E+2,
681.300,3.32313416E+2,
681.4500,3.11493103E+2,
681.600,3.12348083E+2,
681.7500,2.76786774E+2,
681.900,2.62940155E+2,
682.0500,2.56335083E+2,
682.200,2.20310074E+2,
682.3500,2.87177979E+2,
682.500,3.32256470E+2,
682.6500,3.33157135E+2,
682.800,3.48907288E+2,
682.9500,2.75417358E+2,
683.100,2.98550903E+2,
683.2500,3.21804352E+2,
683.400,3.52685577E+2,
683.5500,3.61158112E+2,
683.700,2.79142426E+2,
683.8500,4.61447662E+2,
684.00,3.71670380E+2,
684.1500,3.42252380E+2,
684.300,2.82167969E+2,
684.4500,3.13518860E+2,
684.600,3.37370178E+2,
684.7500,2.22960068E+2,
684.900,2.62110504E+2,
685.0500,3.01471008E+2,
685.200,2.48031235E+2,
685.3500,3.96371582E+2,
685.500,2.80550781E+2,
685.6500,3.12569824E+2,
685.800,4.07444489E+2,
685.9500,3.37841827E+2,
686.100,3.15123932E+2,
686.2500,3.39676270E+2,
686.400,3.48518860E+2,
686.5500,3.01810089E+2,
686.700,3.26522064E+2,
686.8500,3.67337646E+2,
687.00,2.72249023E+2,
687.1500,3.05113953E+2,
687.300,2.65695038E+2,
687.4500,2.82572845E+2,
687.600,3.07637543E+2,
687.7500,3.40956818E+2,
687.900,3.82598938E+2,
688.0500,3.83653290E+2,
688.200,3.68340637E+2,
688.3500,4.76060028E+2,
688.500,4.03299103E+2,
688.6500,3.30133911E+2,
688.800,2.73113434E+2,
688.9500,3.81757751E+2,
689.100,4.16088074E+2,
689.2500,3.50463318E+2,
689.400,3.43049286E+2,
689.5500,4.27880127E+2,
689.700,3.11268311E+2,
689.8500,3.62729828E+2,
690.00,4.22928925E+2,
690.1500,4.07107330E+2,
690.300,3.40171478E+2,
690.4500,4.86054260E+2,
690.600,3.76214111E+2,
690.7500,3.08644287E+2,
690.900,3.35270294E+2,
691.0500,3.62040436E+2,
691.200,4.06246948E+2,
691.3500,2.68682220E+2,
691.500,3.30252899E+2,
691.6500,3.57300995E+2,
691.800,4.36925781E+2,
691.9500,3.68023987E+2,
692.100,4.48114532E+2,
692.2500,3.61240845E+2,
692.400,3.35731567E+2,
692.5500,3.36657074E+2,
692.700,3.82005890E+2,
692.8500,2.22709961E+2,
693.00,3.66254150E+2,
693.1500,3.22469269E+2,
693.300,3.68261902E+2,
693.4500,4.05297943E+2,
693.600,3.07065002E+2,
693.7500,3.07907837E+2,
693.900,3.72321075E+2,
694.0500,3.46026917E+2,
694.200,3.28718658E+2,
694.3500,3.57093994E+2,
694.500,3.48898132E+2,
694.6500,3.86690033E+2,
694.800,2.86202850E+2,
694.9500,2.96253052E+2,
695.100,3.52786530E+2,
695.2500,4.09642365E+2,
695.400,2.05399902E+2,
695.5500,2.52794052E+2,
695.700,3.00455811E+2,
695.8500,3.48385956E+2,
696.00,3.21045898E+2,
696.1500,4.07173676E+2,
696.300,2.94371674E+2,
696.4500,3.42816742E+2,
696.600,2.48289673E+2,
696.7500,3.54334930E+2,
696.900,2.11282471E+2,
697.0500,3.65967346E+2,
697.200,2.89720154E+2,
697.3500,3.29257446E+2,
697.500,3.98144562E+2,
697.6500,5.06363037E+2,
697.800,3.02706787E+2,
697.9500,3.23130676E+2,
698.100,3.92761841E+2,
698.2500,3.34776245E+2,
698.400,5.03563080E+2,
698.5500,3.26742554E+2,
698.700,4.26943268E+2,
698.8500,3.58438660E+2,
699.00,2.99533478E+2,
699.1500,4.70598755E+2,
699.300,3.01233459E+2,
699.4500,3.12158234E+2,
699.600,2.12062622E+2,
699.7500,3.64569458E+2,
699.900,3.55451569E+2,
700.0500,3.36087250E+2,
700.200,4.39153564E+2,
700.3500,3.78930908E+2,
700.500,4.00529419E+2,
700.6500,2.67766541E+2,
700.800,3.09825562E+2,
700.9500,4.14258362E+2,
701.100,4.15390167E+2,
701.2500,3.85272675E+2,
701.400,3.02786346E+2,
701.5500,4.29233704E+2,
701.700,2.72933624E+2,
701.8500,2.21043167E+2,
702.00,4.74947205E+2,
702.1500,3.17488892E+2,
702.300,3.82018341E+2,
702.4500,3.72414032E+2,
702.600,3.84093872E+2,
702.7500,4.38628143E+2,
702.900,3.54002075E+2,
703.0500,4.08763031E+2,
703.200,3.02049591E+2,
703.3500,2.81271942E+2,
703.500,3.90561554E+2,
703.6500,4.24314026E+2,
703.800,3.92790680E+2,
703.9500,4.81448029E+2,
704.100,4.17013397E+2,
704.2500,3.08184601E+2,
704.400,3.75336090E+2,
704.5500,2.98946808E+2,
704.700,3.66467468E+2,
704.8500,3.00730408E+2,
705.00,4.13341400E+2,
705.1500,3.13728119E+2,
705.300,3.48373962E+2,
705.4500,3.15597168E+2,
705.600,4.18281525E+2,
705.7500,4.76222198E+2,
705.900,4.09409729E+2,
706.0500,3.30780579E+2,
706.200,3.88947388E+2,
706.3500,4.47452789E+2,
706.500,3.33697235E+2,
706.6500,4.27002380E+2,
706.800,1.62043198E+2,
706.9500,3.36649048E+2,
707.100,2.79423401E+2,
707.2500,3.85333038E+2,
707.400,3.16197693E+2,
707.5500,4.69816040E+2,
707.700,4.71197784E+2,
707.8500,3.18994476E+2,
708.00,4.73976715E+2,
708.1500,3.80276611E+2,
708.300,3.09867371E+2,
708.4500,4.78098938E+2,
708.600,3.83586823E+2,
708.7500,3.84698883E+2,
708.900,5.54610229E+2,
709.0500,3.50645081E+2,
709.200,4.12240967E+2,
709.3500,3.52592712E+2,
709.500,3.77955902E+2,
709.6500,2.32294449E+2,
709.800,3.67800659E+2,
709.9500,3.07354218E+2,
710.100,4.68458954E+2,
710.2500,4.20287750E+2,
710.400,3.59457001E+2,
710.5500,4.72295715E+2,
710.700,3.24031464E+2,
710.8500,3.49909546E+2,
711.00,4.38581940E+2,
711.1500,4.64935242E+2,
711.300,3.40222229E+2,
711.4500,6.19163452E+2,
711.600,3.92809418E+2,
711.7500,3.81200562E+2,
711.900,4.71463135E+2,
712.0500,5.36679810E+2,
712.200,4.61320557E+2,
712.3500,4.88336151E+2,
712.500,3.73739960E+2,
712.6500,4.91126282E+2,
712.800,5.05489899E+2,
712.9500,3.50955597E+2,
713.100,5.21397827E+2,
713.2500,5.09783325E+2,
713.400,5.37425598E+2,
713.5500,4.20627838E+2,
713.700,5.40440247E+2,
713.8500,4.62645447E+2,
714.00,3.71155579E+2,
714.1500,3.58890411E+2,
714.300,4.26528900E+2,
714.4500,4.41077454E+2,
714.600,2.54658188E+2,
714.7500,3.09126404E+2,
714.900,2.96508301E+2,
715.0500,2.43279343E+2,
715.200,2.71086975E+2,
715.3500,3.26239594E+2,
715.500,4.08973083E+2,
715.6500,2.59762756E+2,
715.800,3.83911896E+2,
715.9500,3.30017761E+2,
716.100,3.86145905E+2,
716.2500,3.87281891E+2,
716.400,3.32933899E+2,
716.5500,4.17393921E+2,
716.700,4.18626556E+2,
716.8500,5.03836334E+2,
717.00,2.52663498E+2,
717.1500,2.95631927E+2,
717.300,3.67085938E+2,
717.4500,1.98238190E+2,
717.600,2.69822784E+2,
717.7500,4.55766266E+2,
717.900,5.14237427E+2,
718.0500,2.86517731E+2,
718.200,3.30441010E+2,
718.3500,3.60206360E+2,
718.500,3.32342499E+2,
718.6500,3.18808044E+2,
718.800,2.90660065E+2,
718.9500,3.49798462E+2,
719.100,2.63099091E+2,
719.2500,2.63848755E+2,
719.400,4.70402863E+2,
719.5500,3.98035278E+2,
719.700,3.84389252E+2,
719.8500,2.96530121E+2,
720.00,3.56855347E+2,
720.1500,5.36804504E+2,
720.300,3.43933563E+2,
720.4500,2.54935913E+2,
720.600,3.00779449E+2,
720.7500,2.41310150E+2,
720.900,3.17624573E+2,
721.0500,3.48861908E+2,
721.200,4.86733582E+2,
721.3500,4.88098755E+2,
721.500,5.04765106E+2,
721.6500,2.76100555E+2,
721.800,2.46112900E+2,
721.9500,2.31380920E+2,
722.100,3.55766815E+2,
722.2500,4.34297577E+2,
722.400,4.51045959E+2,
722.5500,2.49537796E+2,
722.700,2.34586685E+2,
722.8500,2.66598389E+2,
723.00,3.61687958E+2,
723.1500,3.62699982E+2,
723.300,1.58136948E+2,
723.4500,3.33018738E+2,
723.600,2.06732834E+2,
723.7500,2.55155014E+2,
723.900,3.99801025E+2,
724.0500,2.40562012E+2,
724.200,2.57343781E+2,
724.3500,2.58090820E+2,
724.500,3.72083740E+2,
724.6500,2.43369614E+2,
724.800,3.25437653E+2,
724.9500,2.93748352E+2,
725.100,3.43697968E+2,
725.2500,2.62620209E+2,
725.400,2.63378662E+2,
725.5500,4.45735474E+2,
725.700,3.31130066E+2,
725.8500,3.65298157E+2,
726.00,5.82841492E+2,
726.1500,2.67187714E+2,
726.300,2.67935883E+2,
726.4500,2.01515671E+2,
726.600,2.35761612E+2,
726.7500,4.05298584E+2,
726.900,2.70959473E+2,
727.0500,4.07573761E+2,
727.200,3.91665375E+2,
727.3500,3.75667023E+2,
727.500,3.25333130E+2,
727.6500,4.63590393E+2,
727.800,3.09912750E+2,
727.9500,3.45299042E+2,
728.100,3.28933472E+2,
728.2500,3.64551666E+2,
728.400,3.48142273E+2,
728.5500,4.36368958E+2,
728.700,3.32549896E+2,
728.8500,4.38766388E+2,
729.00,4.39971558E+2,
729.1500,2.64721527E+2,
729.300,3.89344635E+2,
729.4500,2.12965256E+2,
729.600,3.20344147E+2,
729.7500,2.85550079E+2,
729.900,4.29529968E+2,
730.0500,4.30743927E+2,
730.200,4.13975769E+2,
730.3500,3.24907318E+2,
730.500,2.35327042E+2,
730.6500,2.54155716E+2,
730.800,4.00532928E+2,
730.9500,3.46908844E+2,
731.100,2.56337830E+2,
731.2500,3.12137268E+2,
731.400,2.76186127E+2,
731.5500,2.03103592E+2,
731.700,3.14767761E+2,
731.8500,3.15651398E+2,
732.00,2.42058807E+2,
732.1500,2.80068268E+2,
732.300,3.74453735E+2,
732.4500,2.81615936E+2,
732.600,3.76525513E+2,
732.7500,1.69905243E+2,
732.900,3.02890564E+2,
733.0500,3.03735229E+2,
733.200,3.04594421E+2,
733.3500,3.62729736E+2,
733.500,2.87177185E+2,
733.6500,4.60787720E+2,
733.800,2.88810059E+2,
733.9500,3.28249298E+2,
734.100,2.90462433E+2,
734.2500,3.49559479E+2,
734.400,2.72664429E+2,
734.5500,3.51580994E+2,
734.700,3.33009583E+2,
734.8500,5.50074890E+2,
735.00,5.31967407E+2,
735.1500,4.14931366E+2,
735.300,4.16114075E+2,
735.4500,2.78201691E+2,
735.600,2.78996857E+2,
735.7500,5.39605225E+2,
735.900,4.81023926E+2,
736.0500,3.21589905E+2,
736.200,3.22477020E+2,
736.3500,3.83998474E+2,
736.500,3.24260742E+2,
736.6500,4.67414948E+2,
736.800,4.27951630E+2,
736.9500,2.24786926E+2,
737.100,1.84408936E+2,
737.2500,2.87612915E+2,
737.400,3.29566284E+2,
737.5500,4.74999695E+2,
737.700,3.72720032E+2,
737.8500,2.28374893E+2,
738.00,2.91427277E+2,
738.1500,4.17384918E+2,
738.300,2.92913574E+2,
738.4500,4.82442871E+2,
738.600,2.94410492E+2,
738.7500,3.37328766E+2,
738.900,3.38191742E+2,
739.0500,2.96680481E+2,
739.200,3.61198700E+2,
739.3500,3.40842804E+2,
739.500,3.41737091E+2,
739.6500,3.21220367E+2,
739.800,3.43535553E+2,
739.9500,4.52077454E+2,
740.100,5.61237122E+2,
740.2500,3.89623138E+2,
740.400,2.60468140E+2,
740.5500,2.17658066E+2,
740.700,3.27393402E+2,
740.8500,3.72076569E+2,
741.00,2.41424988E+2,
741.1500,5.50218262E+2,
741.300,3.53118713E+2,
741.4500,4.20496704E+2,
741.600,2.66317291E+2,
741.7500,3.78335999E+2,
741.900,4.24028259E+2,
742.0500,2.23790695E+2,
742.200,2.01959076E+2,
742.3500,3.15013092E+2,
742.500,3.38433075E+2,
742.6500,2.48861130E+2,
742.800,1.36112732E+2,
742.9500,3.63959442E+2,
743.100,2.96526978E+2,
743.2500,2.74468323E+2,
743.400,2.98157837E+2,
743.5500,1.83986176E+2,
743.700,2.99801117E+2,
743.8500,4.39378723E+2,
744.00,2.55079208E+2,
744.1500,3.25548798E+2,
744.300,1.86545227E+2,
744.4500,1.87065033E+2,
744.600,1.64138382E+2,
744.7500,3.76221039E+2,
744.900,1.88636566E+2,
745.0500,1.18224976E+2,
745.200,3.31934723E+2,
745.3500,2.85293671E+2,
745.500,2.38395752E+2,
745.6500,4.06384369E+2,
745.800,1.19852753E+2,
745.9500,2.88437347E+2,
746.100,4.57909149E+2,
746.2500,4.34946655E+2,
746.400,2.42271866E+2,
746.5500,1.70035950E+2,
746.700,2.43547974E+2,
746.8500,2.93027496E+2,
747.00,3.42766968E+2,
747.1500,2.94528107E+2,
747.300,2.95257813E+2,
747.4500,1.47995300E+2,
747.600,1.97817032E+2,
747.7500,2.47885864E+2,
747.900,4.72155304E+2,
748.0500,2.98943787E+2,
748.200,3.99578552E+2,
748.3500,1.75248611E+2,
748.500,4.26658966E+2,
748.6500,4.78037964E+2,
748.800,4.03557739E+2,
748.9500,1.51710556E+2,
749.100,1.26754784E+2,
749.2500,1.52511292E+2,
749.400,3.56809906E+2,
749.5500,3.57762970E+2,
749.700,1.02491554E+2,
749.8500,3.59681152E+2,
750.00,2.57603943E+2,
