Labels,32C_17_350K,
Type,Emission Scan,
Comment,,
Start,252.300,
Stop,750.00,
Step,0.150,
Fixed/Offset,248.400,
Xaxis,Wavelength,
Yaxis,Counts,
Scan Corr. by File,True,
Corr. by Ref. Det.,False,
Fixed/Offset Corr. by File,False,
Repeats,2,
Dwell Time,0.20,
Lamp,Xe,
Temp,26.550,
Scan Polariser,None,
Scan Slit,0.2520,
Fixed/Offset Polariser,None,
Fixed/Offset Slit,2.9970,
Detector,Red PMT,

252.300,1.45677119E+4,
252.4500,1.32632988E+4,
252.600,1.43970928E+4,
252.7500,1.45338008E+4,
252.900,1.16465645E+4,
253.0500,1.23195850E+4,
253.200,1.43746914E+4,
253.3500,1.11005488E+4,
253.500,1.23805879E+4,
253.6500,1.11509131E+4,
253.800,1.19192793E+4,
253.9500,9.80671680E+3,
254.100,1.10876494E+4,
254.2500,1.16458105E+4,
254.400,1.05699443E+4,
254.5500,1.24167471E+4,
254.700,1.07942822E+4,
254.8500,1.16690020E+4,
255.00,1.03150654E+4,
255.1500,1.10822275E+4,
255.300,9.89652930E+3,
255.4500,9.46860742E+3,
255.600,9.50394727E+3,
255.7500,8.71661523E+3,
255.900,1.05021709E+4,
256.0500,8.92438574E+3,
256.200,9.97465039E+3,
256.3500,7.14899658E+3,
256.500,1.10404004E+4,
256.6500,9.66023535E+3,
256.800,1.10235313E+4,
256.9500,1.00184258E+4,
257.100,1.05083467E+4,
257.2500,8.56849707E+3,
257.400,9.27259082E+3,
257.5500,1.07831895E+4,
257.700,9.64343652E+3,
257.8500,9.44285449E+3,
258.00,9.98982227E+3,
258.1500,9.68537012E+3,
258.300,1.06355381E+4,
258.4500,9.76350098E+3,
258.600,9.56787891E+3,
258.7500,1.06128115E+4,
258.900,1.18964912E+4,
259.0500,8.96739746E+3,
259.200,9.92709473E+3,
259.3500,1.14613594E+4,
259.500,1.18465088E+4,
259.6500,1.08389990E+4,
259.800,1.29948662E+4,
259.9500,1.17543584E+4,
260.100,1.23099795E+4,
260.2500,1.30063330E+4,
260.400,1.40335459E+4,
260.5500,1.14948926E+4,
260.700,1.22480723E+4,
260.8500,1.26063350E+4,
261.00,1.26592070E+4,
261.1500,1.30322422E+4,
261.300,1.26045313E+4,
261.4500,1.31796982E+4,
261.600,1.30049170E+4,
261.7500,1.28686279E+4,
261.900,1.36206377E+4,
262.0500,1.45525752E+4,
262.200,1.47265107E+4,
262.3500,1.46661367E+4,
262.500,1.39603389E+4,
262.6500,1.36866250E+4,
262.800,1.43641807E+4,
262.9500,1.46197852E+4,
263.100,1.34539014E+4,
263.2500,1.46210381E+4,
263.400,1.36016670E+4,
263.5500,1.50923789E+4,
263.700,1.54646689E+4,
263.8500,1.61739707E+4,
264.00,1.44970674E+4,
264.1500,1.54539424E+4,
264.300,1.57746094E+4,
264.4500,1.65003711E+4,
264.600,1.78622832E+4,
264.7500,1.68236035E+4,
264.900,1.59940342E+4,
265.0500,1.62357490E+4,
265.200,1.69154785E+4,
265.3500,1.62927686E+4,
265.500,1.75159863E+4,
265.6500,1.79314473E+4,
265.800,1.79137285E+4,
265.9500,1.74766367E+4,
266.100,1.91232793E+4,
266.2500,1.82014668E+4,
266.400,1.85880332E+4,
266.5500,1.73815527E+4,
266.700,1.87737910E+4,
266.8500,1.66846016E+4,
267.00,1.78941758E+4,
267.1500,1.84455625E+4,
267.300,1.82207051E+4,
267.4500,1.82891387E+4,
267.600,1.77599688E+4,
267.7500,2.02994023E+4,
267.900,1.95434355E+4,
268.0500,1.89945840E+4,
268.200,1.94760078E+4,
268.3500,1.92535137E+4,
268.500,1.99726250E+4,
268.6500,1.86121777E+4,
268.800,1.85858340E+4,
268.9500,1.98980469E+4,
269.100,1.88359453E+4,
269.2500,1.97654004E+4,
269.400,1.84659434E+4,
269.5500,1.90287773E+4,
269.700,1.80480996E+4,
269.8500,1.80842324E+4,
270.00,2.04079004E+4,
270.1500,1.92551113E+4,
270.300,1.88147715E+4,
270.4500,1.91996777E+4,
270.600,1.96884648E+4,
270.7500,1.99124883E+4,
270.900,1.95150703E+4,
271.0500,1.94488672E+4,
271.200,1.94572031E+4,
271.3500,2.11135547E+4,
271.500,1.98412871E+4,
271.6500,1.94607988E+4,
271.800,1.94146543E+4,
271.9500,1.94202285E+4,
272.100,1.91155977E+4,
272.2500,1.87461973E+4,
272.400,1.76265859E+4,
272.5500,1.91222832E+4,
272.700,1.83465293E+4,
272.8500,1.86318848E+4,
273.00,1.87170527E+4,
273.1500,1.82907129E+4,
273.300,1.88154727E+4,
273.4500,1.95695332E+4,
273.600,1.86565195E+4,
273.7500,1.78200273E+4,
273.900,1.88727012E+4,
274.0500,1.78133848E+4,
274.200,1.89474512E+4,
274.3500,1.81408496E+4,
274.500,1.95678184E+4,
274.6500,1.91700840E+4,
274.800,1.77300684E+4,
274.9500,1.85532305E+4,
275.100,1.91422305E+4,
275.2500,1.86106738E+4,
275.400,1.88016113E+4,
275.5500,1.89463867E+4,
275.700,1.83152148E+4,
275.8500,1.87812754E+4,
276.00,1.91148867E+4,
276.1500,1.88638750E+4,
276.300,1.94601016E+4,
276.4500,1.80348730E+4,
276.600,1.81317676E+4,
276.7500,1.80805117E+4,
276.900,1.77528203E+4,
277.0500,1.88936836E+4,
277.200,1.90290664E+4,
277.3500,1.77977539E+4,
277.500,1.84877207E+4,
277.6500,1.76969648E+4,
277.800,1.81372461E+4,
277.9500,1.86201406E+4,
278.100,1.70545078E+4,
278.2500,1.74412070E+4,
278.400,1.84433535E+4,
278.5500,1.83774551E+4,
278.700,1.79158516E+4,
278.8500,1.76037344E+4,
279.00,1.74377930E+4,
279.1500,1.84187285E+4,
279.300,1.81607402E+4,
279.4500,1.80797090E+4,
279.600,1.84365039E+4,
279.7500,1.66521777E+4,
279.900,1.79885820E+4,
280.0500,1.71679023E+4,
280.200,1.82975801E+4,
280.3500,1.70885137E+4,
280.500,1.70656895E+4,
280.6500,1.79866055E+4,
280.800,1.73797285E+4,
280.9500,1.74303027E+4,
281.100,1.73730898E+4,
281.2500,1.73915547E+4,
281.400,1.66761074E+4,
281.5500,1.73951563E+4,
281.700,1.70448457E+4,
281.8500,1.66360391E+4,
282.00,1.71959902E+4,
282.1500,1.59701709E+4,
282.300,1.68468594E+4,
282.4500,1.69089785E+4,
282.600,1.63743896E+4,
282.7500,1.64281699E+4,
282.900,1.62717100E+4,
283.0500,1.55902539E+4,
283.200,1.62604775E+4,
283.3500,1.59937363E+4,
283.500,1.49641680E+4,
283.6500,1.62215166E+4,
283.800,1.59882129E+4,
283.9500,1.62044326E+4,
284.100,1.58612725E+4,
284.2500,1.63629502E+4,
284.400,1.56258340E+4,
284.5500,1.47760508E+4,
284.700,1.53578018E+4,
284.8500,1.57583506E+4,
285.00,1.53414668E+4,
285.1500,1.45847314E+4,
285.300,1.57022129E+4,
285.4500,1.53830801E+4,
285.600,1.50116504E+4,
285.7500,1.51370264E+4,
285.900,1.44545225E+4,
286.0500,1.47180752E+4,
286.200,1.46657080E+4,
286.3500,1.47206367E+4,
286.500,1.44092246E+4,
286.6500,1.44463320E+4,
286.800,1.46261670E+4,
286.9500,1.45025410E+4,
287.100,1.39696064E+4,
287.2500,1.41372627E+4,
287.400,1.45640635E+4,
287.5500,1.46428857E+4,
287.700,1.37206855E+4,
287.8500,1.33609775E+4,
288.00,1.37525234E+4,
288.1500,1.39355537E+4,
288.300,1.42261328E+4,
288.4500,1.35676104E+4,
288.600,1.41270146E+4,
288.7500,1.29842070E+4,
288.900,1.33465947E+4,
289.0500,1.35096025E+4,
289.200,1.39009209E+4,
289.3500,1.30555049E+4,
289.500,1.31779824E+4,
289.6500,1.27719648E+4,
289.800,1.31809824E+4,
289.9500,1.26945615E+4,
290.100,1.29117607E+4,
290.2500,1.32520410E+4,
290.400,1.24122871E+4,
290.5500,1.26363203E+4,
290.700,1.35115195E+4,
290.8500,1.26731992E+4,
291.00,1.33956719E+4,
291.1500,1.29984385E+4,
291.300,1.21840352E+4,
291.4500,1.24729551E+4,
291.600,1.20246631E+4,
291.7500,1.25169717E+4,
291.900,1.32649873E+4,
292.0500,1.21786543E+4,
292.200,1.19043613E+4,
292.3500,1.14809492E+4,
292.500,1.19392412E+4,
292.6500,1.18334668E+4,
292.800,1.20000986E+4,
292.9500,1.17104023E+4,
293.100,1.13313701E+4,
293.2500,1.15986406E+4,
293.400,1.14289912E+4,
293.5500,1.19647549E+4,
293.700,1.14996543E+4,
293.8500,1.21545967E+4,
294.00,1.13100273E+4,
294.1500,1.12930039E+4,
294.300,1.13276836E+4,
294.4500,1.14738828E+4,
294.600,1.13535420E+4,
294.7500,1.11566885E+4,
294.900,1.06533662E+4,
295.0500,1.11468057E+4,
295.200,1.11666699E+4,
295.3500,1.10170010E+4,
295.500,1.08089883E+4,
295.6500,1.04504922E+4,
295.800,1.12527871E+4,
295.9500,1.10958965E+4,
296.100,1.05770020E+4,
296.2500,1.02508857E+4,
296.400,1.08722578E+4,
296.5500,1.05058291E+4,
296.700,1.05536641E+4,
296.8500,1.02151758E+4,
297.00,9.96067969E+3,
297.1500,1.00779043E+4,
297.300,1.02997529E+4,
297.4500,1.06978701E+4,
297.600,1.07462607E+4,
297.7500,1.10512061E+4,
297.900,9.98555566E+3,
298.0500,1.07755469E+4,
298.200,1.03257217E+4,
298.3500,1.02510322E+4,
298.500,1.01375166E+4,
298.6500,1.05735127E+4,
298.800,1.07169863E+4,
298.9500,1.07270332E+4,
299.100,9.89070898E+3,
299.2500,1.01853340E+4,
299.400,1.01244043E+4,
299.5500,1.03311621E+4,
299.700,1.01938984E+4,
299.8500,9.98208496E+3,
300.00,1.00432842E+4,
300.1500,1.04680137E+4,
300.300,1.02691719E+4,
300.4500,9.33674609E+3,
300.600,1.00246416E+4,
300.7500,9.76414160E+3,
300.900,1.04141025E+4,
301.0500,9.42434180E+3,
301.200,1.00817607E+4,
301.3500,9.67889063E+3,
301.500,9.92625977E+3,
301.6500,9.80659082E+3,
301.800,9.69508008E+3,
301.9500,9.78274219E+3,
302.100,1.06989707E+4,
302.2500,1.00072412E+4,
302.400,9.80346875E+3,
302.5500,9.74037109E+3,
302.700,9.87797754E+3,
302.8500,9.82179492E+3,
303.00,9.81390039E+3,
303.1500,1.01498037E+4,
303.300,1.03535674E+4,
303.4500,1.01985361E+4,
303.600,9.76393555E+3,
303.7500,9.26715820E+3,
303.900,9.95429980E+3,
304.0500,9.71800391E+3,
304.200,9.54229297E+3,
304.3500,9.28356738E+3,
304.500,9.72135449E+3,
304.6500,1.02447813E+4,
304.800,1.00438359E+4,
304.9500,9.65332031E+3,
305.100,9.90829590E+3,
305.2500,1.00215508E+4,
305.400,9.87578418E+3,
305.5500,9.88147656E+3,
305.700,9.53232910E+3,
305.8500,9.78710449E+3,
306.00,9.74970410E+3,
306.1500,9.33220410E+3,
306.300,9.72963379E+3,
306.4500,9.58916602E+3,
306.600,9.36553027E+3,
306.7500,9.24010742E+3,
306.900,9.58177734E+3,
307.0500,9.31356641E+3,
307.200,9.65688867E+3,
307.3500,9.65538867E+3,
307.500,9.30837891E+3,
307.6500,9.32587500E+3,
307.800,9.54013477E+3,
307.9500,9.40612012E+3,
308.100,8.91743555E+3,
308.2500,8.91877344E+3,
308.400,9.78357715E+3,
308.5500,9.40725781E+3,
308.700,9.23142480E+3,
308.8500,9.19156348E+3,
309.00,9.46948438E+3,
309.1500,9.39492676E+3,
309.300,9.26582129E+3,
309.4500,9.18726074E+3,
309.600,9.02744336E+3,
309.7500,9.24949121E+3,
309.900,9.26915723E+3,
310.0500,9.00889941E+3,
310.200,8.92824316E+3,
310.3500,8.90155371E+3,
310.500,8.87500586E+3,
310.6500,8.77468457E+3,
310.800,8.89588281E+3,
310.9500,8.75957129E+3,
311.100,9.26046680E+3,
311.2500,9.27009277E+3,
311.400,9.03192383E+3,
311.5500,8.70337207E+3,
311.700,8.78660352E+3,
311.8500,8.93512988E+3,
312.00,9.03155566E+3,
312.1500,9.02250781E+3,
312.300,9.12389746E+3,
312.4500,8.98431641E+3,
312.600,8.68654785E+3,
312.7500,9.06532520E+3,
312.900,8.84358496E+3,
313.0500,8.95833203E+3,
313.200,8.91651074E+3,
313.3500,8.98703516E+3,
313.500,9.07629199E+3,
313.6500,8.88436035E+3,
313.800,8.81423828E+3,
313.9500,8.63911621E+3,
314.100,8.51429297E+3,
314.2500,8.42901172E+3,
314.400,8.88447363E+3,
314.5500,8.61886914E+3,
314.700,8.55739648E+3,
314.8500,8.63214551E+3,
315.00,8.13234375E+3,
315.1500,8.60932715E+3,
315.300,8.23977148E+3,
315.4500,8.48659570E+3,
315.600,8.74993457E+3,
315.7500,8.36073633E+3,
315.900,8.70004980E+3,
316.0500,8.56431641E+3,
316.200,8.61628320E+3,
316.3500,8.30646973E+3,
316.500,8.19226855E+3,
316.6500,8.16849170E+3,
316.800,8.05092090E+3,
316.9500,8.34392871E+3,
317.100,8.01001074E+3,
317.2500,8.70111914E+3,
317.400,8.05983252E+3,
317.5500,8.64944531E+3,
317.700,8.52512109E+3,
317.8500,8.13939258E+3,
318.00,8.22640137E+3,
318.1500,8.08004883E+3,
318.300,8.04705176E+3,
318.4500,7.96671777E+3,
318.600,8.28695605E+3,
318.7500,7.90597607E+3,
318.900,8.08748584E+3,
319.0500,8.02513770E+3,
319.200,7.73417969E+3,
319.3500,7.97479395E+3,
319.500,8.14210059E+3,
319.6500,7.79833008E+3,
319.800,8.03651074E+3,
319.9500,7.90444434E+3,
320.100,7.67759082E+3,
320.2500,7.68148828E+3,
320.400,7.63958398E+3,
320.5500,7.80095947E+3,
320.700,7.65963477E+3,
320.8500,7.65094727E+3,
321.00,7.66280615E+3,
321.1500,7.75746533E+3,
321.300,7.08685791E+3,
321.4500,7.33740479E+3,
321.600,7.59065674E+3,
321.7500,7.64371826E+3,
321.900,7.72881787E+3,
322.0500,7.74519824E+3,
322.200,7.27105518E+3,
322.3500,7.67873438E+3,
322.500,7.38727734E+3,
322.6500,7.44487988E+3,
322.800,7.91272510E+3,
322.9500,7.28867334E+3,
323.100,7.22730811E+3,
323.2500,7.05953076E+3,
323.400,7.12936963E+3,
323.5500,7.06492334E+3,
323.700,7.31109961E+3,
323.8500,7.20724072E+3,
324.00,7.35405273E+3,
324.1500,7.09873975E+3,
324.300,7.10918262E+3,
324.4500,6.87884717E+3,
324.600,7.19174414E+3,
324.7500,6.70334912E+3,
324.900,6.84164014E+3,
325.0500,6.76793994E+3,
325.200,6.76016650E+3,
325.3500,6.94378271E+3,
325.500,6.95847363E+3,
325.6500,6.31766113E+3,
325.800,7.01412549E+3,
325.9500,6.78566309E+3,
326.100,6.94098340E+3,
326.2500,6.69934033E+3,
326.400,6.62827295E+3,
326.5500,6.74171045E+3,
326.700,6.38188037E+3,
326.8500,6.59261475E+3,
327.00,6.45125244E+3,
327.1500,6.28888770E+3,
327.300,6.35407910E+3,
327.4500,6.24818945E+3,
327.600,6.37610645E+3,
327.7500,6.48497363E+3,
327.900,6.20225293E+3,
328.0500,6.44375928E+3,
328.200,6.47530957E+3,
328.3500,6.33064600E+3,
328.500,5.90464160E+3,
328.6500,6.15981396E+3,
328.800,6.19517334E+3,
328.9500,5.86643408E+3,
329.100,5.98624023E+3,
329.2500,6.30888525E+3,
329.400,5.96077295E+3,
329.5500,5.91373975E+3,
329.700,5.98223633E+3,
329.8500,5.75530811E+3,
330.00,5.81659521E+3,
330.1500,5.86073193E+3,
330.300,5.92975391E+3,
330.4500,6.19155762E+3,
330.600,5.94568506E+3,
330.7500,5.99988428E+3,
330.900,6.00763379E+3,
331.0500,5.71017822E+3,
331.200,5.61266992E+3,
331.3500,5.41631885E+3,
331.500,5.67651074E+3,
331.6500,5.75235596E+3,
331.800,5.51434082E+3,
331.9500,5.85048193E+3,
332.100,5.63399561E+3,
332.2500,5.74777344E+3,
332.400,5.46901855E+3,
332.5500,5.56166699E+3,
332.700,5.43062598E+3,
332.8500,5.79478467E+3,
333.00,5.65677979E+3,
333.1500,5.50140234E+3,
333.300,5.46440332E+3,
333.4500,5.68710938E+3,
333.600,5.66714648E+3,
333.7500,5.43678809E+3,
333.900,5.49646924E+3,
334.0500,5.56281934E+3,
334.200,5.49167871E+3,
334.3500,5.29739795E+3,
334.500,5.16873730E+3,
334.6500,4.99950488E+3,
334.800,5.31151221E+3,
334.9500,5.15957324E+3,
335.100,5.40599707E+3,
335.2500,5.58392432E+3,
335.400,5.32094824E+3,
335.5500,5.20419385E+3,
335.700,4.89872754E+3,
335.8500,4.91106348E+3,
336.00,5.07813721E+3,
336.1500,5.25827393E+3,
336.300,5.08558301E+3,
336.4500,5.27848584E+3,
336.600,5.14973291E+3,
336.7500,5.01134717E+3,
336.900,4.83337744E+3,
337.0500,4.77885693E+3,
337.200,4.94994141E+3,
337.3500,4.85178613E+3,
337.500,4.97575342E+3,
337.6500,5.19510107E+3,
337.800,4.95179541E+3,
337.9500,4.88056152E+3,
338.100,4.61471729E+3,
338.2500,4.97925293E+3,
338.400,4.82834326E+3,
338.5500,4.82502148E+3,
338.700,4.77278320E+3,
338.8500,4.54829834E+3,
339.00,4.81496680E+3,
339.1500,4.92376709E+3,
339.300,4.61188916E+3,
339.4500,4.64320361E+3,
339.600,4.79015723E+3,
339.7500,4.58976465E+3,
339.900,4.88340479E+3,
340.0500,4.60045654E+3,
340.200,4.73287939E+3,
340.3500,4.54668848E+3,
340.500,4.66902930E+3,
340.6500,4.58190869E+3,
340.800,4.14793115E+3,
340.9500,4.44660645E+3,
341.100,4.31670703E+3,
341.2500,4.46641650E+3,
341.400,4.40275977E+3,
341.5500,4.28321729E+3,
341.700,4.73686328E+3,
341.8500,4.56114941E+3,
342.00,4.44508594E+3,
342.1500,4.30207715E+3,
342.300,4.70855664E+3,
342.4500,4.33479980E+3,
342.600,4.53057520E+3,
342.7500,4.35486670E+3,
342.900,4.61992285E+3,
343.0500,4.33500098E+3,
343.200,4.23687744E+3,
343.3500,4.45174023E+3,
343.500,4.33557764E+3,
343.6500,4.54615430E+3,
343.800,4.32175244E+3,
343.9500,4.27575439E+3,
344.100,4.34648242E+3,
344.2500,4.42857764E+3,
344.400,4.41770703E+3,
344.5500,4.43365479E+3,
344.700,4.22078271E+3,
344.8500,4.37337500E+3,
345.00,4.31237744E+3,
345.1500,4.33618506E+3,
345.300,4.27457422E+3,
345.4500,4.32174414E+3,
345.600,4.45635547E+3,
345.7500,4.45606348E+3,
345.900,4.08636719E+3,
346.0500,4.20863965E+3,
346.200,4.06951880E+3,
346.3500,4.13304443E+3,
346.500,4.23932129E+3,
346.6500,3.91190503E+3,
346.800,4.23835156E+3,
346.9500,3.94978516E+3,
347.100,3.98131470E+3,
347.2500,4.20830322E+3,
347.400,4.17665381E+3,
347.5500,4.25793945E+3,
347.700,4.19532959E+3,
347.8500,3.86105713E+3,
348.00,4.17732275E+3,
348.1500,4.27167920E+3,
348.300,4.17639941E+3,
348.4500,4.23135010E+3,
348.600,4.23895947E+3,
348.7500,4.11413574E+3,
348.900,4.31720068E+3,
349.0500,4.03634082E+3,
349.200,4.09853760E+3,
349.3500,3.99676904E+3,
349.500,4.12934180E+3,
349.6500,4.07679761E+3,
349.800,4.06776660E+3,
349.9500,3.88896851E+3,
350.100,4.07594019E+3,
350.2500,3.96407056E+3,
350.400,4.04243970E+3,
350.5500,3.93396631E+3,
350.700,4.07024561E+3,
350.8500,4.02577881E+3,
351.00,4.13449023E+3,
351.1500,3.80822925E+3,
351.300,3.90057690E+3,
351.4500,3.82779248E+3,
351.600,3.87256665E+3,
351.7500,4.03634302E+3,
351.900,3.73878027E+3,
352.0500,3.92508203E+3,
352.200,3.80964600E+3,
352.3500,3.92537793E+3,
352.500,3.73149927E+3,
352.6500,3.86448291E+3,
352.800,3.83934863E+3,
352.9500,3.80423413E+3,
353.100,3.93803467E+3,
353.2500,3.83733398E+3,
353.400,3.63712646E+3,
353.5500,3.91224585E+3,
353.700,3.65582764E+3,
353.8500,3.92160913E+3,
354.00,3.88419287E+3,
354.1500,3.76045581E+3,
354.300,3.65959546E+3,
354.4500,3.65233325E+3,
354.600,3.64996777E+3,
354.7500,3.79582349E+3,
354.900,3.59917212E+3,
355.0500,3.52209546E+3,
355.200,3.74148926E+3,
355.3500,3.72438940E+3,
355.500,3.62371069E+3,
355.6500,3.71425977E+3,
355.800,3.74481567E+3,
355.9500,3.54792212E+3,
356.100,3.54349268E+3,
356.2500,3.56028516E+3,
356.400,3.57225293E+3,
356.5500,3.58411328E+3,
356.700,3.46544824E+3,
356.8500,3.54716406E+3,
357.00,3.55427979E+3,
357.1500,3.43897437E+3,
357.300,3.40944922E+3,
357.4500,3.35946338E+3,
357.600,3.31205981E+3,
357.7500,3.29453491E+3,
357.900,3.49269482E+3,
358.0500,3.46103003E+3,
358.200,3.24457202E+3,
358.3500,3.36885571E+3,
358.500,3.57070850E+3,
358.6500,3.36931592E+3,
358.800,3.38953320E+3,
358.9500,3.38962671E+3,
359.100,3.48250293E+3,
359.2500,3.31686035E+3,
359.400,3.32581152E+3,
359.5500,3.25585303E+3,
359.700,3.44821411E+3,
359.8500,3.21076318E+3,
360.00,3.36077759E+3,
360.1500,3.33229028E+3,
360.300,3.49134717E+3,
360.4500,3.39386792E+3,
360.600,3.24138452E+3,
360.7500,3.17305029E+3,
360.900,3.34956055E+3,
361.0500,3.45065601E+3,
361.200,3.33555859E+3,
361.3500,3.33272461E+3,
361.500,3.32149731E+3,
361.6500,3.26643237E+3,
361.800,3.18879834E+3,
361.9500,3.17601172E+3,
362.100,3.15402393E+3,
362.2500,3.42314209E+3,
362.400,3.21057837E+3,
362.5500,3.18420801E+3,
362.700,3.32863623E+3,
362.8500,3.03340723E+3,
363.00,3.24736548E+3,
363.1500,3.20311865E+3,
363.300,3.14885986E+3,
363.4500,3.15803149E+3,
363.600,3.16315454E+3,
363.7500,3.17237646E+3,
363.900,3.25466675E+3,
364.0500,3.39107227E+3,
364.200,3.20076514E+3,
364.3500,3.16057275E+3,
364.500,3.24145972E+3,
364.6500,3.35630103E+3,
364.800,3.35436157E+3,
364.9500,3.16211938E+3,
365.100,3.32991089E+3,
365.2500,3.03168384E+3,
365.400,3.27251929E+3,
365.5500,3.18843750E+3,
365.700,3.21981812E+3,
365.8500,3.26103979E+3,
366.00,3.28042578E+3,
366.1500,3.29791748E+3,
366.300,3.22680981E+3,
366.4500,3.21104858E+3,
366.600,3.36017676E+3,
366.7500,3.37176367E+3,
366.900,3.06477271E+3,
367.0500,3.37747778E+3,
367.200,3.16918506E+3,
367.3500,3.22416943E+3,
367.500,3.20330884E+3,
367.6500,3.29304883E+3,
367.800,3.23741626E+3,
367.9500,3.28827344E+3,
368.100,3.32854785E+3,
368.2500,3.21241455E+3,
368.400,3.29658008E+3,
368.5500,3.27694360E+3,
368.700,3.20193848E+3,
368.8500,3.26481665E+3,
369.00,3.15208789E+3,
369.1500,3.23439209E+3,
369.300,3.21009009E+3,
369.4500,3.16134155E+3,
369.600,3.24895752E+3,
369.7500,3.35134985E+3,
369.900,3.36115845E+3,
370.0500,3.25250439E+3,
370.200,3.28082520E+3,
370.3500,3.29600586E+3,
370.500,3.41379028E+3,
370.6500,3.27798047E+3,
370.800,3.27655664E+3,
370.9500,3.26037695E+3,
371.100,3.19787524E+3,
371.2500,3.19281421E+3,
371.400,3.37384497E+3,
371.5500,3.19581689E+3,
371.700,3.25333887E+3,
371.8500,3.18623950E+3,
372.00,3.32951172E+3,
372.1500,3.10917578E+3,
372.300,3.29721289E+3,
372.4500,3.23770752E+3,
372.600,3.20386963E+3,
372.7500,3.19553516E+3,
372.900,3.12416309E+3,
373.0500,3.24752661E+3,
373.200,3.29135107E+3,
373.3500,3.26872217E+3,
373.500,3.19434546E+3,
373.6500,3.19354443E+3,
373.800,3.17675879E+3,
373.9500,3.18144458E+3,
374.100,3.18927905E+3,
374.2500,3.16325073E+3,
374.400,3.03304590E+3,
374.5500,3.27759912E+3,
374.700,3.15837109E+3,
374.8500,3.25766846E+3,
375.00,3.18643677E+3,
375.1500,3.09712427E+3,
375.300,3.18296021E+3,
375.4500,3.03664404E+3,
375.600,3.35719482E+3,
375.7500,3.23034937E+3,
375.900,3.29983472E+3,
376.0500,3.20832471E+3,
376.200,3.16726611E+3,
376.3500,3.15742285E+3,
376.500,3.19234839E+3,
376.6500,3.21690405E+3,
376.800,3.17809717E+3,
376.9500,3.13095605E+3,
377.100,3.16104614E+3,
377.2500,3.12313940E+3,
377.400,3.23323047E+3,
377.5500,3.14963379E+3,
377.700,3.23061182E+3,
377.8500,3.11528711E+3,
378.00,3.06283228E+3,
378.1500,3.16072681E+3,
378.300,3.13387500E+3,
378.4500,3.13234375E+3,
378.600,3.21135498E+3,
378.7500,3.00217212E+3,
378.900,3.17651953E+3,
379.0500,3.06315869E+3,
379.200,3.06999878E+3,
379.3500,3.00364209E+3,
379.500,3.14355688E+3,
379.6500,3.18354785E+3,
379.800,2.94848633E+3,
379.9500,3.14254834E+3,
380.100,2.99366797E+3,
380.2500,3.07418872E+3,
380.400,3.22358960E+3,
380.5500,2.91584741E+3,
380.700,2.91094189E+3,
380.8500,3.17787671E+3,
381.00,2.90457422E+3,
381.1500,2.92001343E+3,
381.300,3.04452148E+3,
381.4500,3.04997510E+3,
381.600,3.03924097E+3,
381.7500,3.11438818E+3,
381.900,2.99703784E+3,
382.0500,2.85577881E+3,
382.200,2.98667700E+3,
382.3500,2.88744604E+3,
382.500,2.97297412E+3,
382.6500,2.97503662E+3,
382.800,2.77121338E+3,
382.9500,2.88528247E+3,
383.100,2.85902344E+3,
383.2500,2.85195508E+3,
383.400,2.90990479E+3,
383.5500,2.76055957E+3,
383.700,2.79014404E+3,
383.8500,2.84014038E+3,
384.00,2.79093799E+3,
384.1500,2.81699414E+3,
384.300,2.80383594E+3,
384.4500,2.72823071E+3,
384.600,2.94009302E+3,
384.7500,2.62627515E+3,
384.900,2.58574292E+3,
385.0500,2.78886963E+3,
385.200,2.64546216E+3,
385.3500,2.62633105E+3,
385.500,2.68445581E+3,
385.6500,2.66078784E+3,
385.800,2.65415649E+3,
385.9500,2.61997974E+3,
386.100,2.65482031E+3,
386.2500,2.61772168E+3,
386.400,2.65401563E+3,
386.5500,2.57450537E+3,
386.700,2.59410571E+3,
386.8500,2.68648511E+3,
387.00,2.84368066E+3,
387.1500,2.63918433E+3,
387.300,2.59990918E+3,
387.4500,2.57134912E+3,
387.600,2.67676050E+3,
387.7500,2.62421851E+3,
387.900,2.58537524E+3,
388.0500,2.65726416E+3,
388.200,2.74505591E+3,
388.3500,2.56273242E+3,
388.500,2.64747803E+3,
388.6500,2.75276025E+3,
388.800,2.71979370E+3,
388.9500,2.68401733E+3,
389.100,2.64499878E+3,
389.2500,2.59119897E+3,
389.400,2.65981836E+3,
389.5500,2.57836060E+3,
389.700,2.63802173E+3,
389.8500,2.52039722E+3,
390.00,2.64137891E+3,
390.1500,2.57384839E+3,
390.300,2.71475391E+3,
390.4500,2.71424731E+3,
390.600,2.67897021E+3,
390.7500,2.60620850E+3,
390.900,2.55830762E+3,
391.0500,2.47327710E+3,
391.200,2.57045898E+3,
391.3500,2.61702881E+3,
391.500,2.50546338E+3,
391.6500,2.64386035E+3,
391.800,2.54839160E+3,
391.9500,2.53332910E+3,
392.100,2.59861499E+3,
392.2500,2.51694092E+3,
392.400,2.61362866E+3,
392.5500,2.54926514E+3,
392.700,2.42679199E+3,
392.8500,2.44663257E+3,
393.00,2.53027295E+3,
393.1500,2.44143970E+3,
393.300,2.62722192E+3,
393.4500,2.50186206E+3,
393.600,2.60811108E+3,
393.7500,2.62539014E+3,
393.900,2.52738477E+3,
394.0500,2.52349292E+3,
394.200,2.61583887E+3,
394.3500,2.55544629E+3,
394.500,2.56091992E+3,
394.6500,2.54271118E+3,
394.800,2.55242920E+3,
394.9500,2.58576782E+3,
395.100,2.74803638E+3,
395.2500,2.67990747E+3,
395.400,2.66319263E+3,
395.5500,2.57477344E+3,
395.700,2.70858789E+3,
395.8500,2.70026294E+3,
396.00,2.59717773E+3,
396.1500,2.68392651E+3,
396.300,2.58137061E+3,
396.4500,2.53523584E+3,
396.600,2.63954688E+3,
396.7500,2.63854004E+3,
396.900,2.63620264E+3,
397.0500,2.68432397E+3,
397.200,2.76105591E+3,
397.3500,2.68834302E+3,
397.500,2.66192163E+3,
397.6500,2.61258008E+3,
397.800,2.50660083E+3,
397.9500,2.52378662E+3,
398.100,2.73279272E+3,
398.2500,2.53864209E+3,
398.400,2.60470728E+3,
398.5500,2.46087793E+3,
398.700,2.47184766E+3,
398.8500,2.45731543E+3,
399.00,2.51388916E+3,
399.1500,2.45950854E+3,
399.300,2.42531274E+3,
399.4500,2.49282861E+3,
399.600,2.34644849E+3,
399.7500,2.41795410E+3,
399.900,2.46667920E+3,
400.0500,2.24406836E+3,
400.200,2.38967554E+3,
400.3500,2.27442456E+3,
400.500,2.19698682E+3,
400.6500,2.25964380E+3,
400.800,2.28489502E+3,
400.9500,2.28687476E+3,
401.100,2.20732520E+3,
401.2500,2.22537329E+3,
401.400,2.28804224E+3,
401.5500,2.20757007E+3,
401.700,2.28393652E+3,
401.8500,2.33710498E+3,
402.00,2.28608398E+3,
402.1500,2.30421216E+3,
402.300,2.20940112E+3,
402.4500,2.21544360E+3,
402.600,2.15302271E+3,
402.7500,2.28832764E+3,
402.900,2.23512793E+3,
403.0500,2.18661841E+3,
403.200,2.30770361E+3,
403.3500,2.15797925E+3,
403.500,2.26674707E+3,
403.6500,2.23809668E+3,
403.800,2.27125391E+3,
403.9500,2.18709937E+3,
404.100,2.06119507E+3,
404.2500,2.20253418E+3,
404.400,2.19229517E+3,
404.5500,2.22696924E+3,
404.700,2.13161938E+3,
404.8500,2.21108154E+3,
405.00,2.18456934E+3,
405.1500,2.11661060E+3,
405.300,2.10532056E+3,
405.4500,2.10446875E+3,
405.600,2.06506470E+3,
405.7500,2.09244897E+3,
405.900,2.06501904E+3,
406.0500,1.98292920E+3,
406.200,2.06494141E+3,
406.3500,1.94170227E+3,
406.500,1.97644946E+3,
406.6500,1.99935864E+3,
406.800,1.84574878E+3,
406.9500,1.90697583E+3,
407.100,1.90632239E+3,
407.2500,1.93933740E+3,
407.400,1.92251050E+3,
407.5500,1.90134924E+3,
407.700,1.86417944E+3,
407.8500,1.88694019E+3,
408.00,1.77263635E+3,
408.1500,1.83629236E+3,
408.300,1.94928882E+3,
408.4500,1.76997400E+3,
408.600,1.80298950E+3,
408.7500,1.82724902E+3,
408.900,1.73267688E+3,
409.0500,1.85257959E+3,
409.200,1.76419214E+3,
409.3500,1.74243103E+3,
409.500,1.86218701E+3,
409.6500,1.83607397E+3,
409.800,1.76966602E+3,
409.9500,1.69762122E+3,
410.100,1.75951257E+3,
410.2500,1.74656531E+3,
410.400,1.68768689E+3,
410.5500,1.72794067E+3,
410.700,1.70217456E+3,
410.8500,1.67359387E+3,
411.00,1.68945166E+3,
411.1500,1.67659888E+3,
411.300,1.64376624E+3,
411.4500,1.62813538E+3,
411.600,1.69102637E+3,
411.7500,1.70677100E+3,
411.900,1.71110168E+3,
412.0500,1.70973560E+3,
412.200,1.58746106E+3,
412.3500,1.62315796E+3,
412.500,1.56933411E+3,
412.6500,1.58088135E+3,
412.800,1.64204993E+3,
412.9500,1.61386670E+3,
413.100,1.69045300E+3,
413.2500,1.52357837E+3,
413.400,1.61282715E+3,
413.5500,1.56917725E+3,
413.700,1.50866931E+3,
413.8500,1.50890259E+3,
414.00,1.67964417E+3,
414.1500,1.55584436E+3,
414.300,1.56449463E+3,
414.4500,1.57735742E+3,
414.600,1.57756641E+3,
414.7500,1.54549768E+3,
414.900,1.48963928E+3,
415.0500,1.47454932E+3,
415.200,1.47355554E+3,
415.3500,1.50196582E+3,
415.500,1.47299207E+3,
415.6500,1.42728796E+3,
415.800,1.48922070E+3,
415.9500,1.57062512E+3,
416.100,1.52636243E+3,
416.2500,1.54769714E+3,
416.400,1.55089673E+3,
416.5500,1.43016064E+3,
416.700,1.51137781E+3,
416.8500,1.52295837E+3,
417.00,1.49144238E+3,
417.1500,1.49050110E+3,
417.300,1.51039136E+3,
417.4500,1.55801038E+3,
417.600,1.50574854E+3,
417.7500,1.52976843E+3,
417.900,1.53991687E+3,
418.0500,1.50993567E+3,
418.200,1.57407617E+3,
418.3500,1.62985449E+3,
418.500,1.60820520E+3,
418.6500,1.69153027E+3,
418.800,1.64090186E+3,
418.9500,1.67171460E+3,
419.100,1.69008008E+3,
419.2500,1.76215771E+3,
419.400,1.91127393E+3,
419.5500,1.84691516E+3,
419.700,1.81564551E+3,
419.8500,1.86965076E+3,
420.00,1.80269177E+3,
420.1500,1.74808179E+3,
420.300,1.84313379E+3,
420.4500,1.77348999E+3,
420.600,1.79577832E+3,
420.7500,1.84681885E+3,
420.900,1.81017554E+3,
421.0500,1.81737537E+3,
421.200,1.75482532E+3,
421.3500,1.81811511E+3,
421.500,1.88953992E+3,
421.6500,1.79156897E+3,
421.800,1.74420752E+3,
421.9500,1.84967810E+3,
422.100,1.81882434E+3,
422.2500,1.86029248E+3,
422.400,1.91943982E+3,
422.5500,1.93496814E+3,
422.700,1.91646082E+3,
422.8500,1.83402832E+3,
423.00,1.85774841E+3,
423.1500,1.76877576E+3,
423.300,1.96527808E+3,
423.4500,1.97551904E+3,
423.600,1.83091797E+3,
423.7500,1.93896655E+3,
423.900,1.89899500E+3,
424.0500,1.87940833E+3,
424.200,1.88832813E+3,
424.3500,1.97590320E+3,
424.500,1.77058960E+3,
424.6500,1.80258594E+3,
424.800,1.75327124E+3,
424.9500,1.76900623E+3,
425.100,1.88893921E+3,
425.2500,1.94108398E+3,
425.400,1.84164380E+3,
425.5500,1.85860742E+3,
425.700,1.90396033E+3,
425.8500,1.93036255E+3,
426.00,1.91621045E+3,
426.1500,1.96412061E+3,
426.300,1.95528613E+3,
426.4500,1.98830713E+3,
426.600,1.91336169E+3,
426.7500,1.85735938E+3,
426.900,1.85803345E+3,
427.0500,1.83584900E+3,
427.200,1.86229517E+3,
427.3500,1.84966235E+3,
427.500,1.87879077E+3,
427.6500,1.82712000E+3,
427.800,1.81047803E+3,
427.9500,1.78173682E+3,
428.100,1.92817261E+3,
428.2500,1.85405579E+3,
428.400,1.79878406E+3,
428.5500,1.89284888E+3,
428.700,1.85238013E+3,
428.8500,1.84823608E+3,
429.00,1.82257166E+3,
429.1500,1.81313123E+3,
429.300,1.82655640E+3,
429.4500,1.81039160E+3,
429.600,1.81574683E+3,
429.7500,1.74309363E+3,
429.900,1.87353162E+3,
430.0500,1.74430176E+3,
430.200,1.69291223E+3,
430.3500,1.72892969E+3,
430.500,1.85096521E+3,
430.6500,1.74717432E+3,
430.800,1.78182617E+3,
430.9500,1.89976855E+3,
431.100,1.71264880E+3,
431.2500,1.78744324E+3,
431.400,1.73331348E+3,
431.5500,1.75438086E+3,
431.700,1.76202051E+3,
431.8500,1.67440149E+3,
432.00,1.86448608E+3,
432.1500,1.71674536E+3,
432.300,1.70314441E+3,
432.4500,1.75257068E+3,
432.600,1.78723901E+3,
432.7500,1.75352881E+3,
432.900,1.75333948E+3,
433.0500,1.71840869E+3,
433.200,1.75741724E+3,
433.3500,1.71465356E+3,
433.500,1.69199292E+3,
433.6500,1.65189758E+3,
433.800,1.65470520E+3,
433.9500,1.65751172E+3,
434.100,1.66310669E+3,
434.2500,1.65802332E+3,
434.400,1.78173694E+3,
434.5500,1.69078711E+3,
434.700,1.78904370E+3,
434.8500,1.65242188E+3,
435.00,1.69162842E+3,
435.1500,1.62614246E+3,
435.300,1.70165149E+3,
435.4500,1.67778174E+3,
435.600,1.66868091E+3,
435.7500,1.64344910E+3,
435.900,1.56175757E+3,
436.0500,1.58088159E+3,
436.200,1.65653796E+3,
436.3500,1.60715051E+3,
436.500,1.67477136E+3,
436.6500,1.64688940E+3,
436.800,1.62303015E+3,
436.9500,1.69876965E+3,
437.100,1.78004480E+3,
437.2500,1.64053284E+3,
437.400,1.69090369E+3,
437.5500,1.64965515E+3,
437.700,1.69331287E+3,
437.8500,1.62910706E+3,
438.00,1.68087341E+3,
438.1500,1.57097107E+3,
438.300,1.67025171E+3,
438.4500,1.69126819E+3,
438.600,1.60688550E+3,
438.7500,1.71441528E+3,
438.900,1.62454810E+3,
439.0500,1.67540942E+3,
439.200,1.64792993E+3,
439.3500,1.57705786E+3,
439.500,1.63624036E+3,
439.6500,1.48931299E+3,
439.800,1.58243054E+3,
439.9500,1.49368848E+3,
440.100,1.58146558E+3,
440.2500,1.61359814E+3,
440.400,1.52878906E+3,
440.5500,1.51328748E+3,
440.700,1.52635767E+3,
440.8500,1.56940845E+3,
441.00,1.55525171E+3,
441.1500,1.50558447E+3,
441.300,1.51043970E+3,
441.4500,1.65044336E+3,
441.600,1.49283508E+3,
441.7500,1.57966785E+3,
441.900,1.43279578E+3,
442.0500,1.49785730E+3,
442.200,1.45772937E+3,
442.3500,1.46548254E+3,
442.500,1.50613062E+3,
442.6500,1.59756128E+3,
442.800,1.53130286E+3,
442.9500,1.44436389E+3,
443.100,1.51004199E+3,
443.2500,1.47004846E+3,
443.400,1.44787292E+3,
443.5500,1.42978613E+3,
443.700,1.41579846E+3,
443.8500,1.42385571E+3,
444.00,1.41534973E+3,
444.1500,1.39056384E+3,
444.300,1.43767004E+3,
444.4500,1.38790601E+3,
444.600,1.42677063E+3,
444.7500,1.44349866E+3,
444.900,1.45330579E+3,
445.0500,1.47160730E+3,
445.200,1.40247778E+3,
445.3500,1.40846313E+3,
445.500,1.39071631E+3,
445.6500,1.39108923E+3,
445.800,1.41944958E+3,
445.9500,1.39741357E+3,
446.100,1.44733264E+3,
446.2500,1.45122156E+3,
446.400,1.45370093E+3,
446.5500,1.28685144E+3,
446.700,1.43037354E+3,
446.8500,1.37898706E+3,
447.00,1.24515991E+3,
447.1500,1.30237024E+3,
447.300,1.35842773E+3,
447.4500,1.36759326E+3,
447.600,1.39684167E+3,
447.7500,1.36589453E+3,
447.900,1.40820654E+3,
448.0500,1.38796912E+3,
448.200,1.37055920E+3,
448.3500,1.36462073E+3,
448.500,1.38199915E+3,
448.6500,1.33928186E+3,
448.800,1.39055115E+3,
448.9500,1.36225586E+3,
449.100,1.49885095E+3,
449.2500,1.40268115E+3,
449.400,1.52065881E+3,
449.5500,1.57180396E+3,
449.700,1.65851868E+3,
449.8500,1.96521545E+3,
450.00,1.94571045E+3,
450.1500,1.19167191E+2,
450.300,1.21268799E+2,
450.4500,1.15577385E+2,
450.600,1.01985565E+2,
450.7500,1.24518692E+2,
450.900,1.21921028E+2,
451.0500,1.36589401E+2,
451.200,1.42954056E+2,
451.3500,1.50908234E+2,
451.500,1.50920395E+2,
451.6500,1.65231400E+2,
451.800,2.06555725E+2,
451.9500,2.25640320E+2,
452.100,2.34496429E+2,
452.2500,2.82387573E+2,
452.400,3.34586426E+2,
452.5500,3.25347076E+2,
452.700,2.63234467E+2,
452.8500,3.16429321E+2,
453.00,2.81142090E+2,
453.1500,3.29983215E+2,
453.300,3.23312134E+2,
453.4500,3.01581146E+2,
453.600,3.78026703E+2,
453.7500,3.54753113E+2,
453.900,3.74919312E+2,
454.0500,4.00622101E+2,
454.200,4.18359955E+2,
454.3500,4.46072113E+2,
454.500,4.64733948E+2,
454.6500,4.97539093E+2,
454.800,4.92786011E+2,
454.9500,5.20748657E+2,
455.100,4.98804749E+2,
455.2500,5.41434326E+2,
455.400,5.66814148E+2,
455.5500,5.71169312E+2,
455.700,5.94668213E+2,
455.8500,5.71599609E+2,
456.00,5.58323364E+2,
456.1500,7.02190796E+2,
456.300,6.61439026E+2,
456.4500,7.00734924E+2,
456.600,7.23746338E+2,
456.7500,8.05312195E+2,
456.900,7.61156860E+2,
457.0500,7.70547852E+2,
457.200,8.51760620E+2,
457.3500,7.81565552E+2,
457.500,8.76994385E+2,
457.6500,8.40294373E+2,
457.800,8.29102112E+2,
457.9500,9.21413025E+2,
458.100,9.10105896E+2,
458.2500,9.70463318E+2,
458.400,9.57927979E+2,
458.5500,8.93158569E+2,
458.700,9.44244629E+2,
458.8500,9.40564148E+2,
459.00,9.30949097E+2,
459.1500,9.22809937E+2,
459.300,9.39723267E+2,
459.4500,9.16298401E+2,
459.600,9.06064636E+2,
459.7500,9.36941406E+2,
459.900,9.78044006E+2,
460.0500,9.60848816E+2,
460.200,1.05489709E+3,
460.3500,9.90547913E+2,
460.500,1.03903613E+3,
460.6500,9.89032532E+2,
460.800,1.07351746E+3,
460.9500,1.18221436E+3,
461.100,1.15407605E+3,
461.2500,1.18249463E+3,
461.400,1.11449951E+3,
461.5500,1.17746594E+3,
461.700,1.17001074E+3,
461.8500,1.18588232E+3,
462.00,1.36608105E+3,
462.1500,1.34889490E+3,
462.300,1.42508008E+3,
462.4500,1.43302527E+3,
462.600,1.57402515E+3,
462.7500,1.50105701E+3,
462.900,1.45997546E+3,
463.0500,1.47662109E+3,
463.200,1.35105237E+3,
463.3500,1.29285754E+3,
463.500,1.36382739E+3,
463.6500,1.38412073E+3,
463.800,1.26753540E+3,
463.9500,1.25280884E+3,
464.100,1.26811816E+3,
464.2500,1.17942249E+3,
464.400,1.25425427E+3,
464.5500,1.18501807E+3,
464.700,1.20786047E+3,
464.8500,1.21377808E+3,
465.00,1.13143823E+3,
465.1500,1.18920911E+3,
465.300,1.17350879E+3,
465.4500,1.19444910E+3,
465.600,1.25809912E+3,
465.7500,1.17574377E+3,
465.900,1.25586206E+3,
466.0500,1.28809009E+3,
466.200,1.36398572E+3,
466.3500,1.33203650E+3,
466.500,1.50172656E+3,
466.6500,1.59870508E+3,
466.800,1.89949390E+3,
466.9500,2.00596753E+3,
467.100,2.21208765E+3,
467.2500,2.39523682E+3,
467.400,2.40363306E+3,
467.5500,2.30857910E+3,
467.700,2.11044263E+3,
467.8500,1.86578638E+3,
468.00,1.89625549E+3,
468.1500,1.72102979E+3,
468.300,1.63477661E+3,
468.4500,1.61993127E+3,
468.600,1.63257007E+3,
468.7500,1.49996814E+3,
468.900,1.54721021E+3,
469.0500,1.46269177E+3,
469.200,1.48383838E+3,
469.3500,1.45030615E+3,
469.500,1.53919836E+3,
469.6500,1.48345483E+3,
469.800,1.49848560E+3,
469.9500,1.47919299E+3,
470.100,1.50042163E+3,
470.2500,1.47031128E+3,
470.400,1.34053186E+3,
470.5500,1.43537451E+3,
470.700,1.36613428E+3,
470.8500,1.34423242E+3,
471.00,1.31532605E+3,
471.1500,1.27664624E+3,
471.300,1.24502734E+3,
471.4500,1.31580933E+3,
471.600,1.30627686E+3,
471.7500,1.27067859E+3,
471.900,1.27320569E+3,
472.0500,1.27780505E+3,
472.200,1.17632751E+3,
472.3500,1.27524854E+3,
472.500,1.28398853E+3,
472.6500,1.33778650E+3,
472.800,1.43861584E+3,
472.9500,1.54941272E+3,
473.100,1.62624451E+3,
473.2500,1.89223157E+3,
473.400,2.00607727E+3,
473.5500,1.92281482E+3,
473.700,1.77755273E+3,
473.8500,1.55630981E+3,
474.00,1.50313135E+3,
474.1500,1.37810217E+3,
474.300,1.40408569E+3,
474.4500,1.48407080E+3,
474.600,1.42304919E+3,
474.7500,1.42903088E+3,
474.900,1.33301160E+3,
475.0500,1.34203467E+3,
475.200,1.29813379E+3,
475.3500,1.33924084E+3,
475.500,1.33334192E+3,
475.6500,1.33744482E+3,
475.800,1.31653760E+3,
475.9500,1.37666577E+3,
476.100,1.35981763E+3,
476.2500,1.28795203E+3,
476.400,1.37420483E+3,
476.5500,1.37239087E+3,
476.700,1.37558130E+3,
476.8500,1.39479260E+3,
477.00,1.33789966E+3,
477.1500,1.40530530E+3,
477.300,1.52683972E+3,
477.4500,1.47306140E+3,
477.600,1.53752942E+3,
477.7500,1.55290051E+3,
477.900,1.60236963E+3,
478.0500,1.63386975E+3,
478.200,1.74477686E+3,
478.3500,1.63093628E+3,
478.500,1.66761572E+3,
478.6500,1.78968286E+3,
478.800,1.66669531E+3,
478.9500,1.67828992E+3,
479.100,1.66085339E+3,
479.2500,1.64647461E+3,
479.400,1.66629175E+3,
479.5500,1.79282593E+3,
479.700,1.75128381E+3,
479.8500,1.76007727E+3,
480.00,1.72755042E+3,
480.1500,1.76362073E+3,
480.300,1.86932800E+3,
480.4500,1.89438428E+3,
480.600,2.03355640E+3,
480.7500,2.11728882E+3,
480.900,2.24454663E+3,
481.0500,2.24349585E+3,
481.200,2.22319482E+3,
481.3500,2.20590771E+3,
481.500,2.18455322E+3,
481.6500,2.20165991E+3,
481.800,2.21877612E+3,
481.9500,2.18117017E+3,
482.100,2.18010034E+3,
482.2500,2.19529004E+3,
482.400,2.20845874E+3,
482.5500,2.17492798E+3,
482.700,2.31913159E+3,
482.8500,2.20634082E+3,
483.00,2.41473145E+3,
483.1500,2.31229028E+3,
483.300,2.23314160E+3,
483.4500,2.23333545E+3,
483.600,2.20805029E+3,
483.7500,2.10932861E+3,
483.900,2.14412085E+3,
484.0500,2.10756250E+3,
484.200,2.06188037E+3,
484.3500,2.00693909E+3,
484.500,2.19936670E+3,
484.6500,2.01654260E+3,
484.800,1.96145630E+3,
484.9500,1.99131848E+3,
485.100,1.99158862E+3,
485.2500,1.98472400E+3,
485.400,1.94499927E+3,
485.5500,1.89597205E+3,
485.700,1.95375964E+3,
485.8500,2.05481226E+3,
486.00,1.84108337E+3,
486.1500,1.93915088E+3,
486.300,2.09505566E+3,
486.4500,2.02635999E+3,
486.600,2.14124683E+3,
486.7500,2.09312817E+3,
486.900,2.13380322E+3,
487.0500,2.32337134E+3,
487.200,2.38270264E+3,
487.3500,2.68641064E+3,
487.500,2.77605493E+3,
487.6500,2.96737061E+3,
487.800,3.39328027E+3,
487.9500,3.70138867E+3,
488.100,4.19870850E+3,
488.2500,4.55835156E+3,
488.400,4.81339648E+3,
488.5500,5.08430420E+3,
488.700,5.13698535E+3,
488.8500,4.93360791E+3,
489.00,4.71750195E+3,
489.1500,4.31608008E+3,
489.300,4.31462646E+3,
489.4500,4.19523340E+3,
489.600,4.16234912E+3,
489.7500,4.11060498E+3,
489.900,4.29925977E+3,
490.0500,4.60031787E+3,
490.200,4.86248975E+3,
490.3500,5.40168066E+3,
490.500,5.57150488E+3,
490.6500,6.15610645E+3,
490.800,6.34353076E+3,
490.9500,6.87911523E+3,
491.100,7.12350244E+3,
491.2500,7.33584424E+3,
491.400,7.90887354E+3,
491.5500,8.25926660E+3,
491.700,8.45612012E+3,
491.8500,8.63108594E+3,
492.00,8.64667578E+3,
492.1500,8.52898047E+3,
492.300,8.10079150E+3,
492.4500,7.92092139E+3,
492.600,7.52753271E+3,
492.7500,6.98698145E+3,
492.900,6.73874658E+3,
493.0500,6.55595410E+3,
493.200,6.22377734E+3,
493.3500,6.08806641E+3,
493.500,6.11624512E+3,
493.6500,5.59516992E+3,
493.800,5.52477051E+3,
493.9500,5.43501660E+3,
494.100,5.16121045E+3,
494.2500,5.09771387E+3,
494.400,5.14973340E+3,
494.5500,5.19002686E+3,
494.700,5.01913428E+3,
494.8500,4.88874414E+3,
495.00,4.96539355E+3,
495.1500,4.86932813E+3,
495.300,4.97744141E+3,
495.4500,4.81769775E+3,
495.600,4.79233545E+3,
495.7500,5.02024854E+3,
495.900,4.82990967E+3,
496.0500,4.88341699E+3,
496.200,4.60015283E+3,
496.3500,4.64517090E+3,
496.500,4.54628271E+3,
496.6500,4.44612695E+3,
496.800,4.52360596E+3,
496.9500,4.51981152E+3,
497.100,4.40434180E+3,
497.2500,4.21483105E+3,
497.400,4.18382617E+3,
497.5500,4.28670703E+3,
497.700,4.15866113E+3,
497.8500,4.22239307E+3,
498.00,4.04270093E+3,
498.1500,4.03435986E+3,
498.300,4.05661865E+3,
498.4500,3.99787305E+3,
498.600,4.02120337E+3,
498.7500,4.01494238E+3,
498.900,3.86372388E+3,
499.0500,3.81334009E+3,
499.200,3.82888574E+3,
499.3500,3.85875513E+3,
499.500,3.70354150E+3,
499.6500,3.55354980E+3,
499.800,3.51808008E+3,
499.9500,3.48363965E+3,
500.100,3.39055298E+3,
500.2500,3.25967285E+3,
500.400,3.14516309E+3,
500.5500,2.99495190E+3,
500.700,2.91327222E+3,
500.8500,2.98028198E+3,
501.00,2.77167725E+3,
501.1500,2.59383740E+3,
501.300,2.63285278E+3,
501.4500,2.56268750E+3,
501.600,2.59279932E+3,
501.7500,2.44987671E+3,
501.900,2.42404565E+3,
502.0500,2.33664600E+3,
502.200,2.25693311E+3,
502.3500,2.28127832E+3,
502.500,2.19127124E+3,
502.6500,2.28629639E+3,
502.800,2.13546338E+3,
502.9500,2.13389795E+3,
503.100,2.18528198E+3,
503.2500,2.11627368E+3,
503.400,2.07644458E+3,
503.5500,2.18321191E+3,
503.700,2.00897192E+3,
503.8500,2.04125549E+3,
504.00,2.17653223E+3,
504.1500,2.10491821E+3,
504.300,2.16009692E+3,
504.4500,2.18247168E+3,
504.600,2.18784814E+3,
504.7500,2.31595557E+3,
504.900,2.28846021E+3,
505.0500,2.44306274E+3,
505.200,2.33473828E+3,
505.3500,2.56835229E+3,
505.500,2.67795288E+3,
505.6500,2.68719824E+3,
505.800,2.84167847E+3,
505.9500,2.90028052E+3,
506.100,3.07821338E+3,
506.2500,3.54547168E+3,
506.400,3.49710864E+3,
506.5500,3.96674292E+3,
506.700,4.29694873E+3,
506.8500,4.66687402E+3,
507.00,4.96373535E+3,
507.1500,5.26502881E+3,
507.300,5.77235400E+3,
507.4500,5.70412695E+3,
507.600,5.93296777E+3,
507.7500,6.01058154E+3,
507.900,5.87626416E+3,
508.0500,5.68028662E+3,
508.200,5.42952441E+3,
508.3500,4.84346777E+3,
508.500,4.74836182E+3,
508.6500,4.31643799E+3,
508.800,4.00953247E+3,
508.9500,3.86071045E+3,
509.100,3.50239893E+3,
509.2500,3.43568506E+3,
509.400,3.32317480E+3,
509.5500,3.00655640E+3,
509.700,3.03412012E+3,
509.8500,3.05702856E+3,
510.00,2.98713647E+3,
510.1500,3.05102905E+3,
510.300,2.97375537E+3,
510.4500,2.95406860E+3,
510.600,3.13483179E+3,
510.7500,3.12821704E+3,
510.900,3.07077393E+3,
511.0500,3.06999487E+3,
511.200,2.98992773E+3,
511.3500,2.70237476E+3,
511.500,2.62299365E+3,
511.6500,2.40696973E+3,
511.800,2.37230200E+3,
511.9500,2.06171777E+3,
512.100,1.87799194E+3,
512.2500,1.92029041E+3,
512.400,1.73730286E+3,
512.5500,1.73417957E+3,
512.700,1.66533923E+3,
512.8500,1.55570520E+3,
513.00,1.47578088E+3,
513.1500,1.46648938E+3,
513.300,1.42958740E+3,
513.4500,1.39020569E+3,
513.600,1.34352820E+3,
513.7500,1.37253638E+3,
513.900,1.29924683E+3,
514.0500,1.23426221E+3,
514.200,1.23433545E+3,
514.3500,1.23681848E+3,
514.500,1.18489331E+3,
514.6500,1.16795618E+3,
514.800,1.23094092E+3,
514.9500,1.16670752E+3,
515.100,1.08776904E+3,
515.2500,1.10588623E+3,
515.400,1.10092297E+3,
515.5500,1.02409900E+3,
515.700,1.10923596E+3,
515.8500,1.04689954E+3,
516.00,9.88098206E+2,
516.1500,9.84201477E+2,
516.300,1.03169336E+3,
516.4500,9.73921936E+2,
516.600,9.57724304E+2,
516.7500,9.95500854E+2,
516.900,9.63311890E+2,
517.0500,9.98714050E+2,
517.200,1.00589368E+3,
517.3500,9.72412231E+2,
517.500,9.26521484E+2,
517.6500,8.90413513E+2,
517.800,9.56834412E+2,
517.9500,8.89740112E+2,
518.100,9.26576660E+2,
518.2500,8.92813721E+2,
518.400,9.45868225E+2,
518.5500,8.69800171E+2,
518.700,8.60740723E+2,
518.8500,9.01463440E+2,
519.00,9.11106201E+2,
519.1500,8.11009644E+2,
519.300,7.88136597E+2,
519.4500,8.40233093E+2,
519.600,8.86177429E+2,
519.7500,8.42000549E+2,
519.900,8.47899292E+2,
520.0500,7.96060303E+2,
520.200,8.34632813E+2,
520.3500,8.46859985E+2,
520.500,7.89826965E+2,
520.6500,8.43639954E+2,
520.800,8.69791809E+2,
520.9500,8.53029297E+2,
521.100,7.71700928E+2,
521.2500,8.49762756E+2,
521.400,7.99943604E+2,
521.5500,8.40119568E+2,
521.700,8.35913513E+2,
521.8500,8.15162598E+2,
522.00,8.52924500E+2,
522.1500,7.26372925E+2,
522.300,7.70493774E+2,
522.4500,7.77671265E+2,
522.600,7.98921021E+2,
522.7500,7.81823669E+2,
522.900,8.23609497E+2,
523.0500,8.18051331E+2,
523.200,7.97107666E+2,
523.3500,7.72260559E+2,
523.500,8.47690918E+2,
523.6500,8.12536987E+2,
523.800,8.36601074E+2,
523.9500,7.35542419E+2,
524.100,7.93167786E+2,
524.2500,7.86259521E+2,
524.400,8.59596985E+2,
524.5500,8.13859253E+2,
524.700,8.70510864E+2,
524.8500,8.44161377E+2,
525.00,8.08652344E+2,
525.1500,8.81057556E+2,
525.300,9.06707947E+2,
525.4500,8.67204407E+2,
525.600,8.65473267E+2,
525.7500,8.54588501E+2,
525.900,8.68531067E+2,
526.0500,9.45359802E+2,
526.200,9.31930603E+2,
526.3500,8.76482117E+2,
526.500,8.97095581E+2,
526.6500,9.72971436E+2,
526.800,1.03188940E+3,
526.9500,9.81569885E+2,
527.100,1.01035132E+3,
527.2500,1.06564026E+3,
527.400,1.01529144E+3,
527.5500,1.04687939E+3,
527.700,1.07588538E+3,
527.8500,1.02536328E+3,
528.00,1.07830432E+3,
528.1500,1.07025208E+3,
528.300,1.21657678E+3,
528.4500,1.11937317E+3,
528.600,1.11532764E+3,
528.7500,1.02979346E+3,
528.900,1.17138098E+3,
529.0500,1.19145386E+3,
529.200,1.15257959E+3,
529.3500,1.20887378E+3,
529.500,1.22767883E+3,
529.6500,1.21021497E+3,
529.800,1.30443823E+3,
529.9500,1.33552588E+3,
530.100,1.27761853E+3,
530.2500,1.20201587E+3,
530.400,1.30606604E+3,
530.5500,1.29934790E+3,
530.700,1.22892944E+3,
530.8500,1.31298267E+3,
531.00,1.31166711E+3,
531.1500,1.44630103E+3,
531.300,1.47507898E+3,
531.4500,1.45896094E+3,
531.600,1.54917041E+3,
531.7500,1.56994421E+3,
531.900,1.50875928E+3,
532.0500,1.52407617E+3,
532.200,1.62439392E+3,
532.3500,1.57821326E+3,
532.500,1.63899365E+3,
532.6500,1.53224854E+3,
532.800,1.66326135E+3,
532.9500,1.58521643E+3,
533.100,1.64078381E+3,
533.2500,1.61091260E+3,
533.400,1.70534399E+3,
533.5500,1.48453577E+3,
533.700,1.56655896E+3,
533.8500,1.50316003E+3,
534.00,1.49097656E+3,
534.1500,1.49546008E+3,
534.300,1.39837305E+3,
534.4500,1.34285022E+3,
534.600,1.45314990E+3,
534.7500,1.34310107E+3,
534.900,1.40052600E+3,
535.0500,1.46926343E+3,
535.200,1.41206348E+3,
535.3500,1.47113025E+3,
535.500,1.48960681E+3,
535.6500,1.62899377E+3,
535.800,1.55762073E+3,
535.9500,1.54665601E+3,
536.100,1.51311169E+3,
536.2500,1.62490308E+3,
536.400,1.69736389E+3,
536.5500,1.68932983E+3,
536.700,1.66852527E+3,
536.8500,1.69871411E+3,
537.00,1.81555286E+3,
537.1500,1.76076819E+3,
537.300,1.77841003E+3,
537.4500,1.80178333E+3,
537.600,1.84516443E+3,
537.7500,1.83867212E+3,
537.900,1.81643811E+3,
538.0500,1.75265820E+3,
538.200,1.65722766E+3,
538.3500,1.71500854E+3,
538.500,1.61356519E+3,
538.6500,1.57368726E+3,
538.800,1.55817163E+3,
538.9500,1.54549731E+3,
539.100,1.54434082E+3,
539.2500,1.48399695E+3,
539.400,1.49143652E+3,
539.5500,1.43667322E+3,
539.700,1.45999792E+3,
539.8500,1.39636670E+3,
540.00,1.37323438E+3,
540.1500,1.29780518E+3,
540.300,1.27893872E+3,
540.4500,1.33431494E+3,
540.600,1.34314600E+3,
540.7500,1.32279114E+3,
540.900,1.38570239E+3,
541.0500,1.30388672E+3,
541.200,1.36694421E+3,
541.3500,1.24825818E+3,
541.500,1.43474219E+3,
541.6500,1.35113367E+3,
541.800,1.34239246E+3,
541.9500,1.37488855E+3,
542.100,1.38975122E+3,
542.2500,1.46815552E+3,
542.400,1.44618237E+3,
542.5500,1.44931860E+3,
542.700,1.38576306E+3,
542.8500,1.43779187E+3,
543.00,1.44685461E+3,
543.1500,1.32209143E+3,
543.300,1.39207788E+3,
543.4500,1.45327576E+3,
543.600,1.41910352E+3,
543.7500,1.44460474E+3,
543.900,1.36995410E+3,
544.0500,1.27416467E+3,
544.200,1.37450977E+3,
544.3500,1.42405225E+3,
544.500,1.34150171E+3,
544.6500,1.39261108E+3,
544.800,1.42124353E+3,
544.9500,1.33538684E+3,
545.100,1.44099133E+3,
545.2500,1.38520886E+3,
545.400,1.32475940E+3,
545.5500,1.37468848E+3,
545.700,1.34287903E+3,
545.8500,1.42024243E+3,
546.00,1.38384448E+3,
546.1500,1.34747168E+3,
546.300,1.33841309E+3,
546.4500,1.42384521E+3,
546.600,1.36295215E+3,
546.7500,1.23314685E+3,
546.900,1.30650293E+3,
547.0500,1.29121606E+3,
547.200,1.38942920E+3,
547.3500,1.36657544E+3,
547.500,1.27755298E+3,
547.6500,1.37917456E+3,
547.800,1.46408557E+3,
547.9500,1.37020898E+3,
548.100,1.45376587E+3,
548.2500,1.44626172E+3,
548.400,1.38143237E+3,
548.5500,1.37070789E+3,
548.700,1.37703040E+3,
548.8500,1.51858936E+3,
549.00,1.46128882E+3,
549.1500,1.43498572E+3,
549.300,1.38209448E+3,
549.4500,1.54616028E+3,
549.600,1.40413708E+3,
549.7500,1.39796887E+3,
549.900,1.43723340E+3,
550.0500,1.52208813E+3,
550.200,1.44846472E+3,
550.3500,1.62474377E+3,
550.500,1.64711035E+3,
550.6500,1.62695789E+3,
550.800,1.67619751E+3,
550.9500,1.68920251E+3,
551.100,1.69116272E+3,
551.2500,1.81824780E+3,
551.400,1.83779517E+3,
551.5500,1.73355371E+3,
551.700,1.79753601E+3,
551.8500,1.70254187E+3,
552.00,1.65351965E+3,
552.1500,1.67621631E+3,
552.300,1.54407300E+3,
552.4500,1.65460681E+3,
552.600,1.57172961E+3,
552.7500,1.61363989E+3,
552.900,1.53852869E+3,
553.0500,1.54999890E+3,
553.200,1.46184644E+3,
553.3500,1.47169092E+3,
553.500,1.49928711E+3,
553.6500,1.48013623E+3,
553.800,1.44477039E+3,
553.9500,1.41255005E+3,
554.100,1.46125684E+3,
554.2500,1.47115466E+3,
554.400,1.43722424E+3,
554.5500,1.34629480E+3,
554.700,1.40165442E+3,
554.8500,1.40987488E+3,
555.00,1.41158191E+3,
555.1500,1.40184326E+3,
555.300,1.35117896E+3,
555.4500,1.44451318E+3,
555.600,1.42000403E+3,
555.7500,1.42662244E+3,
555.900,1.40859717E+3,
556.0500,1.39546753E+3,
556.200,1.38396619E+3,
556.3500,1.38397766E+3,
556.500,1.44674219E+3,
556.6500,1.32445959E+3,
556.800,1.37404773E+3,
556.9500,1.31601575E+3,
557.100,1.37069824E+3,
557.2500,1.36404224E+3,
557.400,1.36069250E+3,
557.5500,1.44059998E+3,
557.700,1.35895422E+3,
557.8500,1.40565222E+3,
558.00,1.42571387E+3,
558.1500,1.38227710E+3,
558.300,1.43590613E+3,
558.4500,1.46953149E+3,
558.600,1.43940784E+3,
558.7500,1.40920532E+3,
558.900,1.45132239E+3,
559.0500,1.27440881E+3,
559.200,1.38064185E+3,
559.3500,1.41277637E+3,
559.500,1.27916724E+3,
559.6500,1.30616321E+3,
559.800,1.19073779E+3,
559.9500,1.18881018E+3,
560.100,1.23788635E+3,
560.2500,1.21898022E+3,
560.400,1.23581958E+3,
560.5500,1.11445374E+3,
560.700,1.07993408E+3,
560.8500,1.15481921E+3,
561.00,1.07229309E+3,
561.1500,1.14561377E+3,
561.300,9.68416260E+2,
561.4500,1.09679199E+3,
561.600,1.04130554E+3,
561.7500,9.39155579E+2,
561.900,9.40275146E+2,
562.0500,9.08577515E+2,
562.200,9.20043762E+2,
562.3500,8.67468933E+2,
562.500,9.22244812E+2,
562.6500,8.79954163E+2,
562.800,8.93164124E+2,
562.9500,8.47252075E+2,
563.100,8.65721375E+2,
563.2500,8.52863647E+2,
563.400,8.80135254E+2,
563.5500,7.20381958E+2,
563.700,7.86064148E+2,
563.8500,7.60757263E+2,
564.00,8.54730591E+2,
564.1500,7.13526367E+2,
564.300,7.70797546E+2,
564.4500,7.13679016E+2,
564.600,7.19926941E+2,
564.7500,7.10286621E+2,
564.900,8.06772217E+2,
565.0500,7.88350037E+2,
565.200,6.81168396E+2,
565.3500,7.03366089E+2,
565.500,7.41624817E+2,
565.6500,7.87103027E+2,
565.800,7.23927490E+2,
565.9500,7.39143005E+2,
566.100,7.99037598E+2,
566.2500,6.46077209E+2,
566.400,7.34645386E+2,
566.5500,7.78572388E+2,
566.700,7.09448730E+2,
566.8500,7.69628601E+2,
567.00,7.57935120E+2,
567.1500,7.26383606E+2,
567.300,7.00168396E+2,
567.4500,7.33509705E+2,
567.600,6.92766052E+2,
567.7500,6.51924622E+2,
567.900,7.37896362E+2,
568.0500,7.60557251E+2,
568.200,6.86989807E+2,
568.3500,6.71466248E+2,
568.500,7.06916199E+2,
568.6500,7.26033752E+2,
568.800,7.81724548E+2,
568.9500,8.24749695E+2,
569.100,8.09314209E+2,
569.2500,8.67185425E+2,
569.400,8.05879944E+2,
569.5500,7.49928223E+2,
569.700,7.58245422E+2,
569.8500,7.77636841E+2,
570.00,8.19215698E+2,
570.1500,7.72180664E+2,
570.300,7.00983643E+2,
570.4500,7.42571777E+2,
570.600,7.97235840E+2,
570.7500,7.94484314E+2,
570.900,7.34109985E+2,
571.0500,7.29395386E+2,
571.200,7.89839172E+2,
571.3500,7.77684814E+2,
571.500,7.74835266E+2,
571.6500,7.15901245E+2,
571.800,7.31682800E+2,
571.9500,7.38130981E+2,
572.100,7.63371460E+2,
572.2500,7.84925537E+2,
572.400,7.82087280E+2,
572.5500,7.19008179E+2,
572.700,7.44346985E+2,
572.8500,6.33905151E+2,
573.00,7.51751099E+2,
573.1500,6.71358337E+2,
573.300,7.36562073E+2,
573.4500,7.73487122E+2,
573.600,6.87121521E+2,
573.7500,6.65156799E+2,
573.900,7.72524719E+2,
574.0500,7.41081543E+2,
574.200,6.92396851E+2,
574.3500,7.23799927E+2,
574.500,7.68661804E+2,
574.6500,8.05973145E+2,
574.800,6.76613953E+2,
574.9500,7.58037415E+2,
575.100,8.12760986E+2,
575.2500,7.31030273E+2,
575.400,8.10890930E+2,
575.5500,7.61736450E+2,
575.700,6.81567810E+2,
575.8500,7.75182983E+2,
576.00,7.60636414E+2,
576.1500,7.55760254E+2,
576.300,7.46988098E+2,
576.4500,8.06183472E+2,
576.600,8.42180969E+2,
576.7500,8.27632141E+2,
576.900,8.40341553E+2,
577.0500,8.27694153E+2,
577.200,8.18910156E+2,
577.3500,8.94243103E+2,
577.500,8.79633911E+2,
577.6500,8.55180237E+2,
577.800,1.00151044E+3,
577.9500,1.01645801E+3,
578.100,1.10226660E+3,
578.2500,1.03060596E+3,
578.400,1.08503870E+3,
578.5500,1.10008972E+3,
578.700,1.04201343E+3,
578.8500,1.05704321E+3,
579.00,9.39328857E+2,
579.1500,9.97921326E+2,
579.300,9.21582214E+2,
579.4500,1.01010596E+3,
579.600,1.00327509E+3,
579.7500,9.26675720E+2,
579.900,9.99532593E+2,
580.0500,9.58714783E+2,
580.200,9.15826965E+2,
580.3500,9.60921509E+2,
580.500,1.03617932E+3,
580.6500,9.49079529E+2,
580.800,9.68242981E+2,
580.9500,9.39181519E+2,
581.100,1.03289880E+3,
581.2500,1.07645349E+3,
581.400,1.00305170E+3,
581.5500,9.45637024E+2,
581.700,1.05194519E+3,
581.8500,9.49888489E+2,
582.00,9.87501831E+2,
582.1500,1.05163110E+3,
582.300,1.05086670E+3,
582.4500,9.93115662E+2,
582.600,1.13897363E+3,
582.7500,1.09954126E+3,
582.900,1.06613843E+3,
583.0500,1.05924146E+3,
583.200,1.04824573E+3,
583.3500,1.16020947E+3,
583.500,1.15751074E+3,
583.6500,1.20822717E+3,
583.800,1.15002454E+3,
583.9500,1.21526477E+3,
584.100,1.23117578E+3,
584.2500,1.19550818E+3,
584.400,1.21763428E+3,
584.5500,1.17978467E+3,
584.700,1.27032300E+3,
584.8500,1.21376392E+3,
585.00,1.19653320E+3,
585.1500,1.26867407E+3,
585.300,1.33057007E+3,
585.4500,1.46974609E+3,
585.600,1.29616406E+3,
585.7500,1.38546704E+3,
585.900,1.32643372E+3,
586.0500,1.35731140E+3,
586.200,1.35048474E+3,
586.3500,1.39822290E+3,
586.500,1.33046448E+3,
586.6500,1.45824194E+3,
586.800,1.45990710E+3,
586.9500,1.50797131E+3,
587.100,1.63003247E+3,
587.2500,1.49658777E+3,
587.400,1.70566321E+3,
587.5500,1.70758130E+3,
587.700,1.87281433E+3,
587.8500,1.82183008E+3,
588.00,1.82599487E+3,
588.1500,1.78975928E+3,
588.300,2.01975183E+3,
588.4500,1.90045667E+3,
588.600,1.93249524E+3,
588.7500,2.01376819E+3,
588.900,1.97536963E+3,
589.0500,1.96048145E+3,
589.200,2.20089819E+3,
589.3500,2.16697363E+3,
589.500,2.08135767E+3,
589.6500,2.24524658E+3,
589.800,2.23278369E+3,
589.9500,2.03472290E+3,
590.100,2.35480444E+3,
590.2500,2.21501538E+3,
590.400,2.28278613E+3,
590.5500,2.38758325E+3,
590.700,2.49480933E+3,
590.8500,2.53924878E+3,
591.00,2.70351196E+3,
591.1500,2.57404736E+3,
591.300,2.83706104E+3,
591.4500,2.80137720E+3,
591.600,2.99095142E+3,
591.7500,2.86552979E+3,
591.900,2.94597461E+3,
592.0500,3.12977930E+3,
592.200,3.38647461E+3,
592.3500,3.24307568E+3,
592.500,3.46744434E+3,
592.6500,3.54889038E+3,
592.800,3.49793677E+3,
592.9500,3.85835107E+3,
593.100,3.88073975E+3,
593.2500,3.70580176E+3,
593.400,3.76357202E+3,
593.5500,3.82146509E+3,
593.700,4.09538721E+3,
593.8500,4.07357251E+3,
594.00,4.02491821E+3,
594.1500,4.18431055E+3,
594.300,3.98395435E+3,
594.4500,4.03392676E+3,
594.600,4.09074170E+3,
594.7500,3.90515991E+3,
594.900,4.14406104E+3,
595.0500,4.13147656E+3,
595.200,3.90933691E+3,
595.3500,3.97780518E+3,
595.500,3.93567480E+3,
595.6500,3.98849048E+3,
595.800,3.95529663E+3,
595.9500,4.26926465E+3,
596.100,4.16585449E+3,
596.2500,4.14179297E+3,
596.400,4.23614893E+3,
596.5500,4.31932617E+3,
596.700,4.29989893E+3,
596.8500,4.29870459E+3,
597.00,4.36163281E+3,
597.1500,4.64944189E+3,
597.300,4.49011572E+3,
597.4500,4.75811182E+3,
597.600,4.84717334E+3,
597.7500,4.83499951E+3,
597.900,4.91050781E+3,
598.0500,5.35141699E+3,
598.200,5.29578760E+3,
598.3500,5.36977832E+3,
598.500,5.21188770E+3,
598.6500,5.46715820E+3,
598.800,5.52763574E+3,
598.9500,5.72102979E+3,
599.100,5.72844531E+3,
599.2500,5.81767285E+3,
599.400,5.89074658E+3,
599.5500,5.87032178E+3,
599.700,5.85217383E+3,
599.8500,6.28705420E+3,
600.00,5.96376318E+3,
600.1500,6.17706689E+3,
600.300,6.02319238E+3,
600.4500,5.88538818E+3,
600.600,5.98830615E+3,
600.7500,6.04651221E+3,
600.900,6.37039551E+3,
601.0500,6.41528955E+3,
601.200,6.36573877E+3,
601.3500,6.41365088E+3,
601.500,6.23508301E+3,
601.6500,6.58150977E+3,
601.800,6.58204004E+3,
601.9500,6.66402637E+3,
602.100,6.74632324E+3,
602.2500,6.87456299E+3,
602.400,7.20299170E+3,
602.5500,7.19966309E+3,
602.700,7.51989453E+3,
602.8500,7.59196680E+3,
603.00,8.28676855E+3,
603.1500,8.27744824E+3,
603.300,8.66651758E+3,
603.4500,8.51411230E+3,
603.600,9.10448047E+3,
603.7500,8.94243848E+3,
603.900,9.65982227E+3,
604.0500,9.85292090E+3,
604.200,1.01273066E+4,
604.3500,1.01888604E+4,
604.500,1.04374209E+4,
604.6500,1.07162246E+4,
604.800,1.04754746E+4,
604.9500,1.08143438E+4,
605.100,1.11567080E+4,
605.2500,1.06628936E+4,
605.400,1.10630547E+4,
605.5500,1.13600049E+4,
605.700,1.18991094E+4,
605.8500,1.22927500E+4,
606.00,1.22084434E+4,
606.1500,1.29268008E+4,
606.300,1.31192148E+4,
606.4500,1.32294639E+4,
606.600,1.36989697E+4,
606.7500,1.35815391E+4,
606.900,1.38212559E+4,
607.0500,1.37894199E+4,
607.200,1.37905703E+4,
607.3500,1.37132412E+4,
607.500,1.39295088E+4,
607.6500,1.39560879E+4,
607.800,1.42164863E+4,
607.9500,1.44471055E+4,
608.100,1.47420107E+4,
608.2500,1.46904961E+4,
608.400,1.50632383E+4,
608.5500,1.59517783E+4,
608.700,1.57478203E+4,
608.8500,1.60440635E+4,
609.00,1.65778262E+4,
609.1500,1.62843203E+4,
609.300,1.63356182E+4,
609.4500,1.63870313E+4,
609.600,1.72125664E+4,
609.7500,1.68634863E+4,
609.900,1.71520781E+4,
610.0500,1.73663926E+4,
610.200,1.78242988E+4,
610.3500,1.82705508E+4,
610.500,1.86972578E+4,
610.6500,1.95703027E+4,
610.800,1.88650039E+4,
610.9500,1.99379355E+4,
611.100,2.04301387E+4,
611.2500,2.06076133E+4,
611.400,2.09069688E+4,
611.5500,2.12177441E+4,
611.700,2.12409043E+4,
611.8500,2.11447266E+4,
612.00,2.08038496E+4,
612.1500,2.06608242E+4,
612.300,2.07090488E+4,
612.4500,2.03011309E+4,
612.600,1.97395371E+4,
612.7500,1.91868145E+4,
612.900,1.85116875E+4,
613.0500,1.82963750E+4,
613.200,1.78468906E+4,
613.3500,1.71346406E+4,
613.500,1.70836563E+4,
613.6500,1.68811504E+4,
613.800,1.68619238E+4,
613.9500,1.62977969E+4,
614.100,1.63054922E+4,
614.2500,1.57452314E+4,
614.400,1.57986572E+4,
614.5500,1.54401768E+4,
614.700,1.50831973E+4,
614.8500,1.51465313E+4,
615.00,1.55226045E+4,
615.1500,1.49144707E+4,
615.300,1.49947754E+4,
615.4500,1.52351592E+4,
615.600,1.55149307E+4,
615.7500,1.52093330E+4,
615.900,1.51020869E+4,
616.0500,1.50110928E+4,
616.200,1.50171201E+4,
616.3500,1.48755352E+4,
616.500,1.48226533E+4,
616.6500,1.45516387E+4,
616.800,1.48029072E+4,
616.9500,1.40823340E+4,
617.100,1.39296221E+4,
617.2500,1.41027939E+4,
617.400,1.41807188E+4,
617.5500,1.42531865E+4,
617.700,1.36473154E+4,
617.8500,1.36935146E+4,
618.00,1.37539980E+4,
618.1500,1.36990430E+4,
618.300,1.36950566E+4,
618.4500,1.35284375E+4,
618.600,1.34754453E+4,
618.7500,1.32304209E+4,
618.900,1.33859375E+4,
619.0500,1.35536289E+4,
619.200,1.39381553E+4,
619.3500,1.38540449E+4,
619.500,1.42288389E+4,
619.6500,1.43994912E+4,
619.800,1.46402598E+4,
619.9500,1.47918291E+4,
620.100,1.46704326E+4,
620.2500,1.51694502E+4,
620.400,1.49927285E+4,
620.5500,1.50200654E+4,
620.700,1.47866055E+4,
620.8500,1.50690010E+4,
621.00,1.39197871E+4,
621.1500,1.40036914E+4,
621.300,1.39785811E+4,
621.4500,1.40154492E+4,
621.600,1.40849707E+4,
621.7500,1.35254482E+4,
621.900,1.31184912E+4,
622.0500,1.31299092E+4,
622.200,1.27532500E+4,
622.3500,1.24708486E+4,
622.500,1.22532744E+4,
622.6500,1.20978848E+4,
622.800,1.17345332E+4,
622.9500,1.14631895E+4,
623.100,1.13176367E+4,
623.2500,1.13045166E+4,
623.400,1.11490713E+4,
623.5500,1.07626016E+4,
623.700,1.04020615E+4,
623.8500,1.02470801E+4,
624.00,1.05395400E+4,
624.1500,1.00488213E+4,
624.300,1.02506484E+4,
624.4500,1.00333340E+4,
624.600,9.99017676E+3,
624.7500,1.01067549E+4,
624.900,9.83239648E+3,
625.0500,9.92451563E+3,
625.200,9.76063770E+3,
625.3500,9.51863281E+3,
625.500,9.35949219E+3,
625.6500,9.29302539E+3,
625.800,9.27299609E+3,
625.9500,9.58064746E+3,
626.100,9.34849902E+3,
626.2500,9.09984570E+3,
626.400,9.43102246E+3,
626.5500,9.22867676E+3,
626.700,8.98456641E+3,
626.8500,9.40252637E+3,
627.00,8.96160938E+3,
627.1500,9.17503223E+3,
627.300,8.90339453E+3,
627.4500,9.10153027E+3,
627.600,8.84777539E+3,
627.7500,8.61537793E+3,
627.900,8.54843457E+3,
628.0500,8.64150977E+3,
628.200,8.11522656E+3,
628.3500,8.19178809E+3,
628.500,7.83341602E+3,
628.6500,8.10022363E+3,
628.800,8.06058887E+3,
628.9500,8.04347412E+3,
629.100,7.73405322E+3,
629.2500,7.31933545E+3,
629.400,7.63992188E+3,
629.5500,7.43897412E+3,
629.700,7.32888379E+3,
629.8500,7.14290186E+3,
630.00,7.31761768E+3,
630.1500,7.20673828E+3,
630.300,6.94364746E+3,
630.4500,7.04967871E+3,
630.600,7.00044629E+3,
630.7500,7.30268652E+3,
630.900,7.53958740E+3,
631.0500,6.97140527E+3,
631.200,7.06195410E+3,
631.3500,7.22639160E+3,
631.500,7.28422803E+3,
631.6500,7.09047168E+3,
631.800,7.49803711E+3,
631.9500,7.42858105E+3,
632.100,7.11232471E+3,
632.2500,7.68137793E+3,
632.400,7.92716797E+3,
632.5500,7.47064209E+3,
632.700,7.62500928E+3,
632.8500,8.22334668E+3,
633.00,7.73724805E+3,
633.1500,7.93047168E+3,
633.300,7.60976660E+3,
633.4500,7.55591748E+3,
633.600,7.78769971E+3,
633.7500,7.76497363E+3,
633.900,7.84586621E+3,
634.0500,7.77807568E+3,
634.200,7.81766504E+3,
634.3500,7.67997803E+3,
634.500,7.75430518E+3,
634.6500,7.41335693E+3,
634.800,7.62732959E+3,
634.9500,7.62477002E+3,
635.100,7.53815576E+3,
635.2500,7.20140527E+3,
635.400,7.49104736E+3,
635.5500,6.99727100E+3,
635.700,6.82371973E+3,
635.8500,7.35908252E+3,
636.00,6.97927441E+3,
636.1500,6.65883740E+3,
636.300,6.99751367E+3,
636.4500,6.91183398E+3,
636.600,6.70746143E+3,
636.7500,6.52376465E+3,
636.900,6.89725586E+3,
637.0500,6.40644531E+3,
637.200,6.04720361E+3,
637.3500,6.15732129E+3,
637.500,6.10091162E+3,
637.6500,6.45156152E+3,
637.800,5.89257275E+3,
637.9500,5.94839160E+3,
638.100,6.03713281E+3,
638.2500,5.51385205E+3,
638.400,5.87743506E+3,
638.5500,6.00686768E+3,
638.700,5.85650098E+3,
638.8500,5.52444434E+3,
639.00,5.57241260E+3,
639.1500,5.44651758E+3,
639.300,5.53942432E+3,
639.4500,5.43897021E+3,
639.600,5.50232910E+3,
639.7500,5.47988867E+3,
639.900,5.47607764E+3,
640.0500,5.69022607E+3,
640.200,5.31841113E+3,
640.3500,5.43910938E+3,
640.500,5.29191943E+3,
640.6500,5.53045703E+3,
640.800,5.37898779E+3,
640.9500,5.23445654E+3,
641.100,5.12740039E+3,
641.2500,5.18795508E+3,
641.400,5.29085938E+3,
641.5500,5.05271973E+3,
641.700,5.02884766E+3,
641.8500,4.92008691E+3,
642.00,5.22010889E+3,
642.1500,4.78227100E+3,
642.300,4.48989990E+3,
642.4500,4.40997656E+3,
642.600,4.69958887E+3,
642.7500,4.08518237E+3,
642.900,4.18761426E+3,
643.0500,3.98089600E+3,
643.200,3.93423999E+3,
643.3500,3.84802637E+3,
643.500,3.74960425E+3,
643.6500,3.39394043E+3,
643.800,3.45249634E+3,
643.9500,3.35257886E+3,
644.100,3.12500171E+3,
644.2500,3.29088721E+3,
644.400,3.25383984E+3,
644.5500,3.09259619E+3,
644.700,2.92264648E+3,
644.8500,3.01311035E+3,
645.00,2.98316235E+3,
645.1500,2.93713428E+3,
645.300,2.90706445E+3,
645.4500,2.67020459E+3,
645.600,2.74904028E+3,
645.7500,2.40905908E+3,
645.900,2.78943042E+3,
646.0500,2.75869238E+3,
646.200,2.79342944E+3,
646.3500,2.53274976E+3,
646.500,2.58357227E+3,
646.6500,2.63048584E+3,
646.800,2.78915698E+3,
646.9500,2.85740771E+3,
647.100,2.46936255E+3,
647.2500,2.62444482E+3,
647.400,2.47174316E+3,
647.5500,2.74862036E+3,
647.700,2.74201855E+3,
647.8500,2.64727246E+3,
648.00,2.34608521E+3,
648.1500,2.49012109E+3,
648.300,2.37719238E+3,
648.4500,2.50072754E+3,
648.600,2.35763525E+3,
648.7500,2.27341431E+3,
648.900,2.37619629E+3,
649.0500,2.56050195E+3,
649.200,2.24952539E+3,
649.3500,2.21149658E+3,
649.500,2.37086572E+3,
649.6500,2.09618018E+3,
649.800,2.26459399E+3,
649.9500,2.32565186E+3,
650.100,2.33943872E+3,
650.2500,2.20571411E+3,
650.400,2.21498755E+3,
650.5500,2.45980347E+3,
650.700,2.39098315E+3,
650.8500,2.46203052E+3,
651.00,2.62558643E+3,
651.1500,2.86039453E+3,
651.300,2.93747363E+3,
651.4500,3.22266064E+3,
651.600,3.60217700E+3,
651.7500,3.55708789E+3,
651.900,3.89901025E+3,
652.0500,4.03721948E+3,
652.200,4.31008008E+3,
652.3500,4.42283008E+3,
652.500,4.48666309E+3,
652.6500,4.45173877E+3,
652.800,4.15497217E+3,
652.9500,3.57651636E+3,
653.100,3.71143286E+3,
653.2500,3.13840601E+3,
653.400,2.84956909E+3,
653.5500,2.69628613E+3,
653.700,2.35025684E+3,
653.8500,2.34178467E+3,
654.00,2.46646143E+3,
654.1500,2.32478149E+3,
654.300,2.29779199E+3,
654.4500,2.29379028E+3,
654.600,2.20632715E+3,
654.7500,2.26711646E+3,
654.900,2.34214429E+3,
655.0500,2.30550684E+3,
655.200,2.22661450E+3,
655.3500,2.45210278E+3,
655.500,2.20868604E+3,
655.6500,2.23261646E+3,
655.800,2.24720264E+3,
655.9500,2.19559912E+3,
656.100,2.14848071E+3,
656.2500,2.20095850E+3,
656.400,2.42519604E+3,
656.5500,1.96276746E+3,
656.700,1.98643005E+3,
656.8500,2.22608447E+3,
657.00,1.86094373E+3,
657.1500,1.68694458E+3,
657.300,2.05803467E+3,
657.4500,1.97082495E+3,
657.600,2.01424622E+3,
657.7500,1.95569739E+3,
657.900,1.87736230E+3,
658.0500,1.94040857E+3,
658.200,1.87149646E+3,
658.3500,1.87591101E+3,
658.500,1.90494934E+3,
658.6500,1.80089978E+3,
658.800,1.80515161E+3,
658.9500,1.80445740E+3,
659.100,1.94784009E+3,
659.2500,1.74323633E+3,
659.400,1.77230334E+3,
659.5500,1.78648486E+3,
659.700,1.79570862E+3,
659.8500,1.70441235E+3,
660.00,1.51188416E+3,
660.1500,1.70745361E+3,
660.300,1.60518982E+3,
660.4500,1.70038477E+3,
660.600,1.63321362E+3,
660.7500,1.50451282E+3,
660.900,1.40586365E+3,
661.0500,1.62960547E+3,
661.200,1.77229578E+3,
661.3500,1.70969006E+3,
661.500,1.66741785E+3,
661.6500,1.70255518E+3,
661.800,1.58741394E+3,
661.9500,1.99693445E+3,
662.100,1.70470776E+3,
662.2500,1.95977429E+3,
662.400,2.21085718E+3,
662.5500,2.02725842E+3,
662.700,2.14284180E+3,
662.8500,1.91591687E+3,
663.00,1.88891846E+3,
663.1500,1.89353442E+3,
663.300,1.75460339E+3,
663.4500,1.59366357E+3,
663.600,1.82731091E+3,
663.7500,1.63360645E+3,
663.900,1.56780664E+3,
664.0500,1.41014648E+3,
664.200,1.26245227E+3,
664.3500,1.30332422E+3,
664.500,1.14923315E+3,
664.6500,1.20088696E+3,
664.800,1.19831213E+3,
664.9500,1.11382080E+3,
665.100,1.06721545E+3,
665.2500,1.14106470E+3,
665.400,1.09428479E+3,
665.5500,9.92156250E+2,
665.700,1.04976416E+3,
665.8500,9.91338806E+2,
666.00,1.19909656E+3,
666.1500,1.00719775E+3,
666.300,8.31109436E+2,
666.4500,8.61050903E+2,
666.600,1.14333838E+3,
666.7500,8.20227356E+2,
666.900,8.72872375E+2,
667.0500,9.20126953E+2,
667.200,8.71423279E+2,
667.3500,8.67857910E+2,
667.500,8.13096802E+2,
667.6500,8.89161560E+2,
667.800,9.08454529E+2,
667.9500,7.90379211E+2,
668.100,7.92341858E+2,
668.2500,9.26723450E+2,
668.400,7.44398926E+2,
668.5500,8.50403687E+2,
668.700,7.19154053E+2,
668.8500,7.15151917E+2,
669.00,7.51928101E+2,
669.1500,7.53894958E+2,
669.300,6.73835327E+2,
669.4500,7.63721008E+2,
669.600,7.89282166E+2,
669.7500,7.55917358E+2,
669.900,6.33557495E+2,
670.0500,6.58959778E+2,
670.200,5.95197571E+2,
670.3500,6.68351868E+2,
670.500,5.56412109E+2,
670.6500,7.25816284E+2,
670.800,6.13436218E+2,
670.9500,9.64756531E+2,
671.100,6.89116699E+2,
671.2500,7.08997864E+2,
671.400,7.10750183E+2,
671.5500,5.54171997E+2,
671.700,7.20373596E+2,
671.8500,6.05876343E+2,
672.00,6.44186646E+2,
672.1500,5.96528259E+2,
672.300,8.01381653E+2,
672.4500,6.42638245E+2,
672.600,6.75145386E+2,
672.7500,7.07804993E+2,
672.900,6.78381592E+2,
673.0500,6.23869690E+2,
673.200,6.00380798E+2,
673.3500,7.20967529E+2,
673.500,6.09610168E+2,
673.6500,5.98504883E+2,
673.800,6.82073853E+2,
673.9500,7.09071045E+2,
674.100,6.15649353E+2,
674.2500,5.15406494E+2,
674.400,5.99648682E+2,
674.5500,6.13966492E+2,
674.700,6.34765808E+2,
674.8500,6.23527649E+2,
675.00,6.25117798E+2,
675.1500,7.68885681E+2,
675.300,5.89496338E+2,
675.4500,4.48140625E+2,
675.600,5.99072388E+2,
675.7500,7.24671875E+2,
675.900,6.80737610E+2,
676.0500,7.08767029E+2,
676.200,8.02756104E+2,
676.3500,6.92720154E+2,
676.500,8.46689209E+2,
676.6500,5.70373352E+2,
676.800,5.98480896E+2,
676.9500,7.20077515E+2,
677.100,6.61820618E+2,
677.2500,6.56873962E+2,
677.400,7.05662964E+2,
677.5500,5.72768738E+2,
677.700,5.40509705E+2,
677.8500,5.55496399E+2,
678.00,5.43390625E+2,
678.1500,5.65236145E+2,
678.300,6.28158997E+2,
678.4500,6.98252625E+2,
678.600,6.03985413E+2,
678.7500,5.57392090E+2,
678.900,5.10552826E+2,
679.0500,5.46463867E+2,
679.200,7.00431641E+2,
679.3500,7.57846924E+2,
679.500,6.97053772E+2,
679.6500,6.35945618E+2,
679.800,6.37576904E+2,
679.9500,5.68970276E+2,
680.100,5.65321594E+2,
680.2500,5.38540161E+2,
680.400,5.40030762E+2,
680.5500,4.70272522E+2,
680.700,6.85928101E+2,
680.8500,6.30511108E+2,
681.00,6.89739258E+2,
681.1500,6.19584229E+2,
681.300,5.85161194E+2,
681.4500,6.22986206E+2,
681.600,5.81112732E+2,
681.7500,5.97276794E+2,
681.900,7.37693237E+2,
682.0500,6.37176514E+2,
682.200,7.27023254E+2,
682.3500,7.58444397E+2,
682.500,7.30964233E+2,
682.6500,6.58910767E+2,
682.800,7.57203918E+2,
682.9500,5.88053284E+2,
683.100,7.61304810E+2,
683.2500,7.10963135E+2,
683.400,6.90363281E+2,
683.5500,8.12606628E+2,
683.700,6.63906311E+2,
683.8500,7.79165710E+2,
684.00,5.15787476E+2,
684.1500,6.76899170E+2,
684.300,6.86355347E+2,
684.4500,6.65271667E+2,
684.600,6.67072815E+2,
684.7500,6.53503662E+2,
684.900,7.01531067E+2,
685.0500,7.42083374E+2,
685.200,7.51844666E+2,
685.3500,6.91707275E+2,
685.500,8.10480042E+2,
685.6500,6.72025146E+2,
685.800,6.42509277E+2,
685.9500,8.09249084E+2,
686.100,8.27200317E+2,
686.2500,9.40034363E+2,
686.400,8.71297119E+2,
686.5500,8.73661743E+2,
686.700,9.31782471E+2,
686.8500,9.50286499E+2,
687.00,9.44864258E+2,
687.1500,8.75195251E+2,
687.300,1.05472998E+3,
687.4500,9.12306641E+2,
687.600,9.79582703E+2,
687.7500,9.66044373E+2,
687.900,1.09895447E+3,
688.0500,1.02851855E+3,
688.200,9.90427063E+2,
688.3500,8.45416992E+2,
688.500,9.13595947E+2,
688.6500,9.73895081E+2,
688.800,8.44169739E+2,
688.9500,8.21609070E+2,
689.100,9.81967834E+2,
689.2500,9.26224487E+2,
689.400,8.19971436E+2,
689.5500,1.02355756E+3,
689.700,9.25392212E+2,
689.8500,8.77300049E+2,
690.00,8.79692139E+2,
690.1500,9.24472900E+2,
690.300,8.75942566E+2,
690.4500,9.80635742E+2,
690.600,9.49085632E+2,
690.7500,9.60226685E+2,
690.900,9.45634216E+2,
691.0500,9.22342163E+2,
691.200,8.90285889E+2,
691.3500,1.10939746E+3,
691.500,9.82067871E+2,
691.6500,1.08933228E+3,
691.800,1.03114600E+3,
691.9500,1.21798413E+3,
692.100,1.03681396E+3,
692.2500,9.33939697E+2,
692.400,1.02486475E+3,
692.5500,1.00997235E+3,
692.700,9.23921265E+2,
692.8500,1.13136658E+3,
693.00,1.25062390E+3,
693.1500,1.13759985E+3,
693.300,1.12275085E+3,
693.4500,1.16185400E+3,
693.600,1.05666492E+3,
693.7500,1.04145300E+3,
693.900,1.23501624E+3,
694.0500,9.83445984E+2,
694.200,1.12312207E+3,
694.3500,1.18115710E+3,
694.500,1.30377722E+3,
694.6500,1.24293225E+3,
694.800,1.11711548E+3,
694.9500,1.19427026E+3,
695.100,1.38329456E+3,
695.2500,1.42443823E+3,
695.400,1.26974487E+3,
695.5500,1.19843237E+3,
695.700,1.11732007E+3,
695.8500,1.09223718E+3,
696.00,1.32195374E+3,
696.1500,1.15523694E+3,
696.300,1.25345496E+3,
696.4500,1.30460815E+3,
696.600,8.88113037E+2,
696.7500,1.12046448E+3,
696.900,1.10443115E+3,
697.0500,1.09790332E+3,
697.200,1.47757275E+3,
697.3500,1.34608191E+3,
697.500,1.16530115E+3,
697.6500,1.50935132E+3,
697.800,9.96004150E+2,
697.9500,1.27293909E+3,
698.100,1.31575220E+3,
698.2500,1.47695386E+3,
698.400,1.30333972E+3,
698.5500,1.27726770E+3,
698.700,1.35033228E+3,
698.8500,1.64284387E+3,
699.00,1.17816504E+3,
699.1500,1.42180908E+3,
699.300,1.36559314E+3,
699.4500,1.23856335E+3,
699.600,1.36325977E+3,
699.7500,1.25573926E+3,
699.900,1.47258508E+3,
700.0500,1.32398157E+3,
700.200,1.23575769E+3,
700.3500,1.32113757E+3,
700.500,1.40698792E+3,
700.6500,1.28733911E+3,
700.800,1.11537329E+3,
700.9500,1.15992334E+3,
701.100,1.44348083E+3,
701.2500,1.38489917E+3,
701.400,1.19026367E+3,
701.5500,1.41333215E+3,
701.700,1.15471912E+3,
701.8500,1.07363831E+3,
702.00,1.49872229E+3,
702.1500,1.17470886E+3,
702.300,1.39012366E+3,
702.4500,1.07468042E+3,
702.600,1.37633630E+3,
702.7500,1.20890198E+3,
702.900,1.29800757E+3,
703.0500,1.50597095E+3,
703.200,1.43473547E+3,
703.3500,1.31981458E+3,
703.500,1.34526758E+3,
703.6500,1.44701953E+3,
703.800,1.49478857E+3,
703.9500,1.65224207E+3,
704.100,1.34980652E+3,
704.2500,1.33179773E+3,
704.400,1.44614795E+3,
704.5500,1.57224072E+3,
704.700,1.73239160E+3,
704.8500,1.60389551E+3,
705.00,1.75390808E+3,
705.1500,1.55743604E+3,
705.300,1.51711426E+3,
705.4500,1.44272986E+3,
705.600,1.66182129E+3,
705.7500,1.62142322E+3,
705.900,1.62626636E+3,
706.0500,1.60827979E+3,
706.200,1.75026331E+3,
706.3500,1.50298242E+3,
706.500,1.21972095E+3,
706.6500,1.54644092E+3,
706.800,1.64358276E+3,
706.9500,1.62520227E+3,
707.100,1.61832727E+3,
707.2500,1.85660461E+3,
707.400,1.54585547E+3,
707.5500,1.79704846E+3,
707.700,1.60207251E+3,
707.8500,1.47682629E+3,
708.00,1.61152087E+3,
708.1500,1.54487378E+3,
708.300,1.69235449E+3,
708.4500,1.50601160E+3,
708.600,1.96588245E+3,
708.7500,1.79125427E+3,
708.900,1.42269580E+3,
709.0500,1.55976782E+3,
709.200,1.55196594E+3,
709.3500,1.47116272E+3,
709.500,1.52401575E+3,
709.6500,1.63828711E+3,
709.800,1.65510474E+3,
709.9500,1.63512451E+3,
710.100,1.49167188E+3,
710.2500,1.54517554E+3,
710.400,1.49980347E+3,
710.5500,1.71518115E+3,
710.700,1.40829053E+3,
710.8500,1.79953479E+3,
711.00,1.67914233E+3,
711.1500,1.75921448E+3,
711.300,1.80191968E+3,
711.4500,1.32677881E+3,
711.600,1.72329285E+3,
711.7500,1.61374902E+3,
711.900,1.80939893E+3,
712.0500,1.80171277E+3,
712.200,1.28144592E+3,
712.3500,2.03045032E+3,
712.500,1.39185913E+3,
712.6500,1.60262268E+3,
712.800,1.42574231E+3,
712.9500,1.49481079E+3,
713.100,1.86399707E+3,
713.2500,1.49013586E+3,
713.400,1.90065149E+3,
713.5500,1.62993481E+3,
713.700,1.25223962E+3,
713.8500,1.86380029E+3,
714.00,1.76298901E+3,
714.1500,1.64823743E+3,
714.300,1.34623352E+3,
714.4500,1.64401599E+3,
714.600,1.19287256E+3,
714.7500,1.41122925E+3,
714.900,1.83296045E+3,
715.0500,1.59483325E+3,
715.200,1.57230444E+3,
715.3500,1.82150439E+3,
715.500,1.62225989E+3,
715.6500,1.29881384E+3,
715.800,1.72760571E+3,
715.9500,1.74634399E+3,
716.100,1.55837463E+3,
716.2500,1.50763306E+3,
716.400,1.35948010E+3,
716.5500,1.48870679E+3,
716.700,1.38146765E+3,
716.8500,1.42753625E+3,
717.00,1.83882886E+3,
717.1500,1.63301440E+3,
717.300,1.82131335E+3,
717.4500,1.50094617E+3,
717.600,1.46272351E+3,
717.7500,1.41002686E+3,
717.900,1.52842798E+3,
718.0500,1.57584937E+3,
718.200,1.33613110E+3,
718.3500,1.39760059E+3,
718.500,1.67616211E+3,
718.6500,1.49260132E+3,
718.800,1.29343872E+3,
718.9500,1.55951819E+3,
719.100,1.47627832E+3,
719.2500,1.49514307E+3,
719.400,1.55820947E+3,
719.5500,1.47420630E+3,
719.700,1.36014661E+3,
719.8500,1.64574207E+3,
720.00,1.57611108E+3,
720.1500,1.32710010E+3,
720.300,1.36078210E+3,
720.4500,1.18470215E+3,
720.600,1.32342957E+3,
720.7500,1.32720569E+3,
720.900,1.25537329E+3,
721.0500,1.15276233E+3,
721.200,1.42977991E+3,
721.3500,1.54056165E+3,
721.500,1.10130566E+3,
721.6500,1.38050269E+3,
721.800,1.47667908E+3,
721.9500,1.26488232E+3,
722.100,1.43853540E+3,
722.2500,1.25636084E+3,
722.400,1.50867090E+3,
722.5500,1.15411353E+3,
722.700,1.18857251E+3,
722.8500,1.41140308E+3,
723.00,1.35239832E+3,
723.1500,1.11963904E+3,
723.300,1.01207758E+3,
723.4500,1.03077222E+3,
723.600,1.12907935E+3,
723.7500,1.24388062E+3,
723.900,1.32733936E+3,
724.0500,1.42733630E+3,
724.200,1.15804712E+3,
724.3500,1.30658472E+3,
724.500,1.13242871E+3,
724.6500,1.03837708E+3,
724.800,1.22039270E+3,
724.9500,1.35450623E+3,
725.100,1.12929333E+3,
725.2500,1.52648010E+3,
725.400,1.33335449E+3,
725.5500,1.55182153E+3,
725.700,1.27485071E+3,
725.8500,1.69365503E+3,
726.00,1.51538794E+3,
726.1500,1.48623169E+3,
726.300,1.30618884E+3,
726.4500,1.41060962E+3,
726.600,1.38088940E+3,
726.7500,1.41854504E+3,
726.900,1.01609802E+3,
727.0500,1.29065173E+3,
727.200,1.37934326E+3,
727.3500,1.14407678E+3,
727.500,1.02736780E+3,
727.6500,1.23624097E+3,
727.800,1.06747852E+3,
727.9500,1.08769189E+3,
728.100,1.10798645E+3,
728.2500,1.16309338E+3,
728.400,1.21849792E+3,
728.5500,1.37892737E+3,
728.700,1.36520483E+3,
728.8500,1.15834326E+3,
729.00,1.14392615E+3,
729.1500,1.00594177E+3,
729.300,1.07954785E+3,
729.4500,1.04707910E+3,
729.600,1.13900146E+3,
729.7500,1.17789404E+3,
729.900,9.66442444E+2,
730.0500,1.29223328E+3,
730.200,9.71943054E+2,
730.3500,1.02887317E+3,
730.500,1.06802271E+3,
730.6500,1.12554675E+3,
730.800,1.18339417E+3,
730.9500,8.39884583E+2,
731.100,1.19013989E+3,
731.2500,1.28527124E+3,
731.400,9.20620483E+2,
731.5500,1.29247876E+3,
731.700,1.09242932E+3,
731.8500,1.13263147E+3,
732.00,1.26615381E+3,
732.1500,9.52232178E+2,
732.300,8.23799133E+2,
732.4500,9.57494141E+2,
732.600,1.24253418E+3,
732.7500,1.22709338E+3,
732.900,1.40086890E+3,
733.0500,9.11206726E+2,
733.200,6.85337402E+2,
733.3500,1.31728174E+3,
733.500,1.51246655E+3,
733.6500,1.38236316E+3,
733.800,1.19374963E+3,
733.9500,1.04267419E+3,
734.100,1.08439319E+3,
734.2500,1.10693835E+3,
734.400,1.61651062E+3,
734.5500,1.66024561E+3,
734.700,1.48874866E+3,
734.8500,1.41447839E+3,
735.00,1.89143970E+3,
735.1500,1.97586353E+3,
735.300,1.78334814E+3,
735.4500,1.66921021E+3,
735.600,2.05261963E+3,
735.7500,1.89861096E+3,
735.900,1.58337036E+3,
736.0500,1.46725562E+3,
736.200,1.33021777E+3,
736.3500,1.27325818E+3,
736.500,1.54023853E+3,
736.6500,1.17869861E+3,
736.800,1.93597388E+3,
736.9500,1.71655469E+3,
737.100,1.10645361E+3,
737.2500,1.04773279E+3,
737.400,1.19467786E+3,
737.5500,1.54891370E+3,
737.700,1.57370679E+3,
737.8500,1.64014697E+3,
738.00,1.74856360E+3,
738.1500,1.69040894E+3,
738.300,2.28054370E+3,
738.4500,1.76196533E+3,
738.600,1.99778552E+3,
738.7500,2.52996582E+3,
738.900,2.51530103E+3,
739.0500,2.20391455E+3,
739.200,2.57088477E+3,
739.3500,2.38589966E+3,
739.500,3.22514380E+3,
739.6500,3.06230078E+3,
739.800,3.34947485E+3,
739.9500,2.94926733E+3,
740.100,2.37446460E+3,
740.2500,3.09533936E+3,
740.400,2.30080176E+3,
740.5500,2.30717822E+3,
740.700,1.50600964E+3,
740.8500,2.01359094E+3,
741.00,1.51439319E+3,
741.1500,1.71668091E+3,
741.300,1.30212671E+3,
741.4500,1.21722729E+3,
741.600,1.35377954E+3,
741.7500,6.00886536E+2,
741.900,8.92691040E+2,
742.0500,1.29798743E+3,
742.200,1.18931458E+3,
742.3500,5.62523376E+2,
742.500,9.02488159E+2,
742.6500,7.01335876E+2,
742.800,8.16677307E+2,
742.9500,9.55393494E+2,
743.100,7.75532104E+2,
743.2500,6.63298462E+2,
743.400,9.63279175E+2,
743.5500,6.20954041E+2,
743.700,6.45725464E+2,
743.8500,9.48133057E+2,
744.00,7.65237610E+2,
744.1500,7.67365051E+2,
744.300,6.99545349E+2,
744.4500,6.31344482E+2,
744.600,5.62760193E+2,
744.7500,7.99469727E+2,
744.900,7.30966736E+2,
745.0500,6.85705566E+2,
745.200,6.40159851E+2,
745.3500,6.18136292E+2,
745.500,1.00126215E+3,
745.6500,7.41053894E+2,
745.800,6.95146729E+2,
745.9500,6.73020508E+2,
746.100,7.71215393E+2,
746.2500,9.18220703E+2,
746.400,9.69087463E+2,
746.5500,7.28726318E+2,
746.700,9.01127502E+2,
746.8500,1.14769104E+3,
747.00,9.54850830E+2,
747.1500,1.17811243E+3,
747.300,8.11959778E+2,
747.4500,7.64642395E+2,
747.600,8.65449524E+2,
747.7500,7.18869019E+2,
747.900,9.44310608E+2,
748.0500,9.46656311E+2,
748.200,4.74499542E+2,
748.3500,5.75816895E+2,
748.500,7.27830017E+2,
748.6500,6.03837463E+2,
748.800,7.31449158E+2,
748.9500,4.55131653E+2,
749.100,6.08422974E+2,
749.2500,4.57533875E+2,
749.400,4.33269165E+2,
749.5500,4.85536011E+2,
749.700,6.40572266E+2,
749.8500,6.93670776E+2,
750.00,5.66728638E+2,
