Labels,32C_7_30K,
Type,Emission Scan,
Comment,,
Start,252.00,
Stop,750.00,
Step,0.150,
Fixed/Offset,248.400,
Xaxis,Wavelength,
Yaxis,Counts,
Scan Corr. by File,True,
Corr. by Ref. Det.,False,
Fixed/Offset Corr. by File,False,
Repeats,1,
Dwell Time,0.20,
Lamp,Xe,
Temp,28.550,
Scan Polariser,None,
Scan Slit,0.2520,
Fixed/Offset Polariser,None,
Fixed/Offset Slit,2.9970,
Detector,Red PMT,

252.00,4.67941836E+4,
252.1500,2.67071191E+4,
252.300,2.20806211E+4,
252.4500,2.04814199E+4,
252.600,2.10624141E+4,
252.7500,2.34642090E+4,
252.900,1.95835098E+4,
253.0500,1.86068223E+4,
253.200,2.01412832E+4,
253.3500,2.02276680E+4,
253.500,1.78830703E+4,
253.6500,1.80804395E+4,
253.800,1.83494180E+4,
253.9500,1.83007227E+4,
254.100,1.91375859E+4,
254.2500,2.03801680E+4,
254.400,1.84240313E+4,
254.5500,1.60262666E+4,
254.700,1.87479629E+4,
254.8500,1.81673086E+4,
255.00,1.52662969E+4,
255.1500,1.75018418E+4,
255.300,1.92617012E+4,
255.4500,1.72393965E+4,
255.600,1.98427012E+4,
255.7500,1.57278057E+4,
255.900,1.67165000E+4,
256.0500,1.45480225E+4,
256.200,1.48417979E+4,
256.3500,1.51251494E+4,
256.500,1.45849502E+4,
256.6500,1.49762236E+4,
256.800,1.41169160E+4,
256.9500,1.32287510E+4,
257.100,1.44285596E+4,
257.2500,1.59052725E+4,
257.400,1.40669414E+4,
257.5500,1.33753457E+4,
257.700,1.43886191E+4,
257.8500,1.64245391E+4,
258.00,1.53803701E+4,
258.1500,1.43090391E+4,
258.300,1.54263682E+4,
258.4500,1.36311680E+4,
258.600,1.59774297E+4,
258.7500,1.75202891E+4,
258.900,1.66731133E+4,
259.0500,1.92666445E+4,
259.200,1.83673105E+4,
259.3500,1.97773066E+4,
259.500,2.07207754E+4,
259.6500,2.26823848E+4,
259.800,2.33495742E+4,
259.9500,2.14344180E+4,
260.100,2.86698203E+4,
260.2500,2.68823906E+4,
260.400,3.01721230E+4,
260.5500,3.42156641E+4,
260.700,3.65925352E+4,
260.8500,3.95023438E+4,
261.00,4.04135039E+4,
261.1500,4.60860859E+4,
261.300,4.66117617E+4,
261.4500,5.56239961E+4,
261.600,5.55505742E+4,
261.7500,6.28251250E+4,
261.900,6.67411250E+4,
262.0500,7.07801563E+4,
262.200,7.24053438E+4,
262.3500,7.94852188E+4,
262.500,8.45699219E+4,
262.6500,8.72881250E+4,
262.800,9.62339609E+4,
262.9500,9.73615469E+4,
263.100,1.05880359E+5,
263.2500,1.06685039E+5,
263.400,1.17381789E+5,
263.5500,1.21982242E+5,
263.700,1.28716328E+5,
263.8500,1.33146438E+5,
264.00,1.38692406E+5,
264.1500,1.44302594E+5,
264.300,1.51392016E+5,
264.4500,1.58695563E+5,
264.600,1.62203688E+5,
264.7500,1.69555000E+5,
264.900,1.72421547E+5,
265.0500,1.82830203E+5,
265.200,1.79954672E+5,
265.3500,1.86272938E+5,
265.500,1.94763516E+5,
265.6500,2.04876859E+5,
265.800,2.04725188E+5,
265.9500,2.11223281E+5,
266.100,2.14283156E+5,
266.2500,2.17934813E+5,
266.400,2.25875672E+5,
266.5500,2.23099188E+5,
266.700,2.31020625E+5,
266.8500,2.31823281E+5,
267.00,2.41686078E+5,
267.1500,2.43517766E+5,
267.300,2.48296953E+5,
267.4500,2.46157109E+5,
267.600,2.47955625E+5,
267.7500,2.49405125E+5,
267.900,2.57376016E+5,
268.0500,2.58142469E+5,
268.200,2.59113734E+5,
268.3500,2.63846750E+5,
268.500,2.63709500E+5,
268.6500,2.61128250E+5,
268.800,2.72360781E+5,
268.9500,2.69627688E+5,
269.100,2.73030750E+5,
269.2500,2.73965969E+5,
269.400,2.69444781E+5,
269.5500,2.70162156E+5,
269.700,2.66471469E+5,
269.8500,2.70070719E+5,
270.00,2.73465875E+5,
270.1500,2.73713875E+5,
270.300,2.67515375E+5,
270.4500,2.68330375E+5,
270.600,2.77742063E+5,
270.7500,2.72790094E+5,
270.900,2.66040344E+5,
271.0500,2.69655375E+5,
271.200,2.71721875E+5,
271.3500,2.70203875E+5,
271.500,2.70302344E+5,
271.6500,2.64614500E+5,
271.800,2.58625781E+5,
271.9500,2.55144000E+5,
272.100,2.57438156E+5,
272.2500,2.60179594E+5,
272.400,2.52009828E+5,
272.5500,2.50888750E+5,
272.700,2.53512672E+5,
272.8500,2.54695891E+5,
273.00,2.53754422E+5,
273.1500,2.52776672E+5,
273.300,2.50062047E+5,
273.4500,2.52021281E+5,
273.600,2.56133219E+5,
273.7500,2.53700922E+5,
273.900,2.51966828E+5,
274.0500,2.57802234E+5,
274.200,2.60092656E+5,
274.3500,2.58874000E+5,
274.500,2.61479484E+5,
274.6500,2.64570969E+5,
274.800,2.69007344E+5,
274.9500,2.71123156E+5,
275.100,2.73510250E+5,
275.2500,2.75040406E+5,
275.400,2.77452344E+5,
275.5500,2.84777281E+5,
275.700,2.86324563E+5,
275.8500,2.85358250E+5,
276.00,2.85478469E+5,
276.1500,3.00189438E+5,
276.300,3.04789250E+5,
276.4500,3.01314656E+5,
276.600,3.11025438E+5,
276.7500,3.14117344E+5,
276.900,3.15741875E+5,
277.0500,3.13295688E+5,
277.200,3.33495094E+5,
277.3500,3.27025688E+5,
277.500,3.32140594E+5,
277.6500,3.40524031E+5,
277.800,3.39040094E+5,
277.9500,3.52036656E+5,
278.100,3.54592688E+5,
278.2500,3.57311375E+5,
278.400,3.53300531E+5,
278.5500,3.62359438E+5,
278.700,3.63432406E+5,
278.8500,3.64350844E+5,
279.00,3.70346094E+5,
279.1500,3.71792844E+5,
279.300,3.77188688E+5,
279.4500,3.79465406E+5,
279.600,3.64992156E+5,
279.7500,3.78648594E+5,
279.900,3.80391625E+5,
280.0500,3.79676969E+5,
280.200,3.89408313E+5,
280.3500,3.97182875E+5,
280.500,3.92146313E+5,
280.6500,3.86454125E+5,
280.800,3.83564781E+5,
280.9500,3.90128969E+5,
281.100,3.89053875E+5,
281.2500,3.91641563E+5,
281.400,3.86133219E+5,
281.5500,3.92780375E+5,
281.700,3.95715438E+5,
281.8500,3.82389031E+5,
282.00,3.83256000E+5,
282.1500,3.84653563E+5,
282.300,3.80870469E+5,
282.4500,3.84567469E+5,
282.600,3.75318781E+5,
282.7500,3.75380688E+5,
282.900,3.83655625E+5,
283.0500,3.75829594E+5,
283.200,3.72939063E+5,
283.3500,3.75130250E+5,
283.500,3.74792781E+5,
283.6500,3.65475406E+5,
283.800,3.70140563E+5,
283.9500,3.71228844E+5,
284.100,3.64865938E+5,
284.2500,3.58923469E+5,
284.400,3.60309500E+5,
284.5500,3.66745531E+5,
284.700,3.50126469E+5,
284.8500,3.56610750E+5,
285.00,3.53365125E+5,
285.1500,3.56288063E+5,
285.300,3.51983938E+5,
285.4500,3.51910594E+5,
285.600,3.45448375E+5,
285.7500,3.40506656E+5,
285.900,3.26661438E+5,
286.0500,3.27009719E+5,
286.200,3.27259906E+5,
286.3500,3.14898281E+5,
286.500,3.06551125E+5,
286.6500,3.14560406E+5,
286.800,3.10647688E+5,
286.9500,3.08896969E+5,
287.100,2.98419719E+5,
287.2500,2.98854969E+5,
287.400,2.93218969E+5,
287.5500,2.89203656E+5,
287.700,2.84764563E+5,
287.8500,2.84408188E+5,
288.00,2.85322375E+5,
288.1500,2.76813625E+5,
288.300,2.74558094E+5,
288.4500,2.68701375E+5,
288.600,2.68296844E+5,
288.7500,2.66225531E+5,
288.900,2.55297313E+5,
289.0500,2.49788688E+5,
289.200,2.53980844E+5,
289.3500,2.49479313E+5,
289.500,2.44424234E+5,
289.6500,2.45112453E+5,
289.800,2.36711469E+5,
289.9500,2.34177953E+5,
290.100,2.29494672E+5,
290.2500,2.25311531E+5,
290.400,2.26048391E+5,
290.5500,2.21220469E+5,
290.700,2.14917063E+5,
290.8500,2.11876969E+5,
291.00,2.06612422E+5,
291.1500,2.06390281E+5,
291.300,1.98964438E+5,
291.4500,1.95702797E+5,
291.600,1.94462313E+5,
291.7500,1.94757703E+5,
291.900,1.89579516E+5,
292.0500,1.85120922E+5,
292.200,1.79404375E+5,
292.3500,1.76790750E+5,
292.500,1.77107547E+5,
292.6500,1.76921750E+5,
292.800,1.70117047E+5,
292.9500,1.69406391E+5,
293.100,1.70985563E+5,
293.2500,1.64555703E+5,
293.400,1.60563828E+5,
293.5500,1.54636906E+5,
293.700,1.56704500E+5,
293.8500,1.54489953E+5,
294.00,1.48276453E+5,
294.1500,1.46161516E+5,
294.300,1.45037484E+5,
294.4500,1.41313531E+5,
294.600,1.38532078E+5,
294.7500,1.39065047E+5,
294.900,1.34686547E+5,
295.0500,1.34315250E+5,
295.200,1.30951500E+5,
295.3500,1.29350266E+5,
295.500,1.27562953E+5,
295.6500,1.27991156E+5,
295.800,1.21437797E+5,
295.9500,1.20128781E+5,
296.100,1.16530688E+5,
296.2500,1.18575789E+5,
296.400,1.18384039E+5,
296.5500,1.13026602E+5,
296.700,1.12547703E+5,
296.8500,1.11176250E+5,
297.00,1.11760953E+5,
297.1500,1.11191250E+5,
297.300,1.06823461E+5,
297.4500,1.05174148E+5,
297.600,1.05898641E+5,
297.7500,1.06761391E+5,
297.900,1.05824492E+5,
298.0500,1.04145109E+5,
298.200,1.04352484E+5,
298.3500,1.04644313E+5,
298.500,1.02524297E+5,
298.6500,1.01267445E+5,
298.800,1.00558664E+5,
298.9500,9.92017344E+4,
299.100,9.70032422E+4,
299.2500,9.75465313E+4,
299.400,9.86745938E+4,
299.5500,9.76994375E+4,
299.700,1.00570672E+5,
299.8500,9.96013750E+4,
300.00,9.95513281E+4,
300.1500,1.01815688E+5,
300.300,1.03811281E+5,
300.4500,1.02518516E+5,
300.600,1.03809750E+5,
300.7500,1.01717781E+5,
300.900,1.05056469E+5,
301.0500,1.07530898E+5,
301.200,1.06605555E+5,
301.3500,1.06965813E+5,
301.500,1.08944648E+5,
301.6500,1.10524289E+5,
301.800,1.11923859E+5,
301.9500,1.12359969E+5,
302.100,1.12497664E+5,
302.2500,1.15062258E+5,
302.400,1.16895555E+5,
302.5500,1.18820141E+5,
302.700,1.19053438E+5,
302.8500,1.22525180E+5,
303.00,1.21327414E+5,
303.1500,1.21954008E+5,
303.300,1.22836328E+5,
303.4500,1.25658609E+5,
303.600,1.26817398E+5,
303.7500,1.30792086E+5,
303.900,1.30299984E+5,
304.0500,1.31486391E+5,
304.200,1.29731930E+5,
304.3500,1.31410719E+5,
304.500,1.33187109E+5,
304.6500,1.32607984E+5,
304.800,1.36204813E+5,
304.9500,1.34552719E+5,
305.100,1.39681563E+5,
305.2500,1.38349203E+5,
305.400,1.39845109E+5,
305.5500,1.41911906E+5,
305.700,1.42070281E+5,
305.8500,1.47233703E+5,
306.00,1.45044563E+5,
306.1500,1.46276016E+5,
306.300,1.46798141E+5,
306.4500,1.46500141E+5,
306.600,1.48846766E+5,
306.7500,1.48976469E+5,
306.900,1.47107766E+5,
307.0500,1.49462969E+5,
307.200,1.50465328E+5,
307.3500,1.50897078E+5,
307.500,1.52885734E+5,
307.6500,1.51089656E+5,
307.800,1.53030641E+5,
307.9500,1.52741313E+5,
308.100,1.50333953E+5,
308.2500,1.53783172E+5,
308.400,1.52662422E+5,
308.5500,1.53897016E+5,
308.700,1.55679750E+5,
308.8500,1.51638406E+5,
309.00,1.53539328E+5,
309.1500,1.54703125E+5,
309.300,1.52527719E+5,
309.4500,1.50590953E+5,
309.600,1.49572672E+5,
309.7500,1.48899406E+5,
309.900,1.50199281E+5,
310.0500,1.46106844E+5,
310.200,1.50510797E+5,
310.3500,1.48970438E+5,
310.500,1.49262422E+5,
310.6500,1.48958453E+5,
310.800,1.46863656E+5,
310.9500,1.46444344E+5,
311.100,1.47360641E+5,
311.2500,1.48098672E+5,
311.400,1.50953313E+5,
311.5500,1.48830375E+5,
311.700,1.42635344E+5,
311.8500,1.46086328E+5,
312.00,1.45639516E+5,
312.1500,1.43926406E+5,
312.300,1.45239297E+5,
312.4500,1.43254094E+5,
312.600,1.43848234E+5,
312.7500,1.39692250E+5,
312.900,1.40702828E+5,
313.0500,1.39338297E+5,
313.200,1.39815984E+5,
313.3500,1.40868359E+5,
313.500,1.37692703E+5,
313.6500,1.37586734E+5,
313.800,1.36498047E+5,
313.9500,1.37976563E+5,
314.100,1.36510438E+5,
314.2500,1.36600406E+5,
314.400,1.34844984E+5,
314.5500,1.36127250E+5,
314.700,1.38084422E+5,
314.8500,1.35023047E+5,
315.00,1.34661906E+5,
315.1500,1.32607797E+5,
315.300,1.34244922E+5,
315.4500,1.32527484E+5,
315.600,1.30099531E+5,
315.7500,1.29030211E+5,
315.900,1.30281648E+5,
316.0500,1.29151625E+5,
316.200,1.32113313E+5,
316.3500,1.27953063E+5,
316.500,1.28200000E+5,
316.6500,1.27493063E+5,
316.800,1.28372273E+5,
316.9500,1.25475234E+5,
317.100,1.23542430E+5,
317.2500,1.23488625E+5,
317.400,1.21413641E+5,
317.5500,1.23761453E+5,
317.700,1.22757367E+5,
317.8500,1.21230203E+5,
318.00,1.22333438E+5,
318.1500,1.19494414E+5,
318.300,1.20991547E+5,
318.4500,1.19975492E+5,
318.600,1.20005961E+5,
318.7500,1.21781203E+5,
318.900,1.22334453E+5,
319.0500,1.19417703E+5,
319.200,1.18631852E+5,
319.3500,1.20550398E+5,
319.500,1.21598852E+5,
319.6500,1.17295320E+5,
319.800,1.16172203E+5,
319.9500,1.15188625E+5,
320.100,1.17784359E+5,
320.2500,1.15468227E+5,
320.400,1.15541438E+5,
320.5500,1.13598945E+5,
320.700,1.15576570E+5,
320.8500,1.12834977E+5,
321.00,1.14111680E+5,
321.1500,1.13237672E+5,
321.300,1.10711258E+5,
321.4500,1.13523797E+5,
321.600,1.12090320E+5,
321.7500,1.11552031E+5,
321.900,1.10801305E+5,
322.0500,1.09207758E+5,
322.200,1.07435273E+5,
322.3500,1.08899875E+5,
322.500,1.08201180E+5,
322.6500,1.06462180E+5,
322.800,1.06022594E+5,
322.9500,1.07095383E+5,
323.100,1.05236273E+5,
323.2500,1.03407875E+5,
323.400,1.03975891E+5,
323.5500,1.03733125E+5,
323.700,1.03451477E+5,
323.8500,1.02077102E+5,
324.00,1.02225633E+5,
324.1500,1.01847414E+5,
324.300,1.01579258E+5,
324.4500,1.00923398E+5,
324.600,9.96116563E+4,
324.7500,1.00028656E+5,
324.900,9.93637422E+4,
325.0500,9.74660703E+4,
325.200,9.80339219E+4,
325.3500,9.74809063E+4,
325.500,9.52608203E+4,
325.6500,9.41552500E+4,
325.800,9.43390781E+4,
325.9500,9.30648594E+4,
326.100,9.35178281E+4,
326.2500,9.21555859E+4,
326.400,9.28184297E+4,
326.5500,9.12594141E+4,
326.700,9.05881797E+4,
326.8500,8.97059844E+4,
327.00,8.77699063E+4,
327.1500,8.76940078E+4,
327.300,8.59623906E+4,
327.4500,8.84547578E+4,
327.600,8.72055703E+4,
327.7500,8.39792969E+4,
327.900,8.25958594E+4,
328.0500,8.25317031E+4,
328.200,8.30618281E+4,
328.3500,8.09669844E+4,
328.500,8.07797422E+4,
328.6500,7.98327969E+4,
328.800,7.87651484E+4,
328.9500,7.75592109E+4,
329.100,7.94012344E+4,
329.2500,7.66167031E+4,
329.400,7.60858125E+4,
329.5500,7.55166875E+4,
329.700,7.60238047E+4,
329.8500,7.48477969E+4,
330.00,7.24613359E+4,
330.1500,7.41630078E+4,
330.300,7.28650703E+4,
330.4500,7.11743125E+4,
330.600,6.98635859E+4,
330.7500,6.97789375E+4,
330.900,6.91749375E+4,
331.0500,6.94454297E+4,
331.200,6.81356172E+4,
331.3500,6.73110391E+4,
331.500,6.73334609E+4,
331.6500,6.60638672E+4,
331.800,6.57457422E+4,
331.9500,6.44256641E+4,
332.100,6.27993828E+4,
332.2500,6.26714219E+4,
332.400,6.24525508E+4,
332.5500,6.05665898E+4,
332.700,6.16006094E+4,
332.8500,5.97110195E+4,
333.00,5.97440859E+4,
333.1500,5.90463008E+4,
333.300,5.75981406E+4,
333.4500,5.61165039E+4,
333.600,5.63777422E+4,
333.7500,5.59616602E+4,
333.900,5.48166016E+4,
334.0500,5.32490352E+4,
334.200,5.45460977E+4,
334.3500,5.40738867E+4,
334.500,5.36577148E+4,
334.6500,5.18664453E+4,
334.800,5.10968828E+4,
334.9500,5.01526875E+4,
335.100,4.98228438E+4,
335.2500,4.88406797E+4,
335.400,4.85151250E+4,
335.5500,4.72232383E+4,
335.700,4.77313633E+4,
335.8500,4.68859961E+4,
336.00,4.59623555E+4,
336.1500,4.55571484E+4,
336.300,4.41030078E+4,
336.4500,4.47365078E+4,
336.600,4.40268750E+4,
336.7500,4.33693555E+4,
336.900,4.27370547E+4,
337.0500,4.23041953E+4,
337.200,4.14034375E+4,
337.3500,4.05321445E+4,
337.500,3.91637813E+4,
337.6500,3.97762344E+4,
337.800,3.90931211E+4,
337.9500,3.83990234E+4,
338.100,3.81798828E+4,
338.2500,3.74657617E+4,
338.400,3.72126133E+4,
338.5500,3.71823945E+4,
338.700,3.51340742E+4,
338.8500,3.59211445E+4,
339.00,3.54872461E+4,
339.1500,3.45020000E+4,
339.300,3.34273086E+4,
339.4500,3.38663633E+4,
339.600,3.36694336E+4,
339.7500,3.24140098E+4,
339.900,3.15740137E+4,
340.0500,3.15099316E+4,
340.200,3.17501309E+4,
340.3500,3.17155371E+4,
340.500,3.05770664E+4,
340.6500,3.02285742E+4,
340.800,2.97994453E+4,
340.9500,2.92587969E+4,
341.100,2.83633438E+4,
341.2500,2.82873047E+4,
341.400,2.93433926E+4,
341.5500,2.80764414E+4,
341.700,2.76586738E+4,
341.8500,2.68049023E+4,
342.00,2.75564336E+4,
342.1500,2.70208750E+4,
342.300,2.66941543E+4,
342.4500,2.53781133E+4,
342.600,2.52558086E+4,
342.7500,2.54554512E+4,
342.900,2.49054199E+4,
343.0500,2.42266172E+4,
343.200,2.35689609E+4,
343.3500,2.36879902E+4,
343.500,2.38396230E+4,
343.6500,2.33228301E+4,
343.800,2.20608281E+4,
343.9500,2.20944063E+4,
344.100,2.22813457E+4,
344.2500,2.14367090E+4,
344.400,2.17960117E+4,
344.5500,2.10129648E+4,
344.700,2.12108438E+4,
344.8500,2.01335254E+4,
345.00,2.03057090E+4,
345.1500,1.99034141E+4,
345.300,2.03674355E+4,
345.4500,1.94595781E+4,
345.600,1.89658281E+4,
345.7500,1.90024277E+4,
345.900,1.93731621E+4,
346.0500,1.86821836E+4,
346.200,1.84617891E+4,
346.3500,1.79886934E+4,
346.500,1.82630215E+4,
346.6500,1.73110410E+4,
346.800,1.73881094E+4,
346.9500,1.73476855E+4,
347.100,1.73556875E+4,
347.2500,1.65326191E+4,
347.400,1.64210078E+4,
347.5500,1.60842959E+4,
347.700,1.62583086E+4,
347.8500,1.56909775E+4,
348.00,1.51574736E+4,
348.1500,1.52157656E+4,
348.300,1.51985342E+4,
348.4500,1.49816416E+4,
348.600,1.50921328E+4,
348.7500,1.47414014E+4,
348.900,1.46207373E+4,
349.0500,1.47085137E+4,
349.200,1.42642236E+4,
349.3500,1.42749541E+4,
349.500,1.41332773E+4,
349.6500,1.37998516E+4,
349.800,1.36736426E+4,
349.9500,1.32003936E+4,
350.100,1.32246396E+4,
350.2500,1.30144717E+4,
350.400,1.30137725E+4,
350.5500,1.28692334E+4,
350.700,1.31208379E+4,
350.8500,1.23868076E+4,
351.00,1.24061064E+4,
351.1500,1.22341670E+4,
351.300,1.20082227E+4,
351.4500,1.20343086E+4,
351.600,1.19690420E+4,
351.7500,1.20078604E+4,
351.900,1.15938379E+4,
352.0500,1.16335000E+4,
352.200,1.14546270E+4,
352.3500,1.12460928E+4,
352.500,1.07580498E+4,
352.6500,1.09192627E+4,
352.800,1.07877080E+4,
352.9500,1.08894619E+4,
353.100,1.11086338E+4,
353.2500,1.04672832E+4,
353.400,1.05058633E+4,
353.5500,1.05316260E+4,
353.700,1.04875000E+4,
353.8500,1.00866162E+4,
354.00,1.00638154E+4,
354.1500,9.67818750E+3,
354.300,1.00362754E+4,
354.4500,1.01179180E+4,
354.600,9.54306836E+3,
354.7500,1.00339023E+4,
354.900,9.55500293E+3,
355.0500,9.53307422E+3,
355.200,9.38379883E+3,
355.3500,9.34814551E+3,
355.500,9.30547949E+3,
355.6500,9.03668164E+3,
355.800,9.14000977E+3,
355.9500,9.07217188E+3,
356.100,8.70774316E+3,
356.2500,8.87954883E+3,
356.400,8.62122461E+3,
356.5500,8.67757324E+3,
356.700,8.79171191E+3,
356.8500,8.78898145E+3,
357.00,8.24472559E+3,
357.1500,8.37024707E+3,
357.300,8.41441895E+3,
357.4500,8.24741406E+3,
357.600,8.32126465E+3,
357.7500,7.89367822E+3,
357.900,8.01345410E+3,
358.0500,7.74094482E+3,
358.200,8.02687695E+3,
358.3500,7.73780518E+3,
358.500,7.52223291E+3,
358.6500,7.68534473E+3,
358.800,7.92078076E+3,
358.9500,7.34714893E+3,
359.100,7.59959521E+3,
359.2500,7.48001563E+3,
359.400,7.34578174E+3,
359.5500,7.44226270E+3,
359.700,7.28489795E+3,
359.8500,7.04366650E+3,
360.00,7.03161377E+3,
360.1500,6.87636035E+3,
360.300,7.20453857E+3,
360.4500,6.95732178E+3,
360.600,7.00053418E+3,
360.7500,7.06259570E+3,
360.900,6.97754297E+3,
361.0500,7.08348291E+3,
361.200,6.78511670E+3,
361.3500,6.89268066E+3,
361.500,6.80445605E+3,
361.6500,6.79827539E+3,
361.800,6.64836328E+3,
361.9500,6.55960596E+3,
362.100,6.62075830E+3,
362.2500,6.56102246E+3,
362.400,6.63368213E+3,
362.5500,6.41166846E+3,
362.700,6.52774561E+3,
362.8500,6.40750830E+3,
363.00,6.32263086E+3,
363.1500,6.49214453E+3,
363.300,6.60607080E+3,
363.4500,6.07345117E+3,
363.600,6.39144531E+3,
363.7500,6.26752686E+3,
363.900,6.03655420E+3,
364.0500,6.10757617E+3,
364.200,6.26403711E+3,
364.3500,6.42003955E+3,
364.500,6.00747852E+3,
364.6500,6.22192627E+3,
364.800,6.21490332E+3,
364.9500,6.11182764E+3,
365.100,6.27783154E+3,
365.2500,6.22702637E+3,
365.400,6.03513867E+3,
365.5500,6.19002148E+3,
365.700,6.07857227E+3,
365.8500,6.02510254E+3,
366.00,6.22292822E+3,
366.1500,5.93506787E+3,
366.300,5.93386523E+3,
366.4500,5.92295020E+3,
366.600,5.66502686E+3,
366.7500,5.97009717E+3,
366.900,6.09240820E+3,
367.0500,5.94717041E+3,
367.200,5.97996191E+3,
367.3500,6.07302832E+3,
367.500,5.92126807E+3,
367.6500,6.23527881E+3,
367.800,6.07620264E+3,
367.9500,5.82113281E+3,
368.100,6.01105664E+3,
368.2500,5.98983447E+3,
368.400,5.96112354E+3,
368.5500,5.76964453E+3,
368.700,5.88329883E+3,
368.8500,5.89348096E+3,
369.00,5.81601221E+3,
369.1500,5.95318408E+3,
369.300,5.78613525E+3,
369.4500,5.76012012E+3,
369.600,5.93846680E+3,
369.7500,5.94643018E+3,
369.900,5.71359326E+3,
370.0500,5.67310400E+3,
370.200,5.99954443E+3,
370.3500,6.04610498E+3,
370.500,5.71576709E+3,
370.6500,5.83931006E+3,
370.800,5.81570215E+3,
370.9500,5.78860547E+3,
371.100,5.67997363E+3,
371.2500,5.93900342E+3,
371.400,5.80662305E+3,
371.5500,5.74475195E+3,
371.700,5.89415527E+3,
371.8500,5.72644629E+3,
372.00,5.89559180E+3,
372.1500,5.99600684E+3,
372.300,5.87242188E+3,
372.4500,5.72587842E+3,
372.600,5.81550342E+3,
372.7500,5.66086914E+3,
372.900,5.64946826E+3,
373.0500,5.78398193E+3,
373.200,5.63769629E+3,
373.3500,5.88656885E+3,
373.500,5.66034424E+3,
373.6500,5.62978320E+3,
373.800,5.39977686E+3,
373.9500,5.53727930E+3,
374.100,5.49777686E+3,
374.2500,5.52372705E+3,
374.400,5.39050928E+3,
374.5500,5.59856982E+3,
374.700,5.56986572E+3,
374.8500,5.50445752E+3,
375.00,5.43062891E+3,
375.1500,5.56571924E+3,
375.300,5.44527295E+3,
375.4500,5.46839990E+3,
375.600,5.47414111E+3,
375.7500,5.51294434E+3,
375.900,5.34555908E+3,
376.0500,5.40540527E+3,
376.200,5.72212500E+3,
376.3500,5.40067383E+3,
376.500,5.68884082E+3,
376.6500,5.55241748E+3,
376.800,5.57407764E+3,
376.9500,5.46081055E+3,
377.100,5.54461865E+3,
377.2500,5.31869824E+3,
377.400,5.67132080E+3,
377.5500,5.54790137E+3,
377.700,5.49610400E+3,
377.8500,5.49189795E+3,
378.00,5.66159912E+3,
378.1500,5.47061865E+3,
378.300,5.68235645E+3,
378.4500,5.51561230E+3,
378.600,5.36623242E+3,
378.7500,5.45514600E+3,
378.900,5.40008301E+3,
379.0500,5.35677197E+3,
379.200,5.37999805E+3,
379.3500,5.57129834E+3,
379.500,5.38491943E+3,
379.6500,5.49282275E+3,
379.800,5.47292041E+3,
379.9500,5.36052588E+3,
380.100,5.49527148E+3,
380.2500,5.31925293E+3,
380.400,5.29695508E+3,
380.5500,5.63292432E+3,
380.700,5.49881006E+3,
380.8500,5.40615576E+3,
381.00,5.37436133E+3,
381.1500,5.28864990E+3,
381.300,5.12521631E+3,
381.4500,5.28424023E+3,
381.600,5.37786670E+3,
381.7500,5.28021533E+3,
381.900,5.13616357E+3,
382.0500,5.36325293E+3,
382.200,5.12208691E+3,
382.3500,5.37822949E+3,
382.500,5.16864795E+3,
382.6500,5.16632666E+3,
382.800,5.15452051E+3,
382.9500,5.26870752E+3,
383.100,5.14719629E+3,
383.2500,5.23731299E+3,
383.400,5.12757861E+3,
383.5500,4.95035059E+3,
383.700,5.03109668E+3,
383.8500,4.93834766E+3,
384.00,5.12274707E+3,
384.1500,5.12394775E+3,
384.300,5.03124072E+3,
384.4500,5.08279541E+3,
384.600,5.03592334E+3,
384.7500,4.88181885E+3,
384.900,5.06575488E+3,
385.0500,4.96005957E+3,
385.200,5.05859473E+3,
385.3500,4.97750781E+3,
385.500,4.78110840E+3,
385.6500,4.87811084E+3,
385.800,4.83188623E+3,
385.9500,4.79664893E+3,
386.100,5.04477100E+3,
386.2500,5.07957178E+3,
386.400,4.76350049E+3,
386.5500,4.83690332E+3,
386.700,4.91770703E+3,
386.8500,4.91940771E+3,
387.00,4.78792236E+3,
387.1500,4.81129639E+3,
387.300,4.90708350E+3,
387.4500,4.91373242E+3,
387.600,4.93396143E+3,
387.7500,4.86261084E+3,
387.900,4.85900635E+3,
388.0500,4.69060986E+3,
388.200,5.03011328E+3,
388.3500,4.81388184E+3,
388.500,4.87082373E+3,
388.6500,4.80878809E+3,
388.800,4.65805469E+3,
388.9500,4.85876709E+3,
389.100,4.76543066E+3,
389.2500,4.72079004E+3,
389.400,4.88541064E+3,
389.5500,4.70128418E+3,
389.700,4.85959082E+3,
389.8500,5.06860352E+3,
390.00,4.96719482E+3,
390.1500,4.96978760E+3,
390.300,4.79630762E+3,
390.4500,4.87779883E+3,
390.600,4.74730371E+3,
390.7500,4.98075391E+3,
390.900,4.80007861E+3,
391.0500,4.74886475E+3,
391.200,4.79079395E+3,
391.3500,4.47297559E+3,
391.500,5.00805322E+3,
391.6500,4.78563086E+3,
391.800,5.05094385E+3,
391.9500,4.87640820E+3,
392.100,4.83579541E+3,
392.2500,4.71712402E+3,
392.400,4.85103174E+3,
392.5500,4.81100830E+3,
392.700,4.95878760E+3,
392.8500,4.72286719E+3,
393.00,4.73291553E+3,
393.1500,4.69311523E+3,
393.300,4.86983447E+3,
393.4500,4.89218506E+3,
393.600,4.82570996E+3,
393.7500,4.81720410E+3,
393.900,4.84251416E+3,
394.0500,4.88277637E+3,
394.200,4.72308154E+3,
394.3500,4.86471924E+3,
394.500,4.98918604E+3,
394.6500,4.79546436E+3,
394.800,4.63445410E+3,
394.9500,5.02008594E+3,
395.100,4.73450195E+3,
395.2500,4.81552393E+3,
395.400,4.90464404E+3,
395.5500,4.99216113E+3,
395.700,5.02432715E+3,
395.8500,4.93396631E+3,
396.00,4.98410791E+3,
396.1500,4.78468896E+3,
396.300,4.86130762E+3,
396.4500,4.78315381E+3,
396.600,4.81867627E+3,
396.7500,4.80094238E+3,
396.900,4.96723242E+3,
397.0500,4.90470752E+3,
397.200,5.01256641E+3,
397.3500,4.90578516E+3,
397.500,4.82100537E+3,
397.6500,4.99503662E+3,
397.800,4.94425000E+3,
397.9500,4.88688232E+3,
398.100,4.73989795E+3,
398.2500,4.72020361E+3,
398.400,4.92000293E+3,
398.5500,4.66356543E+3,
398.700,4.74487305E+3,
398.8500,4.82873877E+3,
399.00,4.65237061E+3,
399.1500,4.56268311E+3,
399.300,4.60970020E+3,
399.4500,4.51490820E+3,
399.600,4.56862646E+3,
399.7500,4.52348340E+3,
399.900,4.59584131E+3,
400.0500,4.25340186E+3,
400.200,4.28423535E+3,
400.3500,4.34775146E+3,
400.500,4.23215625E+3,
400.6500,4.29410010E+3,
400.800,4.16365527E+3,
400.9500,4.39271826E+3,
401.100,4.34822998E+3,
401.2500,4.20245459E+3,
401.400,4.27275732E+3,
401.5500,4.32443896E+3,
401.700,4.39903369E+3,
401.8500,4.28188281E+3,
402.00,4.35335303E+3,
402.1500,4.15155469E+3,
402.300,4.10600684E+3,
402.4500,4.18709717E+3,
402.600,4.21170752E+3,
402.7500,4.07522900E+3,
402.900,4.20471094E+3,
403.0500,4.15199854E+3,
403.200,4.24012158E+3,
403.3500,4.31595850E+3,
403.500,4.35541455E+3,
403.6500,4.05118115E+3,
403.800,4.28964453E+3,
403.9500,4.09160425E+3,
404.100,4.18093799E+3,
404.2500,4.21765088E+3,
404.400,4.46395654E+3,
404.5500,4.21164893E+3,
404.700,4.07651660E+3,
404.8500,4.17897363E+3,
405.00,4.23502441E+3,
405.1500,4.18112451E+3,
405.300,3.95639673E+3,
405.4500,4.03814404E+3,
405.600,3.98622754E+3,
405.7500,4.04559888E+3,
405.900,4.01013501E+3,
406.0500,4.08267505E+3,
406.200,4.05750635E+3,
406.3500,4.01619556E+3,
406.500,3.87183643E+3,
406.6500,3.98546777E+3,
406.800,3.81797925E+3,
406.9500,3.87124902E+3,
407.100,3.91243677E+3,
407.2500,3.85961865E+3,
407.400,3.99437158E+3,
407.5500,3.86558936E+3,
407.700,4.00594043E+3,
407.8500,3.83663257E+3,
408.00,3.89950854E+3,
408.1500,3.85170068E+3,
408.300,3.96549341E+3,
408.4500,3.87272632E+3,
408.600,3.87018530E+3,
408.7500,3.85172485E+3,
408.900,3.61457349E+3,
409.0500,3.70226465E+3,
409.200,3.87833057E+3,
409.3500,3.74059180E+3,
409.500,3.74891431E+3,
409.6500,3.71686060E+3,
409.800,3.76126074E+3,
409.9500,3.68609863E+3,
410.100,3.67728076E+3,
410.2500,3.59231836E+3,
410.400,3.70142139E+3,
410.5500,3.65393433E+3,
410.700,3.65386743E+3,
410.8500,3.81573682E+3,
411.00,3.67527319E+3,
411.1500,3.55776636E+3,
411.300,3.70633545E+3,
411.4500,3.72043237E+3,
411.600,3.62892822E+3,
411.7500,3.68730981E+3,
411.900,3.66013428E+3,
412.0500,3.70276636E+3,
412.200,3.60450391E+3,
412.3500,3.54195239E+3,
412.500,3.67834863E+3,
412.6500,3.68825098E+3,
412.800,3.67546899E+3,
412.9500,3.53378735E+3,
413.100,3.65840063E+3,
413.2500,3.54086963E+3,
413.400,3.56207275E+3,
413.5500,3.58749780E+3,
413.700,3.50141089E+3,
413.8500,3.57341992E+3,
414.00,3.49597070E+3,
414.1500,3.56506665E+3,
414.300,3.52152002E+3,
414.4500,3.43166650E+3,
414.600,3.55268506E+3,
414.7500,3.67213623E+3,
414.900,3.42112109E+3,
415.0500,3.50275537E+3,
415.200,3.45417114E+3,
415.3500,3.67162769E+3,
415.500,3.48454248E+3,
415.6500,3.70172266E+3,
415.800,3.50791113E+3,
415.9500,3.64245410E+3,
416.100,3.60801929E+3,
416.2500,3.52763403E+3,
416.400,3.49613672E+3,
416.5500,3.62344507E+3,
416.700,3.69215942E+3,
416.8500,3.50628149E+3,
417.00,3.53887451E+3,
417.1500,3.60331812E+3,
417.300,3.64687329E+3,
417.4500,3.57385107E+3,
417.600,3.84756177E+3,
417.7500,3.57500220E+3,
417.900,3.51882129E+3,
418.0500,3.72570776E+3,
418.200,3.65301855E+3,
418.3500,3.61636914E+3,
418.500,3.62951489E+3,
418.6500,3.67856079E+3,
418.800,3.67512354E+3,
418.9500,3.85239185E+3,
419.100,3.94811548E+3,
419.2500,3.81915649E+3,
419.400,3.93959302E+3,
419.5500,3.92366235E+3,
419.700,4.22962842E+3,
419.8500,3.95788574E+3,
420.00,4.02582861E+3,
420.1500,3.75707178E+3,
420.300,4.04858105E+3,
420.4500,3.88851074E+3,
420.600,3.97264575E+3,
420.7500,4.13205176E+3,
420.900,3.97499243E+3,
421.0500,3.99466772E+3,
421.200,3.92407935E+3,
421.3500,4.01352319E+3,
421.500,4.07009351E+3,
421.6500,3.86307104E+3,
421.800,3.85963892E+3,
421.9500,3.89305396E+3,
422.100,3.99486914E+3,
422.2500,4.04221802E+3,
422.400,4.05820557E+3,
422.5500,3.90125537E+3,
422.700,4.00850635E+3,
422.8500,4.16738037E+3,
423.00,4.03781494E+3,
423.1500,4.09088916E+3,
423.300,4.05559448E+3,
423.4500,3.92929907E+3,
423.600,3.86014014E+3,
423.7500,4.02321973E+3,
423.900,3.83192505E+3,
424.0500,3.99628687E+3,
424.200,4.12122168E+3,
424.3500,3.95180640E+3,
424.500,4.05364697E+3,
424.6500,4.17440967E+3,
424.800,3.97941064E+3,
424.9500,3.99177759E+3,
425.100,3.97421997E+3,
425.2500,3.93901978E+3,
425.400,4.09600049E+3,
425.5500,3.99181250E+3,
425.700,4.00670068E+3,
425.8500,3.98644189E+3,
426.00,4.12566309E+3,
426.1500,3.96201270E+3,
426.300,4.03615332E+3,
426.4500,4.08190112E+3,
426.600,4.00078809E+3,
426.7500,3.98583667E+3,
426.900,3.82393579E+3,
427.0500,4.03024121E+3,
427.200,3.98062207E+3,
427.3500,3.99031299E+3,
427.500,3.99596558E+3,
427.6500,4.03662915E+3,
427.800,4.03285669E+3,
427.9500,3.96584473E+3,
428.100,3.99493701E+3,
428.2500,4.09560645E+3,
428.400,3.94333301E+3,
428.5500,3.86103516E+3,
428.700,3.92941333E+3,
428.8500,3.83502246E+3,
429.00,4.07422119E+3,
429.1500,3.90065308E+3,
429.300,3.90463403E+3,
429.4500,3.90996167E+3,
429.600,3.99598779E+3,
429.7500,3.95155029E+3,
429.900,3.85197021E+3,
430.0500,3.85037451E+3,
430.200,3.89275684E+3,
430.3500,3.87194189E+3,
430.500,3.72881445E+3,
430.6500,3.90829468E+3,
430.800,3.88481104E+3,
430.9500,3.91105103E+3,
431.100,4.02304541E+3,
431.2500,3.82467188E+3,
431.400,3.71232495E+3,
431.5500,3.95843115E+3,
431.700,3.83269653E+3,
431.8500,3.68690332E+3,
432.00,3.76653027E+3,
432.1500,3.63333057E+3,
432.300,3.66511328E+3,
432.4500,3.82561914E+3,
432.600,3.91369141E+3,
432.7500,3.69474414E+3,
432.900,3.72115479E+3,
433.0500,3.77996313E+3,
433.200,3.81376953E+3,
433.3500,3.80065894E+3,
433.500,3.70307813E+3,
433.6500,3.76101685E+3,
433.800,3.65402881E+3,
433.9500,3.69319360E+3,
434.100,3.71516602E+3,
434.2500,3.82177051E+3,
434.400,3.72581592E+3,
434.5500,3.71168018E+3,
434.700,3.79953662E+3,
434.8500,3.64848291E+3,
435.00,3.74574854E+3,
435.1500,3.69541187E+3,
435.300,3.74040991E+3,
435.4500,3.69273193E+3,
435.600,3.69071362E+3,
435.7500,3.73840991E+3,
435.900,3.66650122E+3,
436.0500,3.69813379E+3,
436.200,3.75544678E+3,
436.3500,3.66349634E+3,
436.500,3.61185620E+3,
436.6500,3.65571777E+3,
436.800,3.72112646E+3,
436.9500,3.52945654E+3,
437.100,3.60586987E+3,
437.2500,3.71342285E+3,
437.400,3.62028516E+3,
437.5500,3.67803003E+3,
437.700,3.76681226E+3,
437.8500,3.77742456E+3,
438.00,3.73272607E+3,
438.1500,3.89638574E+3,
438.300,3.81713940E+3,
438.4500,3.73510913E+3,
438.600,3.68813330E+3,
438.7500,3.80200000E+3,
438.900,3.66571606E+3,
439.0500,3.56735010E+3,
439.200,3.53147192E+3,
439.3500,3.55244482E+3,
439.500,3.53547217E+3,
439.6500,3.46149927E+3,
439.800,3.44443311E+3,
439.9500,3.61336816E+3,
440.100,3.46455103E+3,
440.2500,3.51402783E+3,
440.400,3.44249561E+3,
440.5500,3.52737500E+3,
440.700,3.43804932E+3,
440.8500,3.44125488E+3,
441.00,3.48807104E+3,
441.1500,3.52257642E+3,
441.300,3.48069727E+3,
441.4500,3.44286035E+3,
441.600,3.41999927E+3,
441.7500,3.57201709E+3,
441.900,3.54917725E+3,
442.0500,3.46217041E+3,
442.200,3.63953271E+3,
442.3500,3.39663232E+3,
442.500,3.40558179E+3,
442.6500,3.35693555E+3,
442.800,3.40152295E+3,
442.9500,3.47361279E+3,
443.100,3.28389478E+3,
443.2500,3.29076318E+3,
443.400,3.31414185E+3,
443.5500,3.29622168E+3,
443.700,3.32926318E+3,
443.8500,3.29749536E+3,
444.00,3.34436792E+3,
444.1500,3.31053638E+3,
444.300,3.35963696E+3,
444.4500,3.33540698E+3,
444.600,3.30694653E+3,
444.7500,3.43802515E+3,
444.900,3.21366675E+3,
445.0500,3.22279224E+3,
445.200,3.15870874E+3,
445.3500,3.20878564E+3,
445.500,3.33436792E+3,
445.6500,3.30925366E+3,
445.800,3.21965869E+3,
445.9500,3.33164697E+3,
446.100,3.11225659E+3,
446.2500,3.23290527E+3,
446.400,3.22997583E+3,
446.5500,3.17197607E+3,
446.700,3.17028442E+3,
446.8500,3.20961377E+3,
447.00,3.28875366E+3,
447.1500,3.23033154E+3,
447.300,3.22858228E+3,
447.4500,3.36396509E+3,
447.600,3.23350928E+3,
447.7500,3.18565088E+3,
447.900,3.23685767E+3,
448.0500,3.20489429E+3,
448.200,3.28354053E+3,
448.3500,3.23605908E+3,
448.500,3.29632397E+3,
448.6500,3.28946143E+3,
448.800,3.26772144E+3,
448.9500,3.33160400E+3,
449.100,3.44274292E+3,
449.2500,3.20505933E+3,
449.400,3.50654468E+3,
449.5500,3.39648975E+3,
449.700,3.61249438E+3,
449.8500,3.76653540E+3,
450.00,3.99925928E+3,
450.1500,1.59405319E+2,
450.300,2.14552490E+2,
450.4500,1.87422775E+2,
450.600,2.05540146E+2,
450.7500,2.28546951E+2,
450.900,2.05840515E+2,
451.0500,2.30296112E+2,
451.200,2.73201111E+2,
451.3500,2.89108398E+2,
451.500,2.90720367E+2,
451.6500,3.74948151E+2,
451.800,3.86100342E+2,
451.9500,3.67062775E+2,
452.100,4.94343811E+2,
452.2500,4.81163147E+2,
452.400,5.24657104E+2,
452.5500,5.41202332E+2,
452.700,5.66966553E+2,
452.8500,5.97182800E+2,
453.00,6.28707886E+2,
453.1500,5.95505432E+2,
453.300,7.04576477E+2,
453.4500,7.56226135E+2,
453.600,7.39486511E+2,
453.7500,7.72373840E+2,
453.900,7.39425110E+2,
454.0500,8.21940491E+2,
454.200,8.33784058E+2,
454.3500,8.64446960E+2,
454.500,9.16437988E+2,
454.6500,9.37560486E+2,
454.800,1.03699316E+3,
454.9500,1.01311865E+3,
455.100,1.12724231E+3,
455.2500,1.12344128E+3,
455.400,1.15307947E+3,
455.5500,1.23063525E+3,
455.700,1.18933643E+3,
455.8500,1.28201611E+3,
456.00,1.26940820E+3,
456.1500,1.34665076E+3,
456.300,1.44156372E+3,
456.4500,1.47962366E+3,
456.600,1.46328345E+3,
456.7500,1.65115149E+3,
456.900,1.62233130E+3,
457.0500,1.75018909E+3,
457.200,1.75483215E+3,
457.3500,1.75692883E+3,
457.500,1.79707813E+3,
457.6500,1.77633655E+3,
457.800,1.80348499E+3,
457.9500,1.89512244E+3,
458.100,1.99727991E+3,
458.2500,2.00373584E+3,
458.400,1.89625842E+3,
458.5500,1.92278882E+3,
458.700,2.00121680E+3,
458.8500,1.99327246E+3,
459.00,1.87029602E+3,
459.1500,1.98290918E+3,
459.300,2.00300049E+3,
459.4500,2.07615479E+3,
459.600,2.10865942E+3,
459.7500,2.05658643E+3,
459.900,2.12628589E+3,
460.0500,2.06211157E+3,
460.200,2.20800464E+3,
460.3500,2.24570215E+3,
460.500,2.18117383E+3,
460.6500,2.21990649E+3,
460.800,2.29130664E+3,
460.9500,2.19020776E+3,
461.100,2.37351978E+3,
461.2500,2.39081763E+3,
461.400,2.40579883E+3,
461.5500,2.51772534E+3,
461.700,2.49224512E+3,
461.8500,2.53121118E+3,
462.00,2.64498877E+3,
462.1500,2.63397754E+3,
462.300,2.69986304E+3,
462.4500,2.88574097E+3,
462.600,2.88516724E+3,
462.7500,2.93793823E+3,
462.900,2.81473901E+3,
463.0500,2.68279883E+3,
463.200,2.66001929E+3,
463.3500,2.69874609E+3,
463.500,2.76309277E+3,
463.6500,2.55719653E+3,
463.800,2.58850830E+3,
463.9500,2.55039917E+3,
464.100,2.59049316E+3,
464.2500,2.52657544E+3,
464.400,2.48308545E+3,
464.5500,2.63431299E+3,
464.700,2.64252441E+3,
464.8500,2.53598560E+3,
465.00,2.62846655E+3,
465.1500,2.54201392E+3,
465.300,2.51346533E+3,
465.4500,2.61566577E+3,
465.600,2.70606055E+3,
465.7500,2.54518848E+3,
465.900,2.77059082E+3,
466.0500,2.73913745E+3,
466.200,2.71138794E+3,
466.3500,2.79241211E+3,
466.500,2.95281006E+3,
466.6500,3.03743726E+3,
466.800,3.29087573E+3,
466.9500,3.74948169E+3,
467.100,3.73546753E+3,
467.2500,3.85106445E+3,
467.400,3.99409277E+3,
467.5500,3.78139941E+3,
467.700,3.69097314E+3,
467.8500,3.52721509E+3,
468.00,3.34549292E+3,
468.1500,3.13007251E+3,
468.300,3.08825073E+3,
468.4500,3.12080981E+3,
468.600,3.04455005E+3,
468.7500,2.97759399E+3,
468.900,2.94122168E+3,
469.0500,2.87774219E+3,
469.200,2.88462231E+3,
469.3500,2.98259058E+3,
469.500,2.85692212E+3,
469.6500,2.92244702E+3,
469.800,2.89397559E+3,
469.9500,2.94022388E+3,
470.100,2.87681641E+3,
470.2500,2.86000220E+3,
470.400,2.80192358E+3,
470.5500,2.77009155E+3,
470.700,2.68699902E+3,
470.8500,2.79001123E+3,
471.00,2.62160864E+3,
471.1500,2.61054565E+3,
471.300,2.57941553E+3,
471.4500,2.71191235E+3,
471.600,2.61757007E+3,
471.7500,2.67273755E+3,
471.900,2.72085083E+3,
472.0500,2.69291162E+3,
472.200,2.59112695E+3,
472.3500,2.52745630E+3,
472.500,2.69116772E+3,
472.6500,2.60948486E+3,
472.800,2.80715308E+3,
472.9500,2.92967139E+3,
473.100,2.96827148E+3,
473.2500,3.25211646E+3,
473.400,3.41283252E+3,
473.5500,3.23136938E+3,
473.700,2.99593188E+3,
473.8500,2.92458228E+3,
474.00,2.77224219E+3,
474.1500,2.65919702E+3,
474.300,2.71416553E+3,
474.4500,2.68312817E+3,
474.600,2.48908618E+3,
474.7500,2.61105640E+3,
474.900,2.56602222E+3,
475.0500,2.52506519E+3,
475.200,2.58426636E+3,
475.3500,2.58546509E+3,
475.500,2.56365747E+3,
475.6500,2.55785083E+3,
475.800,2.50102124E+3,
475.9500,2.60826147E+3,
476.100,2.52852026E+3,
476.2500,2.55989209E+3,
476.400,2.47617090E+3,
476.5500,2.47450781E+3,
476.700,2.51288892E+3,
476.8500,2.57430835E+3,
477.00,2.43846216E+3,
477.1500,2.44601245E+3,
477.300,2.53070679E+3,
477.4500,2.50119824E+3,
477.600,2.37946216E+3,
477.7500,2.38398804E+3,
477.900,2.40355469E+3,
478.0500,2.40416577E+3,
478.200,2.42703589E+3,
478.3500,2.39070166E+3,
478.500,2.37140771E+3,
478.6500,2.47763623E+3,
478.800,2.52767041E+3,
478.9500,2.37171533E+3,
479.100,2.39778174E+3,
479.2500,2.53458521E+3,
479.400,2.54471704E+3,
479.5500,2.50955371E+3,
479.700,2.47838379E+3,
479.8500,2.59830518E+3,
480.00,2.72235352E+3,
480.1500,2.56728296E+3,
480.300,2.68949170E+3,
480.4500,2.71794189E+3,
480.600,2.79386816E+3,
480.7500,2.83450000E+3,
480.900,2.85899219E+3,
481.0500,2.72879468E+3,
481.200,2.79365967E+3,
481.3500,2.73512329E+3,
481.500,2.48520752E+3,
481.6500,2.61181226E+3,
481.800,2.61187427E+3,
481.9500,2.54706372E+3,
482.100,2.50762256E+3,
482.2500,2.52498926E+3,
482.400,2.58093335E+3,
482.5500,2.58006152E+3,
482.700,2.56699316E+3,
482.8500,2.67789404E+3,
483.00,2.67196387E+3,
483.1500,2.57271533E+3,
483.300,2.58226074E+3,
483.4500,2.52357739E+3,
483.600,2.51475220E+3,
483.7500,2.46105347E+3,
483.900,2.47053320E+3,
484.0500,2.36679785E+3,
484.200,2.34578467E+3,
484.3500,2.42692480E+3,
484.500,2.46214575E+3,
484.6500,2.43703931E+3,
484.800,2.40165796E+3,
484.9500,2.41129834E+3,
485.100,2.37904126E+3,
485.2500,2.34064087E+3,
485.400,2.25496753E+3,
485.5500,2.29755664E+3,
485.700,2.45222021E+3,
485.8500,2.24815796E+3,
486.00,2.32785400E+3,
486.1500,2.31915454E+3,
486.300,2.41451831E+3,
486.4500,2.25529224E+3,
486.600,2.21864111E+3,
486.7500,2.27900049E+3,
486.900,2.24953491E+3,
487.0500,2.28097803E+3,
487.200,2.40236011E+3,
487.3500,2.37998389E+3,
487.500,2.58338843E+3,
487.6500,2.79428247E+3,
487.800,3.11638379E+3,
487.9500,3.68167285E+3,
488.100,4.78636182E+3,
488.2500,5.95764502E+3,
488.400,7.21229883E+3,
488.5500,8.11679102E+3,
488.700,8.70592578E+3,
488.8500,7.54459961E+3,
489.00,6.46013428E+3,
489.1500,4.94144775E+3,
489.300,3.77021387E+3,
489.4500,3.50228906E+3,
489.600,3.45957446E+3,
489.7500,3.91625513E+3,
489.900,4.40904150E+3,
490.0500,5.54402637E+3,
490.200,6.52938965E+3,
490.3500,8.38072559E+3,
490.500,9.00585059E+3,
490.6500,9.92050391E+3,
490.800,9.74215137E+3,
490.9500,8.52821094E+3,
491.100,8.45205859E+3,
491.2500,8.82238477E+3,
491.400,9.58737598E+3,
491.5500,1.22813350E+4,
491.700,1.38905391E+4,
491.8500,1.65290938E+4,
492.00,1.67933047E+4,
492.1500,1.53301572E+4,
492.300,1.39153594E+4,
492.4500,1.13631416E+4,
492.600,9.85462891E+3,
492.7500,8.81705664E+3,
492.900,8.07523438E+3,
493.0500,7.98920508E+3,
493.200,7.98056641E+3,
493.3500,7.86113477E+3,
493.500,7.88429688E+3,
493.6500,7.63016504E+3,
493.800,7.12584375E+3,
493.9500,6.42096777E+3,
494.100,6.13508447E+3,
494.2500,6.03594971E+3,
494.400,6.08546484E+3,
494.5500,6.30967578E+3,
494.700,6.44413525E+3,
494.8500,6.42425635E+3,
495.00,6.53211279E+3,
495.1500,6.71238672E+3,
495.300,6.89506836E+3,
495.4500,7.07047754E+3,
495.600,6.97791650E+3,
495.7500,7.29698535E+3,
495.900,6.96059326E+3,
496.0500,6.86895850E+3,
496.200,6.81864307E+3,
496.3500,6.60382129E+3,
496.500,6.09959570E+3,
496.6500,5.78408203E+3,
496.800,5.48427588E+3,
496.9500,4.93652393E+3,
497.100,4.91700537E+3,
497.2500,4.87254932E+3,
497.400,4.89001709E+3,
497.5500,5.16016748E+3,
497.700,5.19968896E+3,
497.8500,5.42364795E+3,
498.00,5.59120166E+3,
498.1500,5.77882959E+3,
498.300,5.81251758E+3,
498.4500,5.72798535E+3,
498.600,5.88220215E+3,
498.7500,5.69551416E+3,
498.900,5.62485303E+3,
499.0500,5.26834375E+3,
499.200,5.03331836E+3,
499.3500,4.74390186E+3,
499.500,4.44402930E+3,
499.6500,4.22190869E+3,
499.800,4.04242554E+3,
499.9500,3.98745801E+3,
500.100,3.70461597E+3,
500.2500,3.53970581E+3,
500.400,3.34014331E+3,
500.5500,3.35421313E+3,
500.700,3.16853027E+3,
500.8500,3.33684937E+3,
501.00,3.13856567E+3,
501.1500,2.94769409E+3,
501.300,2.93801440E+3,
501.4500,2.90155518E+3,
501.600,2.91857251E+3,
501.7500,2.86972827E+3,
501.900,2.74032275E+3,
502.0500,2.69346265E+3,
502.200,2.78086377E+3,
502.3500,2.65103369E+3,
502.500,2.63872119E+3,
502.6500,2.71729175E+3,
502.800,2.61962158E+3,
502.9500,2.76125073E+3,
503.100,2.61063550E+3,
503.2500,2.59268872E+3,
503.400,2.50931885E+3,
503.5500,2.55328613E+3,
503.700,2.49455811E+3,
503.8500,2.53065967E+3,
504.00,2.58830859E+3,
504.1500,2.56236157E+3,
504.300,2.56809009E+3,
504.4500,2.64982007E+3,
504.600,2.66243066E+3,
504.7500,2.83187500E+3,
504.900,2.92654492E+3,
505.0500,2.94510889E+3,
505.200,3.08221924E+3,
505.3500,3.36668555E+3,
505.500,3.39024756E+3,
505.6500,3.90512061E+3,
505.800,4.13272656E+3,
505.9500,4.90667041E+3,
506.100,5.26057178E+3,
506.2500,6.12316260E+3,
506.400,6.45364014E+3,
506.5500,7.59804199E+3,
506.700,8.13396191E+3,
506.8500,9.09896582E+3,
507.00,9.65561133E+3,
507.1500,1.02463965E+4,
507.300,1.02092520E+4,
507.4500,9.94438379E+3,
507.600,9.66391406E+3,
507.7500,8.64773633E+3,
507.900,8.30046973E+3,
508.0500,7.50837109E+3,
508.200,6.97733398E+3,
508.3500,6.09298242E+3,
508.500,5.46044141E+3,
508.6500,5.04904443E+3,
508.800,4.72772705E+3,
508.9500,4.41390771E+3,
509.100,4.08068018E+3,
509.2500,3.79936719E+3,
509.400,3.65326831E+3,
509.5500,3.72128735E+3,
509.700,3.75775830E+3,
509.8500,3.72619385E+3,
510.00,3.98245679E+3,
510.1500,4.14370654E+3,
510.300,4.37940234E+3,
510.4500,4.66500098E+3,
510.600,4.78008789E+3,
510.7500,4.66753613E+3,
510.900,4.65046777E+3,
511.0500,4.17571338E+3,
511.200,3.80191895E+3,
511.3500,3.37056396E+3,
511.500,3.23486743E+3,
511.6500,2.93631299E+3,
511.800,2.79164233E+3,
511.9500,2.66453857E+3,
512.100,2.53374194E+3,
512.2500,2.43610034E+3,
512.400,2.39192139E+3,
512.5500,2.24261768E+3,
512.700,2.27102563E+3,
512.8500,2.13326514E+3,
513.00,2.09697339E+3,
513.1500,1.99006445E+3,
513.300,2.01965186E+3,
513.4500,1.95084985E+3,
513.600,2.06095776E+3,
513.7500,1.98602771E+3,
513.900,1.96633008E+3,
514.0500,1.98759619E+3,
514.200,2.06325854E+3,
514.3500,1.88904700E+3,
514.500,1.84988440E+3,
514.6500,1.99460291E+3,
514.800,1.88518115E+3,
514.9500,1.93319324E+3,
515.100,1.86717493E+3,
515.2500,1.87636072E+3,
515.400,1.76269324E+3,
515.5500,1.74498669E+3,
515.700,1.83572461E+3,
515.8500,1.83146411E+3,
516.00,1.83940161E+3,
516.1500,1.75322351E+3,
516.300,1.76966614E+3,
516.4500,1.77756079E+3,
516.600,1.76461621E+3,
516.7500,1.70990479E+3,
516.900,1.70422656E+3,
517.0500,1.81170654E+3,
517.200,1.76677783E+3,
517.3500,1.70449451E+3,
517.500,1.66921912E+3,
517.6500,1.63016064E+3,
517.800,1.74430664E+3,
517.9500,1.65573340E+3,
518.100,1.69831091E+3,
518.2500,1.69262598E+3,
518.400,1.70802454E+3,
518.5500,1.59794714E+3,
518.700,1.66177686E+3,
518.8500,1.71452368E+3,
519.00,1.60534180E+3,
519.1500,1.71185425E+3,
519.300,1.61998914E+3,
519.4500,1.55168054E+3,
519.600,1.57959888E+3,
519.7500,1.60756958E+3,
519.900,1.64939001E+3,
520.0500,1.59588745E+3,
520.200,1.59636096E+3,
520.3500,1.61444482E+3,
520.500,1.63634009E+3,
520.6500,1.55234802E+3,
520.800,1.57673438E+3,
520.9500,1.61506885E+3,
521.100,1.56490833E+3,
521.2500,1.63113916E+3,
521.400,1.56058728E+3,
521.5500,1.54825659E+3,
521.700,1.49905457E+3,
521.8500,1.58327209E+3,
522.00,1.54544824E+3,
522.1500,1.52665747E+3,
522.300,1.55119275E+3,
522.4500,1.57832788E+3,
522.600,1.54287622E+3,
522.7500,1.50478662E+3,
522.900,1.49223181E+3,
523.0500,1.49249487E+3,
523.200,1.52618518E+3,
523.3500,1.45971375E+3,
523.500,1.55774463E+3,
523.6500,1.48342725E+3,
523.800,1.48242102E+3,
523.9500,1.52270178E+3,
524.100,1.51011902E+3,
524.2500,1.41733618E+3,
524.400,1.43179858E+3,
524.5500,1.48257166E+3,
524.700,1.46728418E+3,
524.8500,1.41819104E+3,
525.00,1.52759875E+3,
525.1500,1.48361243E+3,
525.300,1.33661255E+3,
525.4500,1.47489954E+3,
525.600,1.34716211E+3,
525.7500,1.37073901E+3,
525.900,1.39174255E+3,
526.0500,1.40756470E+3,
526.200,1.38675464E+3,
526.3500,1.38688855E+3,
526.500,1.36468860E+3,
526.6500,1.46340161E+3,
526.800,1.39778894E+3,
526.9500,1.37288025E+3,
527.100,1.47463806E+3,
527.2500,1.31125269E+3,
527.400,1.37619580E+3,
527.5500,1.35789917E+3,
527.700,1.29848230E+3,
527.8500,1.35698132E+3,
528.00,1.36779980E+3,
528.1500,1.37603845E+3,
528.300,1.40292322E+3,
528.4500,1.35124329E+3,
528.600,1.35947241E+3,
528.7500,1.35168726E+3,
528.900,1.41475012E+3,
529.0500,1.35343799E+3,
529.200,1.39113672E+3,
529.3500,1.28535071E+3,
529.500,1.36199817E+3,
529.6500,1.29224072E+3,
529.800,1.36501587E+3,
529.9500,1.34765479E+3,
530.100,1.30729919E+3,
530.2500,1.31816565E+3,
530.400,1.29119360E+3,
530.5500,1.32777112E+3,
530.700,1.37526282E+3,
530.8500,1.33739758E+3,
531.00,1.38091663E+3,
531.1500,1.36202405E+3,
531.300,1.31450757E+3,
531.4500,1.38403772E+3,
531.600,1.26415576E+3,
531.7500,1.26005090E+3,
531.900,1.36662976E+3,
532.0500,1.31612317E+3,
532.200,1.23404639E+3,
532.3500,1.25461780E+3,
532.500,1.31229309E+3,
532.6500,1.23954102E+3,
532.800,1.31520093E+3,
532.9500,1.30012537E+3,
533.100,1.19818579E+3,
533.2500,1.34173694E+3,
533.400,1.22994824E+3,
533.5500,1.24656726E+3,
533.700,1.23551770E+3,
533.8500,1.23830432E+3,
534.00,1.30772803E+3,
534.1500,1.23556128E+3,
534.300,1.29819104E+3,
534.4500,1.22305237E+3,
534.600,1.23977942E+3,
534.7500,1.23280469E+3,
534.900,1.35160547E+3,
535.0500,1.28595532E+3,
535.200,1.35042578E+3,
535.3500,1.24954907E+3,
535.500,1.33657471E+3,
535.6500,1.24528772E+3,
535.800,1.24806653E+3,
535.9500,1.27901978E+3,
536.100,1.24658972E+3,
536.2500,1.25079419E+3,
536.400,1.29457556E+3,
536.5500,1.24648206E+3,
536.700,1.15578662E+3,
536.8500,1.21660828E+3,
537.00,1.26336365E+3,
537.1500,1.27048169E+3,
537.300,1.19509155E+3,
537.4500,1.21068457E+3,
537.600,1.22060339E+3,
537.7500,1.19056873E+3,
537.900,1.21191138E+3,
538.0500,1.24760657E+3,
538.200,1.20460547E+3,
538.3500,1.15863452E+3,
538.500,1.23314282E+3,
538.6500,1.17415747E+3,
538.800,1.13086133E+3,
538.9500,1.17244629E+3,
539.100,1.20836377E+3,
539.2500,1.24869385E+3,
539.400,1.15904272E+3,
539.5500,1.30646118E+3,
539.700,1.17321252E+3,
539.8500,1.24701489E+3,
540.00,1.14242651E+3,
540.1500,1.17863367E+3,
540.300,1.15671924E+3,
540.4500,1.17845068E+3,
540.600,1.13897607E+3,
540.7500,1.22058862E+3,
540.900,1.18837134E+3,
541.0500,1.17510779E+3,
541.200,1.13252722E+3,
541.3500,1.30253027E+3,
541.500,1.11166821E+3,
541.6500,1.16588574E+3,
541.800,1.12307617E+3,
541.9500,1.20542212E+3,
542.100,1.20681165E+3,
542.2500,1.19195325E+3,
542.400,1.19184363E+3,
542.5500,1.13399194E+3,
542.700,1.20642908E+3,
542.8500,1.16625842E+3,
543.00,1.16907031E+3,
543.1500,1.16147729E+3,
543.300,1.13450635E+3,
543.4500,1.19392188E+3,
543.600,1.22511462E+3,
543.7500,1.19213501E+3,
543.900,1.17104150E+3,
544.0500,1.14390332E+3,
544.200,1.08671704E+3,
544.3500,1.23047717E+3,
544.500,1.27690540E+3,
544.6500,1.21515088E+3,
544.800,1.35801013E+3,
544.9500,1.26605530E+3,
545.100,1.32480664E+3,
545.2500,1.33082764E+3,
545.400,1.37768933E+3,
545.5500,1.43676147E+3,
545.700,1.43836597E+3,
545.8500,1.31251038E+3,
546.00,1.36865417E+3,
546.1500,1.26230420E+3,
546.300,1.26684827E+3,
546.4500,1.20127405E+3,
546.600,1.19353699E+3,
546.7500,1.29885364E+3,
546.900,1.23306958E+3,
547.0500,1.22075830E+3,
547.200,1.09804773E+3,
547.3500,1.23145337E+3,
547.500,1.20068457E+3,
547.6500,1.22063098E+3,
547.800,1.24678455E+3,
547.9500,1.23287952E+3,
548.100,1.36107080E+3,
548.2500,1.23589636E+3,
548.400,1.34116638E+3,
548.5500,1.51646179E+3,
548.700,1.40497461E+3,
548.8500,1.54812170E+3,
549.00,1.44883911E+3,
549.1500,1.46926331E+3,
549.300,1.45229126E+3,
549.4500,1.35562329E+3,
549.600,1.32439221E+3,
549.7500,1.31969507E+3,
549.900,1.32595361E+3,
550.0500,1.41695422E+3,
550.200,1.58828394E+3,
550.3500,1.55396594E+3,
550.500,1.61561682E+3,
550.6500,1.67110010E+3,
550.800,1.84507996E+3,
550.9500,1.85037988E+3,
551.100,1.91738928E+3,
551.2500,1.77865173E+3,
551.400,1.80449597E+3,
551.5500,1.70339124E+3,
551.700,1.58774402E+3,
551.8500,1.64844250E+3,
552.00,1.51492993E+3,
552.1500,1.56935950E+3,
552.300,1.50415381E+3,
552.4500,1.49314282E+3,
552.600,1.49970544E+3,
552.7500,1.57037451E+3,
552.900,1.45991772E+3,
553.0500,1.38937732E+3,
553.200,1.46023828E+3,
553.3500,1.35897937E+3,
553.500,1.30583069E+3,
553.6500,1.40265906E+3,
553.800,1.35265417E+3,
553.9500,1.40445984E+3,
554.100,1.34785547E+3,
554.2500,1.36896863E+3,
554.400,1.50380737E+3,
554.5500,1.34954663E+3,
554.700,1.50584241E+3,
554.8500,1.46040222E+3,
555.00,1.51602271E+3,
555.1500,1.58810217E+3,
555.300,1.42642615E+3,
555.4500,1.58208582E+3,
555.600,1.53806433E+3,
555.7500,1.54646533E+3,
555.900,1.57789185E+3,
556.0500,1.51065942E+3,
556.200,1.62945544E+3,
556.3500,1.55388196E+3,
556.500,1.58051636E+3,
556.6500,1.49146375E+3,
556.800,1.50151953E+3,
556.9500,1.48839063E+3,
557.100,1.64118713E+3,
557.2500,1.42219263E+3,
557.400,1.47879663E+3,
557.5500,1.49389392E+3,
557.700,1.59406177E+3,
557.8500,1.52752002E+3,
558.00,1.58449792E+3,
558.1500,1.64333667E+3,
558.300,1.61518494E+3,
558.4500,1.56682922E+3,
558.600,1.60400757E+3,
558.7500,1.71021692E+3,
558.900,1.67693396E+3,
559.0500,1.68235449E+3,
559.200,1.67938696E+3,
559.3500,1.54966016E+3,
559.500,1.59388306E+3,
559.6500,1.61110400E+3,
559.800,1.61478979E+3,
559.9500,1.56073792E+3,
560.100,1.51675098E+3,
560.2500,1.55947742E+3,
560.400,1.50343835E+3,
560.5500,1.44042725E+3,
560.700,1.56180347E+3,
560.8500,1.45250586E+3,
561.00,1.42686926E+3,
561.1500,1.34283777E+3,
561.300,1.38222534E+3,
561.4500,1.37872595E+3,
561.600,1.51978967E+3,
561.7500,1.43371997E+3,
561.900,1.37504456E+3,
562.0500,1.24886230E+3,
562.200,1.37314807E+3,
562.3500,1.20337500E+3,
562.500,1.25681860E+3,
562.6500,1.29302930E+3,
562.800,1.20594531E+3,
562.9500,1.19172009E+3,
563.100,1.19145569E+3,
563.2500,1.22261230E+3,
563.400,1.18923047E+3,
563.5500,1.20121936E+3,
563.700,1.14845898E+3,
563.8500,1.08854907E+3,
564.00,1.18293311E+3,
564.1500,1.08434924E+3,
564.300,1.17907385E+3,
564.4500,1.18417859E+3,
564.600,1.22105249E+3,
564.7500,1.12903772E+3,
564.900,1.15354272E+3,
565.0500,1.11786267E+3,
565.200,1.16188879E+3,
565.3500,1.16517212E+3,
565.500,1.09554163E+3,
565.6500,1.12366980E+3,
565.800,1.16612952E+3,
565.9500,1.19262683E+3,
566.100,1.10649731E+3,
566.2500,1.13466199E+3,
566.400,1.16647351E+3,
566.5500,1.17862231E+3,
566.700,1.15667090E+3,
566.8500,1.07891858E+3,
567.00,1.06398962E+3,
567.1500,1.16257434E+3,
567.300,1.26860400E+3,
567.4500,1.17795166E+3,
567.600,1.19380042E+3,
567.7500,1.19519507E+3,
567.900,1.22378394E+3,
568.0500,1.21253516E+3,
568.200,1.17587939E+3,
568.3500,1.27560388E+3,
568.500,1.29540564E+3,
568.6500,1.21309668E+3,
568.800,1.29130664E+3,
568.9500,1.29472900E+3,
569.100,1.54355640E+3,
569.2500,1.32736206E+3,
569.400,1.33823804E+3,
569.5500,1.26826099E+3,
569.700,1.34717395E+3,
569.8500,1.35072937E+3,
570.00,1.33030298E+3,
570.1500,1.34485059E+3,
570.300,1.40381677E+3,
570.4500,1.36477649E+3,
570.600,1.31822021E+3,
570.7500,1.32537805E+3,
570.900,1.23962366E+3,
571.0500,1.29132751E+3,
571.200,1.27976294E+3,
571.3500,1.32598059E+3,
571.500,1.34802673E+3,
571.6500,1.28413611E+3,
571.800,1.38851306E+3,
571.9500,1.26269104E+3,
572.100,1.28478979E+3,
572.2500,1.28066797E+3,
572.400,1.35173254E+3,
572.5500,1.26861646E+3,
572.700,1.27575427E+3,
572.8500,1.26403711E+3,
573.00,1.40150574E+3,
573.1500,1.41268921E+3,
573.300,1.43146765E+3,
573.4500,1.29293677E+3,
573.600,1.36285425E+3,
573.7500,1.39492883E+3,
573.900,1.31861975E+3,
574.0500,1.30498938E+3,
574.200,1.28369995E+3,
574.3500,1.31773596E+3,
574.500,1.35567468E+3,
574.6500,1.40901721E+3,
574.800,1.42031421E+3,
574.9500,1.34335742E+3,
575.100,1.35652307E+3,
575.2500,1.44282288E+3,
575.400,1.40027954E+3,
575.5500,1.34991272E+3,
575.700,1.41333606E+3,
575.8500,1.46530847E+3,
576.00,1.32385571E+3,
576.1500,1.41462805E+3,
576.300,1.48427502E+3,
576.4500,1.45695801E+3,
576.600,1.44901807E+3,
576.7500,1.59879065E+3,
576.900,1.51105493E+3,
577.0500,1.56168713E+3,
577.200,1.41110535E+3,
577.3500,1.39713257E+3,
577.500,1.42230334E+3,
577.6500,1.52402527E+3,
577.800,1.47870068E+3,
577.9500,1.48438269E+3,
578.100,1.54120496E+3,
578.2500,1.53310022E+3,
578.400,1.48748950E+3,
578.5500,1.57607117E+3,
578.700,1.47107788E+3,
578.8500,1.48461133E+3,
579.00,1.44268225E+3,
579.1500,1.50977759E+3,
579.300,1.58297644E+3,
579.4500,1.51317053E+3,
579.600,1.53079077E+3,
579.7500,1.64410205E+3,
579.900,1.66389258E+3,
580.0500,1.56789819E+3,
580.200,1.69168042E+3,
580.3500,1.69963000E+3,
580.500,1.61339331E+3,
580.6500,1.66741040E+3,
580.800,1.65525354E+3,
580.9500,1.71345325E+3,
581.100,1.66914832E+3,
581.2500,1.70539246E+3,
581.400,1.72960828E+3,
581.5500,1.74983264E+3,
581.700,1.59207849E+3,
581.8500,1.62230420E+3,
582.00,1.69923315E+3,
582.1500,1.79873572E+3,
582.300,1.76025244E+3,
582.4500,1.83767102E+3,
582.600,1.74819214E+3,
582.7500,1.65237183E+3,
582.900,1.76872766E+3,
583.0500,1.62362488E+3,
583.200,1.63174194E+3,
583.3500,1.81205872E+3,
583.500,1.85530103E+3,
583.6500,1.78151868E+3,
583.800,1.81864355E+3,
583.9500,1.80641882E+3,
584.100,1.72818311E+3,
584.2500,1.74267505E+3,
584.400,1.84195605E+3,
584.5500,1.99114526E+3,
584.700,1.88372534E+3,
584.8500,1.88600244E+3,
585.00,2.11055151E+3,
585.1500,1.88429297E+3,
585.300,1.70954309E+3,
585.4500,1.85542407E+3,
585.600,1.90145801E+3,
585.7500,1.91833887E+3,
585.900,1.93316211E+3,
586.0500,1.97522314E+3,
586.200,1.78247217E+3,
586.3500,1.91048474E+3,
586.500,1.81388757E+3,
586.6500,1.94642688E+3,
586.800,1.91704968E+3,
586.9500,1.90025488E+3,
587.100,1.94041418E+3,
587.2500,1.94260474E+3,
587.400,2.08023193E+3,
587.5500,1.92791431E+3,
587.700,2.17399170E+3,
587.8500,1.90039392E+3,
588.00,2.03856702E+3,
588.1500,2.10259473E+3,
588.300,1.96222717E+3,
588.4500,2.02203479E+3,
588.600,2.10545898E+3,
588.7500,2.06721216E+3,
588.900,2.02031311E+3,
589.0500,2.09975073E+3,
589.200,1.90058069E+3,
589.3500,2.05959131E+3,
589.500,2.05770581E+3,
589.6500,2.03428394E+3,
589.800,2.16381738E+3,
589.9500,2.01746118E+3,
590.100,2.04155066E+3,
590.2500,2.25611426E+3,
590.400,2.17882617E+3,
590.5500,2.03627673E+3,
590.700,2.13437549E+3,
590.8500,2.08705396E+3,
591.00,2.12014551E+3,
591.1500,2.08364868E+3,
591.300,2.06668970E+3,
591.4500,2.08901465E+3,
591.600,2.17046362E+3,
591.7500,2.05494409E+3,
591.900,2.07731787E+3,
592.0500,2.02721851E+3,
592.200,2.10445215E+3,
592.3500,2.13122705E+3,
592.500,2.21316846E+3,
592.6500,2.10770532E+3,
592.800,2.35110840E+3,
592.9500,2.16811011E+3,
593.100,2.21946411E+3,
593.2500,2.28424658E+3,
593.400,2.16710693E+3,
593.5500,2.34978979E+3,
593.700,2.21239941E+3,
593.8500,2.10141064E+3,
594.00,2.11955225E+3,
594.1500,2.25858936E+3,
594.300,2.33087061E+3,
594.4500,2.31150049E+3,
594.600,2.26515845E+3,
594.7500,2.25910913E+3,
594.900,2.12262256E+3,
595.0500,2.14791772E+3,
595.200,2.13277539E+3,
595.3500,2.21014258E+3,
595.500,2.17468091E+3,
595.6500,2.24324292E+3,
595.800,2.33237842E+3,
595.9500,2.24925098E+3,
596.100,2.19769849E+3,
596.2500,2.33260327E+3,
596.400,2.15339453E+3,
596.5500,2.25435498E+3,
596.700,2.17508179E+3,
596.8500,2.19167578E+3,
597.00,2.28161035E+3,
597.1500,2.18824243E+3,
597.300,2.24620605E+3,
597.4500,2.24912207E+3,
597.600,2.13920361E+3,
597.7500,2.17194531E+3,
597.900,2.22554272E+3,
598.0500,2.27695264E+3,
598.200,2.21969409E+3,
598.3500,2.28279321E+3,
598.500,2.26946851E+3,
598.6500,2.22589795E+3,
598.800,2.17755347E+3,
598.9500,2.13140967E+3,
599.100,2.27178564E+3,
599.2500,2.18367090E+3,
599.400,2.09999634E+3,
599.5500,2.29005762E+3,
599.700,2.17111890E+3,
599.8500,2.23028442E+3,
600.00,2.17911255E+3,
600.1500,2.13278296E+3,
600.300,2.17589307E+3,
600.4500,2.24272705E+3,
600.600,2.30028516E+3,
600.7500,2.40771436E+3,
600.900,2.36133765E+3,
601.0500,2.17008691E+3,
601.200,2.10685254E+3,
601.3500,2.33396875E+3,
601.500,2.09664819E+3,
601.6500,2.15959521E+3,
601.800,2.37824341E+3,
601.9500,2.28364526E+3,
602.100,2.21757471E+3,
602.2500,2.26908643E+3,
602.400,2.20760132E+3,
602.5500,2.23271533E+3,
602.700,2.40762207E+3,
602.8500,2.34845483E+3,
603.00,2.46108057E+3,
603.1500,2.29255249E+3,
603.300,2.50495630E+3,
603.4500,2.43086548E+3,
603.600,2.43208569E+3,
603.7500,2.57973730E+3,
603.900,2.58116724E+3,
604.0500,2.60949414E+3,
604.200,2.81191504E+3,
604.3500,2.98300366E+3,
604.500,2.85953345E+3,
604.6500,2.87112085E+3,
604.800,2.77915747E+3,
604.9500,2.99067578E+3,
605.100,3.13604663E+3,
605.2500,3.32890332E+3,
605.400,3.78525146E+3,
605.5500,4.70497461E+3,
605.700,5.09748584E+3,
605.8500,6.58735938E+3,
606.00,7.45780420E+3,
606.1500,1.00380742E+4,
606.300,1.26361914E+4,
606.4500,1.50918154E+4,
606.600,1.73791406E+4,
606.7500,1.73502773E+4,
606.900,1.62989600E+4,
607.0500,1.24276260E+4,
607.200,9.60541016E+3,
607.3500,7.28539648E+3,
607.500,5.83985449E+3,
607.6500,5.03687891E+3,
607.800,4.18311328E+3,
607.9500,4.08011084E+3,
608.100,3.97674854E+3,
608.2500,3.97516577E+3,
608.400,4.69975098E+3,
608.5500,4.75301025E+3,
608.700,4.70126318E+3,
608.8500,4.53888232E+3,
609.00,5.06030176E+3,
609.1500,5.17130225E+3,
609.300,5.39359277E+3,
609.4500,5.60105664E+3,
609.600,5.64346436E+3,
609.7500,5.88043994E+3,
609.900,5.68706299E+3,
610.0500,6.16939990E+3,
610.200,6.60660938E+3,
610.3500,6.88081152E+3,
610.500,7.47733496E+3,
610.6500,9.13333105E+3,
610.800,1.01627178E+4,
610.9500,1.31623994E+4,
611.100,1.50089307E+4,
611.2500,2.00833340E+4,
611.400,2.33953281E+4,
611.5500,2.59935859E+4,
611.700,2.97065586E+4,
611.8500,2.97537441E+4,
612.00,2.63354297E+4,
612.1500,2.21316582E+4,
612.300,1.75523438E+4,
612.4500,1.54106104E+4,
612.600,1.31552373E+4,
612.7500,1.19660000E+4,
612.900,9.91793262E+3,
613.0500,8.81125488E+3,
613.200,7.79272168E+3,
613.3500,7.36342480E+3,
613.500,6.95431348E+3,
613.6500,6.84918604E+3,
613.800,6.74368701E+3,
613.9500,6.97392822E+3,
614.100,6.80074268E+3,
614.2500,6.99425488E+3,
614.400,7.00316309E+3,
614.5500,6.79924365E+3,
614.700,7.25873730E+3,
614.8500,7.67865918E+3,
615.00,7.57895703E+3,
615.1500,8.05601172E+3,
615.300,8.24024805E+3,
615.4500,8.06680713E+3,
615.600,9.14055762E+3,
615.7500,8.93479199E+3,
615.900,9.87508105E+3,
616.0500,1.01331816E+4,
616.200,1.08507930E+4,
616.3500,1.10529424E+4,
616.500,1.07147002E+4,
616.6500,1.10457246E+4,
616.800,1.02081299E+4,
616.9500,1.01412988E+4,
617.100,9.53256738E+3,
617.2500,9.30154395E+3,
617.400,8.54562305E+3,
617.5500,8.33458594E+3,
617.700,8.20478809E+3,
617.8500,7.94138867E+3,
618.00,8.28701172E+3,
618.1500,7.33552441E+3,
618.300,7.48245508E+3,
618.4500,7.08510205E+3,
618.600,6.82915869E+3,
618.7500,6.60948584E+3,
618.900,6.47789893E+3,
619.0500,6.69925000E+3,
619.200,7.14031836E+3,
619.3500,7.68099414E+3,
619.500,8.36803613E+3,
619.6500,9.41638770E+3,
619.800,1.06859404E+4,
619.9500,1.10655547E+4,
620.100,1.16705879E+4,
620.2500,1.21320615E+4,
620.400,1.23878379E+4,
620.5500,1.20066904E+4,
620.700,1.26470166E+4,
620.8500,1.24645176E+4,
621.00,1.23871982E+4,
621.1500,1.27600977E+4,
621.300,1.27002871E+4,
621.4500,1.28295039E+4,
621.600,1.22599092E+4,
621.7500,1.18752070E+4,
621.900,1.11055215E+4,
622.0500,1.05652871E+4,
622.200,9.93345020E+3,
622.3500,9.65504297E+3,
622.500,9.33967773E+3,
622.6500,9.09216211E+3,
622.800,8.62135156E+3,
622.9500,8.56427930E+3,
623.100,8.09393457E+3,
623.2500,8.22009277E+3,
623.400,7.61732178E+3,
623.5500,7.58232861E+3,
623.700,7.47733594E+3,
623.8500,7.34150879E+3,
624.00,7.18383301E+3,
624.1500,7.13585400E+3,
624.300,7.15189990E+3,
624.4500,6.96265576E+3,
624.600,7.21785693E+3,
624.7500,7.01259912E+3,
624.900,7.50602246E+3,
625.0500,7.49200586E+3,
625.200,7.48130029E+3,
625.3500,7.75247998E+3,
625.500,7.92840527E+3,
625.6500,7.82194092E+3,
625.800,7.94561230E+3,
625.9500,7.75442480E+3,
626.100,7.62204443E+3,
626.2500,7.40145898E+3,
626.400,7.48454004E+3,
626.5500,7.20302246E+3,
626.700,6.86369189E+3,
626.8500,6.47252441E+3,
627.00,6.36454590E+3,
627.1500,6.15788916E+3,
627.300,5.75989990E+3,
627.4500,5.28085938E+3,
627.600,5.16014014E+3,
627.7500,5.06129492E+3,
627.900,4.78609961E+3,
628.0500,4.81116699E+3,
628.200,4.37072559E+3,
628.3500,4.51738818E+3,
628.500,4.46472510E+3,
628.6500,4.36662744E+3,
628.800,4.31019824E+3,
628.9500,4.30541455E+3,
629.100,3.93036719E+3,
629.2500,4.00301563E+3,
629.400,4.10201514E+3,
629.5500,4.19810352E+3,
629.700,3.83628931E+3,
629.8500,3.86661182E+3,
630.00,3.72288330E+3,
630.1500,3.63464551E+3,
630.300,3.64830127E+3,
630.4500,3.79420117E+3,
630.600,3.50353467E+3,
630.7500,3.54351172E+3,
630.900,3.48722534E+3,
631.0500,3.58396167E+3,
631.200,3.67114819E+3,
631.3500,3.81550781E+3,
631.500,3.96377271E+3,
631.6500,3.80374268E+3,
631.800,3.84488843E+3,
631.9500,4.03111743E+3,
632.100,3.80607324E+3,
632.2500,4.10801465E+3,
632.400,4.16023730E+3,
632.5500,4.15488672E+3,
632.700,4.04738208E+3,
632.8500,4.26686328E+3,
633.00,4.15911279E+3,
633.1500,4.24944531E+3,
633.300,4.01759985E+3,
633.4500,3.95327783E+3,
633.600,4.19178711E+3,
633.7500,4.22069434E+3,
633.900,4.22203711E+3,
634.0500,4.11250586E+3,
634.200,4.31499023E+3,
634.3500,4.16694434E+3,
634.500,4.03572363E+3,
634.6500,4.69314746E+3,
634.800,4.43994580E+3,
634.9500,4.35050098E+3,
635.100,4.71046924E+3,
635.2500,4.85021338E+3,
635.400,4.60607715E+3,
635.5500,4.43160498E+3,
635.700,4.73446436E+3,
635.8500,4.84691748E+3,
636.00,4.17405420E+3,
636.1500,4.21120654E+3,
636.300,4.12710205E+3,
636.4500,4.26802197E+3,
636.600,3.95421167E+3,
636.7500,4.08453784E+3,
636.900,3.78341113E+3,
637.0500,3.69019629E+3,
637.200,3.64711792E+3,
637.3500,3.55675854E+3,
637.500,3.32447046E+3,
637.6500,3.28033154E+3,
637.800,3.16311035E+3,
637.9500,3.18050903E+3,
638.100,3.46860718E+3,
638.2500,3.40583008E+3,
638.400,3.40156567E+3,
638.5500,3.19114600E+3,
638.700,3.26754395E+3,
638.8500,3.55855493E+3,
639.00,3.45822803E+3,
639.1500,3.41334888E+3,
639.300,4.04489209E+3,
639.4500,3.95629224E+3,
639.600,3.90837085E+3,
639.7500,3.95748950E+3,
639.900,4.35537451E+3,
640.0500,4.54090918E+3,
640.200,4.45271094E+3,
640.3500,4.91481250E+3,
640.500,5.32215918E+3,
640.6500,5.36757373E+3,
640.800,5.58017334E+3,
640.9500,5.35999268E+3,
641.100,5.50099512E+3,
641.2500,5.32930566E+3,
641.400,5.08412549E+3,
641.5500,4.70742773E+3,
641.700,4.56748535E+3,
641.8500,3.96458032E+3,
642.00,3.80697290E+3,
642.1500,3.25395605E+3,
642.300,3.29956958E+3,
642.4500,3.06561377E+3,
642.600,2.80340039E+3,
642.7500,2.72345483E+3,
642.900,2.55714233E+3,
643.0500,2.45671240E+3,
643.200,2.21055615E+3,
643.3500,2.36075244E+3,
643.500,2.27105371E+3,
643.6500,2.36667090E+3,
643.800,1.99943713E+3,
643.9500,1.94806665E+3,
644.100,2.20260938E+3,
644.2500,2.00003076E+3,
644.400,2.19983545E+3,
644.5500,2.22842773E+3,
644.700,2.02059509E+3,
644.8500,1.96454785E+3,
645.00,2.00085242E+3,
645.1500,1.72677673E+3,
645.300,2.17524243E+3,
645.4500,2.09078223E+3,
645.600,1.85976428E+3,
645.7500,2.05095557E+3,
645.900,1.90447961E+3,
646.0500,1.86773523E+3,
646.200,1.85545972E+3,
646.3500,1.89237866E+3,
646.500,1.83071594E+3,
646.6500,2.16870752E+3,
646.800,1.96687048E+3,
646.9500,2.09129102E+3,
647.100,2.14979810E+3,
647.2500,2.18773047E+3,
647.400,2.12161426E+3,
647.5500,2.08443823E+3,
647.700,2.47828247E+3,
647.8500,2.24032251E+3,
648.00,2.13586230E+3,
648.1500,2.13619531E+3,
648.300,2.14073804E+3,
648.4500,2.01835364E+3,
648.600,2.23042480E+3,
648.7500,1.92071643E+3,
648.900,1.90351208E+3,
649.0500,1.99718970E+3,
649.200,1.92449890E+3,
649.3500,1.80434119E+3,
649.500,1.82539490E+3,
649.6500,1.89818384E+3,
649.800,1.93245190E+3,
649.9500,2.06628564E+3,
650.100,2.25279272E+3,
650.2500,2.63122583E+3,
650.400,2.18452612E+3,
650.5500,2.49905322E+3,
650.700,2.78000952E+3,
650.8500,3.48714648E+3,
651.00,3.41150610E+3,
651.1500,4.33459766E+3,
651.300,4.91342725E+3,
651.4500,5.61423730E+3,
651.600,5.87513770E+3,
651.7500,5.99953271E+3,
651.900,5.87967188E+3,
652.0500,5.61195313E+3,
652.200,4.89578613E+3,
652.3500,4.59311133E+3,
652.500,3.64681689E+3,
652.6500,3.55148828E+3,
652.800,3.23916113E+3,
652.9500,2.85307446E+3,
653.100,2.64196021E+3,
653.2500,2.47075659E+3,
653.400,2.50361499E+3,
653.5500,2.33586670E+3,
653.700,2.31824927E+3,
653.8500,2.47010181E+3,
654.00,2.50779883E+3,
654.1500,2.26493555E+3,
654.300,2.63461426E+3,
654.4500,3.01059961E+3,
654.600,2.70692236E+3,
654.7500,2.84783276E+3,
654.900,2.89159375E+3,
655.0500,2.61352783E+3,
655.200,2.63357983E+3,
655.3500,2.59275879E+3,
655.500,2.57053442E+3,
655.6500,2.53406689E+3,
655.800,2.56350830E+3,
655.9500,2.48897656E+3,
656.100,2.54687427E+3,
656.2500,2.29603247E+3,
656.400,2.28702197E+3,
656.5500,2.31138354E+3,
656.700,2.22097241E+3,
656.8500,2.23567969E+3,
657.00,2.26006079E+3,
657.1500,2.16892871E+3,
657.300,2.07252588E+3,
657.4500,2.41147607E+3,
657.600,2.43165625E+3,
657.7500,2.26218726E+3,
657.900,2.29672119E+3,
658.0500,2.49760156E+3,
658.200,2.56228442E+3,
658.3500,2.46029175E+3,
658.500,2.31350439E+3,
658.6500,2.51139185E+3,
658.800,2.37884131E+3,
658.9500,2.30514478E+3,
659.100,2.36026538E+3,
659.2500,2.19647778E+3,
659.400,2.17668799E+3,
659.5500,2.04669922E+3,
659.700,1.92110730E+3,
659.8500,1.80496765E+3,
660.00,2.16703394E+3,
660.1500,1.97013879E+3,
660.300,2.01028308E+3,
660.4500,2.00493140E+3,
660.600,1.99445398E+3,
660.7500,2.12671802E+3,
660.900,2.09601489E+3,
661.0500,2.11643506E+3,
661.200,2.14216626E+3,
661.3500,2.39974585E+3,
661.500,2.49338330E+3,
661.6500,2.64956934E+3,
661.800,2.96731982E+3,
661.9500,2.91219604E+3,
662.100,2.87767163E+3,
662.2500,2.84297925E+3,
662.400,3.12768164E+3,
662.5500,2.54720020E+3,
662.700,2.41135498E+3,
662.8500,2.60733594E+3,
663.00,2.22225708E+3,
663.1500,2.04735095E+3,
663.300,2.24376318E+3,
663.4500,2.10001147E+3,
663.600,1.88608411E+3,
663.7500,1.85320605E+3,
663.900,1.78257471E+3,
664.0500,1.49087854E+3,
664.200,1.39193457E+3,
664.3500,1.34658813E+3,
664.500,1.18717957E+3,
664.6500,1.43454358E+3,
664.800,1.24188599E+3,
664.9500,1.16295996E+3,
665.100,1.25876685E+3,
665.2500,1.23432483E+3,
665.400,1.20426318E+3,
665.5500,1.23468213E+3,
665.700,1.16579077E+3,
665.8500,1.07995007E+3,
666.00,1.16023694E+3,
666.1500,1.22978296E+3,
666.300,1.19925073E+3,
666.4500,1.19093408E+3,
666.600,1.18817517E+3,
666.7500,1.12359912E+3,
666.900,1.10376111E+3,
667.0500,1.15721362E+3,
667.200,1.13737708E+3,
667.3500,1.13445471E+3,
667.500,9.95048523E+2,
667.6500,1.02025586E+3,
667.800,1.14842249E+3,
667.9500,1.04238416E+3,
668.100,8.95690796E+2,
668.2500,9.90039978E+2,
668.400,9.46367676E+2,
668.5500,9.48748779E+2,
668.700,1.07873108E+3,
668.8500,1.05819226E+3,
669.00,1.00257080E+3,
669.1500,1.04610229E+3,
669.300,1.10743250E+3,
669.4500,1.03983557E+3,
669.600,9.18865784E+2,
669.7500,8.20878967E+2,
669.900,1.03619214E+3,
670.0500,1.05077258E+3,
670.200,9.40412231E+2,
670.3500,1.00252777E+3,
670.500,1.00513165E+3,
670.6500,9.41761597E+2,
670.800,8.78054810E+2,
670.9500,9.28578186E+2,
671.100,8.52328491E+2,
671.2500,1.00592859E+3,
671.400,9.59816406E+2,
671.5500,9.68277588E+2,
671.700,8.48575684E+2,
671.8500,8.50674927E+2,
672.00,8.77320862E+2,
672.1500,8.42519287E+2,
672.300,9.00012390E+2,
672.4500,7.41505676E+2,
672.600,8.23801270E+2,
672.7500,1.04308105E+3,
672.900,8.27750061E+2,
673.0500,7.48642944E+2,
673.200,9.25587036E+2,
673.3500,8.08737427E+2,
673.500,1.07467371E+3,
673.6500,8.12706604E+2,
673.800,9.59954956E+2,
673.9500,1.00029663E+3,
674.100,8.37790894E+2,
674.2500,8.33558655E+2,
674.400,8.10163696E+2,
674.5500,9.01762390E+2,
674.700,8.07883850E+2,
674.8500,8.99936768E+2,
675.00,1.03112219E+3,
675.1500,8.39959106E+2,
675.300,9.13394531E+2,
675.4500,7.72880188E+2,
675.600,9.11631897E+2,
675.7500,8.29129089E+2,
675.900,8.77104248E+2,
676.0500,8.79395264E+2,
676.200,7.17216492E+2,
676.3500,6.99317505E+2,
676.500,9.06222046E+2,
676.6500,9.74940552E+2,
676.800,8.51171936E+2,
676.9500,8.13420898E+2,
677.100,7.75466553E+2,
677.2500,7.30604675E+2,
677.400,7.79589539E+2,
677.5500,8.15352295E+2,
677.700,9.39135559E+2,
677.8500,7.04532043E+2,
678.00,8.69424988E+2,
678.1500,7.15057739E+2,
678.300,8.87615112E+2,
678.4500,8.42010559E+2,
678.600,6.79483582E+2,
678.7500,6.88138367E+2,
678.900,7.93426697E+2,
679.0500,7.60898315E+2,
679.200,7.76716309E+2,
679.3500,6.95272461E+2,
679.500,8.99199341E+2,
679.6500,7.82702332E+2,
679.800,8.26747192E+2,
679.9500,7.44578369E+2,
680.100,5.86521118E+2,
680.2500,5.95228577E+2,
680.400,6.96355469E+2,
680.5500,6.19903992E+2,
680.700,7.07363403E+2,
680.8500,6.66335571E+2,
681.00,7.47217529E+2,
681.1500,7.20446838E+2,
681.300,7.65765686E+2,
681.4500,6.73694397E+2,
681.600,5.37529236E+2,
681.7500,6.55547668E+2,
681.900,7.44997070E+2,
682.0500,6.59147400E+2,
682.200,7.19679565E+2,
682.3500,5.89083069E+2,
682.500,7.30964233E+2,
682.6500,6.14489807E+2,
682.800,8.24015076E+2,
682.9500,7.96477234E+2,
683.100,7.91159912E+2,
683.2500,8.38188110E+2,
683.400,6.15323792E+2,
683.5500,6.39550781E+2,
683.700,6.78995056E+2,
683.8500,7.03518555E+2,
684.00,5.46127930E+2,
684.1500,5.78026245E+2,
684.300,7.54989990E+2,
684.4500,7.26446106E+2,
684.600,7.66750427E+2,
684.7500,5.68932556E+2,
684.900,5.85894104E+2,
685.0500,6.49322205E+2,
685.200,5.73572205E+2,
685.3500,4.97407471E+2,
685.500,6.46825439E+2,
685.6500,6.40768127E+2,
685.800,5.95495789E+2,
685.9500,6.52113342E+2,
686.100,8.19322205E+2,
686.2500,7.26749268E+2,
686.400,6.73275024E+2,
686.5500,5.08311737E+2,
686.700,7.56575562E+2,
686.8500,6.70790466E+2,
687.00,6.64607910E+2,
687.1500,4.89788177E+2,
687.300,7.24622803E+2,
687.4500,7.26615906E+2,
687.600,6.31466553E+2,
687.7500,6.57559570E+2,
687.900,6.18670654E+2,
688.0500,6.20375549E+2,
688.200,6.46642456E+2,
688.3500,7.71545532E+2,
688.500,6.83139282E+2,
688.6500,5.44720947E+2,
688.800,6.20712341E+2,
688.9500,7.05421936E+2,
689.100,6.65740906E+2,
689.2500,6.67549194E+2,
689.400,6.60997375E+2,
689.5500,8.30590881E+2,
689.700,7.73964417E+2,
689.8500,6.07361572E+2,
690.00,6.42851990E+2,
690.1500,6.10660950E+2,
690.300,5.52778687E+2,
690.4500,7.16290466E+2,
690.600,5.89972107E+2,
690.7500,6.51582397E+2,
690.900,6.70540588E+2,
691.0500,6.29260742E+2,
691.200,6.22335754E+2,
691.3500,7.02040588E+2,
691.500,6.34433228E+2,
691.6500,5.05450165E+2,
691.800,5.41787964E+2,
691.9500,5.34511047E+2,
692.100,6.85351624E+2,
692.2500,5.72698914E+2,
692.400,6.44958008E+2,
692.5500,4.96126190E+2,
692.700,6.04102356E+2,
692.8500,6.50313110E+2,
693.00,4.46651398E+2,
693.1500,4.83703888E+2,
693.300,5.92811829E+2,
693.4500,6.66489929E+2,
693.600,6.05098694E+2,
693.7500,7.69769592E+2,
693.900,5.72103149E+2,
694.0500,6.46523987E+2,
694.200,4.56553680E+2,
694.3500,4.30344055E+2,
694.500,7.16159363E+2,
694.6500,5.15586731E+2,
694.800,4.70849823E+2,
694.9500,5.83248230E+2,
695.100,5.19895935E+2,
695.2500,5.12052979E+2,
695.400,6.06863342E+2,
695.5500,4.11960693E+2,
695.700,4.69462219E+2,
695.8500,6.87356079E+2,
696.00,6.70419373E+2,
696.1500,5.87087646E+2,
696.300,4.55801300E+2,
696.4500,6.66588135E+2,
696.600,6.49372986E+2,
696.7500,4.69254333E+2,
696.900,6.43451172E+2,
697.0500,5.87473938E+2,
697.200,5.02181610E+2,
697.3500,7.55355286E+2,
697.500,7.28313232E+2,
697.6500,6.91380310E+2,
697.800,8.30002502E+2,
697.9500,8.12722656E+2,
698.100,7.75704651E+2,
698.2500,8.96018738E+2,
698.400,1.04662134E+3,
698.5500,1.31687146E+3,
698.700,1.01274915E+3,
698.8500,8.76183411E+2,
699.00,1.01841382E+3,
699.1500,9.11159302E+2,
699.300,7.83206970E+2,
699.4500,6.04177246E+2,
699.600,6.56384338E+2,
699.7500,7.08885071E+2,
699.900,4.77320679E+2,
700.0500,5.60145447E+2,
700.200,6.22985291E+2,
700.3500,4.91586060E+2,
700.500,5.85389160E+2,
700.6500,5.56130493E+2,
700.800,4.44083313E+2,
700.9500,4.03901886E+2,
701.100,4.67313965E+2,
701.2500,6.97655945E+2,
701.400,5.53368164E+2,
701.5500,7.11899841E+2,
701.700,5.87856995E+2,
701.8500,5.36819153E+2,
702.00,6.43817322E+2,
702.1500,6.45560730E+2,
702.300,5.41192627E+2,
702.4500,7.12906860E+2,
702.600,6.50825745E+2,
702.7500,6.84687805E+2,
702.900,8.47459473E+2,
703.0500,5.91630676E+2,
703.200,7.01186523E+2,
703.3500,7.68088806E+2,
703.500,8.24518860E+2,
703.6500,6.31031128E+2,
703.800,6.32829407E+2,
703.9500,6.89346008E+2,
704.100,7.02338379E+2,
704.2500,1.02361316E+3,
704.400,9.38340271E+2,
704.5500,8.41479919E+2,
704.700,8.10670410E+2,
704.8500,1.11381628E+3,
705.00,9.83082275E+2,
705.1500,1.16527588E+3,
705.300,8.87791687E+2,
705.4500,8.79163574E+2,
705.600,9.27002319E+2,
705.7500,7.37010559E+2,
705.900,7.96074524E+2,
706.0500,6.50154907E+2,
706.200,7.89334412E+2,
706.3500,7.91647217E+2,
706.500,7.93969299E+2,
706.6500,7.38598694E+2,
706.800,8.33364990E+2,
706.9500,1.07959863E+3,
707.100,1.21083472E+3,
707.2500,1.22605957E+3,
707.400,1.39361206E+3,
707.5500,1.16279468E+3,
707.700,1.54317273E+3,
707.8500,1.20509021E+3,
708.00,1.20864063E+3,
708.1500,1.15271350E+3,
708.300,1.19179761E+3,
708.4500,1.51796411E+3,
708.600,1.36652808E+3,
708.7500,8.41528809E+2,
708.900,7.35461426E+2,
709.0500,9.06840759E+2,
709.200,1.13972498E+3,
709.3500,1.10641162E+3,
709.500,9.02217346E+2,
709.6500,9.16951782E+2,
709.800,7.35601318E+2,
709.9500,7.37650146E+2,
710.100,7.39671997E+2,
710.2500,5.93347412E+2,
710.400,7.80889343E+2,
710.5500,8.20303101E+2,
710.700,6.72988403E+2,
710.8500,4.87373993E+2,
711.00,7.64385681E+2,
711.1500,8.04212280E+2,
711.300,7.30847717E+2,
711.4500,7.07615356E+2,
711.600,6.96919922E+2,
711.7500,6.73454285E+2,
711.900,5.98885620E+2,
712.0500,5.87792175E+2,
712.200,7.43238647E+2,
712.3500,7.32504211E+2,
712.500,7.34592346E+2,
712.6500,8.01311279E+2,
712.800,7.64716370E+2,
712.9500,7.14909546E+2,
713.100,7.82096680E+2,
713.2500,6.92782471E+2,
713.400,7.07828796E+2,
713.5500,5.12640747E+2,
713.700,5.66803162E+2,
713.8500,8.72417114E+2,
714.00,6.49522278E+2,
714.1500,8.24118713E+2,
714.300,7.06439331E+2,
714.4500,6.68299133E+2,
714.600,7.10362305E+2,
714.7500,5.51051453E+2,
714.900,6.60404846E+2,
715.0500,5.94683533E+2,
715.200,7.04826172E+2,
715.3500,4.89359375E+2,
715.500,3.40810913E+2,
715.6500,6.15227600E+2,
715.800,5.48446228E+2,
715.9500,4.12522186E+2,
716.100,6.20591675E+2,
716.2500,2.90461426E+2,
716.400,4.99400879E+2,
716.5500,4.17394440E+2,
716.700,5.44214539E+2,
716.8500,4.05868164E+2,
717.00,5.19363831E+2,
717.1500,4.64564453E+2,
717.300,4.94154755E+2,
717.4500,4.95595459E+2,
717.600,5.82249146E+2,
717.7500,3.41824707E+2,
717.900,4.14246826E+2,
718.0500,6.16013855E+2,
718.200,5.60313049E+2,
718.3500,4.75472382E+2,
718.500,6.21335938E+2,
718.6500,6.37616089E+2,
718.800,4.35990601E+2,
718.9500,6.12147278E+2,
719.100,6.28514526E+2,
719.2500,5.42355774E+2,
719.400,6.90904236E+2,
719.5500,6.33908691E+2,
719.700,7.24425903E+2,
719.8500,7.85804810E+2,
720.00,6.83972778E+2,
720.1500,5.36804504E+2,
720.300,4.18702209E+2,
720.4500,5.54860535E+2,
720.600,3.60935333E+2,
720.7500,6.33439148E+2,
720.900,6.04999207E+2,
721.0500,5.30877380E+2,
721.200,6.69258667E+2,
721.3500,7.93160461E+2,
721.500,6.42428284E+2,
721.6500,7.36268188E+2,
721.800,7.38339539E+2,
721.9500,9.87225220E+2,
722.100,7.42469849E+2,
722.2500,9.92680176E+2,
722.400,6.84345581E+2,
722.5500,8.57787109E+2,
722.700,8.91429443E+2,
722.8500,6.90019348E+2,
723.00,6.44748108E+2,
723.1500,7.25399963E+2,
723.300,7.74871887E+2,
723.4500,4.44024963E+2,
723.600,8.11028809E+2,
723.7500,7.17623474E+2,
723.900,4.31785095E+2,
724.0500,3.84899658E+2,
724.200,6.27275513E+2,
724.3500,9.19448547E+2,
724.500,5.98569458E+2,
724.6500,9.73478455E+2,
724.800,6.83419861E+2,
724.9500,8.81245056E+2,
725.100,1.09656018E+3,
725.2500,9.68412048E+2,
725.400,1.18520398E+3,
725.5500,9.90524414E+2,
725.700,7.78155640E+2,
725.8500,1.21212561E+3,
726.00,8.99241211E+2,
726.1500,6.67969299E+2,
726.300,6.53094482E+2,
726.4500,5.70961060E+2,
726.600,7.40965027E+2,
726.7500,6.92385071E+2,
726.900,4.06439209E+2,
727.0500,5.09467804E+2,
727.200,4.59781097E+2,
727.3500,4.78121643E+2,
727.500,5.65052307E+2,
727.6500,4.80760406E+2,
727.800,6.54260986E+2,
727.9500,4.66153717E+2,
728.100,5.02056366E+2,
728.2500,7.98541748E+2,
728.400,4.87399170E+2,
728.5500,6.80736328E+2,
728.700,3.32549896E+2,
728.8500,5.61620972E+2,
729.00,4.04773834E+2,
729.1500,5.82387329E+2,
729.300,3.89345123E+2,
729.4500,5.32413147E+2,
729.600,5.51703796E+2,
729.7500,3.56937592E+2,
729.900,6.62192017E+2,
730.0500,4.84587524E+2,
730.200,6.11964172E+2,
730.3500,4.33209778E+2,
730.500,2.89633270E+2,
730.6500,6.17235291E+2,
730.800,3.09503082E+2,
730.9500,2.73875397E+2,
731.100,5.30985535E+2,
731.2500,3.67220337E+2,
731.400,5.15547485E+2,
731.5500,6.27775391E+2,
731.700,3.51799286E+2,
731.8500,5.38464111E+2,
732.00,6.33076904E+2,
732.1500,3.17410706E+2,
732.300,7.67631042E+2,
732.4500,7.32201416E+2,
732.600,7.53051025E+2,
732.7500,6.41864258E+2,
732.900,9.84394348E+2,
733.0500,6.83405029E+2,
733.200,6.85337402E+2,
733.3500,1.06909814E+3,
733.500,9.95547607E+2,
733.6500,1.19036829E+3,
733.800,1.32852783E+3,
733.9500,1.56401135E+3,
734.100,1.82023132E+3,
734.2500,1.47591772E+3,
734.400,1.61651062E+3,
734.5500,1.67977783E+3,
734.700,1.64545911E+3,
734.8500,1.31625073E+3,
735.00,1.16244727E+3,
735.1500,1.32382861E+3,
735.300,1.14926880E+3,
735.4500,1.01344897E+3,
735.600,1.05620227E+3,
735.7500,9.19327454E+2,
735.900,9.42005188E+2,
736.0500,1.06526770E+3,
736.200,1.14882434E+3,
736.3500,9.49890991E+2,
736.500,9.11983398E+2,
736.6500,9.34829895E+2,
736.800,1.10044836E+3,
736.9500,1.06262915E+3,
737.100,7.78615479E+2,
737.2500,1.04773279E+3,
737.400,1.44185254E+3,
737.5500,1.36304407E+3,
737.700,2.00854688E+3,
737.8500,1.82699915E+3,
738.00,1.93590979E+3,
738.1500,2.06605542E+3,
738.300,2.65714722E+3,
738.4500,2.97856030E+3,
738.600,3.38572070E+3,
738.7500,3.85819775E+3,
738.900,3.74124634E+3,
739.0500,3.32706299E+3,
739.200,3.46325806E+3,
739.3500,3.51494141E+3,
739.500,3.43872949E+3,
739.6500,2.84815381E+3,
739.800,2.44769336E+3,
739.9500,2.41107983E+3,
740.100,2.07226001E+3,
740.2500,1.60178406E+3,
740.400,1.12869519E+3,
740.5500,9.79462402E+2,
740.700,1.09131128E+3,
740.8500,8.53587463E+2,
741.00,7.90118103E+2,
741.1500,7.92314270E+2,
741.300,8.16587952E+2,
741.4500,6.86073608E+2,
741.600,5.32634583E+2,
741.7500,6.00886536E+2,
741.900,4.24028259E+2,
742.0500,6.71372803E+2,
742.200,4.93677734E+2,
742.3500,5.62523376E+2,
742.500,3.15870880E+2,
742.6500,5.20346008E+2,
742.800,4.53709625E+2,
742.9500,2.72969574E+2,
743.100,3.64956299E+2,
743.2500,3.88830109E+2,
743.400,2.98157837E+2,
743.5500,3.90971039E+2,
743.700,3.45924347E+2,
743.8500,3.70003143E+2,
744.00,3.24646271E+2,
744.1500,4.18562744E+2,
744.300,3.49772705E+2,
744.4500,2.10448166E+2,
744.600,4.68966827E+2,
744.7500,4.23248688E+2,
744.900,3.30114014E+2,
745.0500,4.25610352E+2,
745.200,5.92740601E+2,
745.3500,4.51714996E+2,
745.500,5.72149841E+2,
745.6500,6.45434021E+2,
745.800,4.55440948E+2,
745.9500,3.84583160E+2,
746.100,1.10862219E+3,
746.2500,6.04092590E+2,
746.400,6.78361206E+2,
746.5500,8.01598877E+2,
746.700,1.04725623E+3,
746.8500,8.05825623E+2,
747.00,8.32434082E+2,
747.1500,1.15356836E+3,
747.300,6.88935608E+2,
747.4500,7.64642395E+2,
747.600,6.18178223E+2,
747.7500,5.94926086E+2,
747.900,7.20658142E+2,
748.0500,2.24208069E+2,
748.200,5.99367859E+2,
748.3500,7.51065491E+2,
748.500,2.25878281E+2,
748.6500,2.51598938E+2,
748.800,3.02668610E+2,
748.9500,4.29846558E+2,
749.100,5.07019135E+2,
749.2500,2.79604034E+2,
749.400,5.09728424E+2,
749.5500,6.13308655E+2,
749.700,4.35589111E+2,
749.8500,4.62447174E+2,
750.00,2.57603943E+2,
