Labels,32C_99_650K,
Type,Emission Scan,
Comment,,
Start,450.00,
Stop,750.00,
Step,0.150,
Fixed/Offset,248.400,
Xaxis,Wavelength,
Yaxis,Counts,
Scan Corr. by File,True,
Corr. by Ref. Det.,False,
Fixed/Offset Corr. by File,False,
Repeats,1,
Dwell Time,0.20,
Lamp,Xe,
Temp,27.40,
Scan Polariser,None,
Scan Slit,0.2520,
Fixed/Offset Polariser,None,
Fixed/Offset Slit,2.9970,
Detector,Red PMT,

450.00,1.11535583E+3,
450.1500,1.21178992E+3,
450.300,1.13961462E+3,
450.4500,1.02457788E+3,
450.600,9.02180054E+2,
450.7500,7.89669128E+2,
450.900,7.98027832E+2,
451.0500,7.06770813E+2,
451.200,8.25956787E+2,
451.3500,6.75115784E+2,
451.500,7.78431580E+2,
451.6500,7.64195190E+2,
451.800,8.18278503E+2,
451.9500,8.18343445E+2,
452.100,8.85699341E+2,
452.2500,8.42429932E+2,
452.400,1.04303088E+3,
452.5500,1.02922375E+3,
452.700,8.62910645E+2,
452.8500,7.66255310E+2,
453.00,8.06352600E+2,
453.1500,7.81217163E+2,
453.300,8.18956787E+2,
453.4500,8.01690613E+2,
453.600,7.81656860E+2,
453.7500,7.49921143E+2,
453.900,7.63229492E+2,
454.0500,7.56895996E+2,
454.200,7.72130981E+2,
454.3500,7.84270630E+2,
454.500,7.70213318E+2,
454.6500,8.00952759E+2,
454.800,7.89887085E+2,
454.9500,8.59873779E+2,
455.100,7.43979980E+2,
455.2500,7.35903015E+2,
455.400,8.11323364E+2,
455.5500,7.50523010E+2,
455.700,8.37194214E+2,
455.8500,7.59410828E+2,
456.00,7.94901001E+2,
456.1500,7.57239319E+2,
456.300,8.06796692E+2,
456.4500,7.93459778E+2,
456.600,8.30334412E+2,
456.7500,8.66756531E+2,
456.900,8.50782227E+2,
457.0500,8.77677124E+2,
457.200,9.12050903E+2,
457.3500,9.19263977E+2,
457.500,8.73192383E+2,
457.6500,8.91947693E+2,
457.800,9.15520203E+2,
457.9500,8.29271667E+2,
458.100,1.00668854E+3,
458.2500,9.80315735E+2,
458.400,9.10155029E+2,
458.5500,8.93159546E+2,
458.700,8.76365662E+2,
458.8500,7.86215149E+2,
459.00,8.49371094E+2,
459.1500,8.08205627E+2,
459.300,8.51810608E+2,
459.4500,7.55502808E+2,
459.600,8.40169006E+2,
459.7500,7.65949585E+2,
459.900,8.27666077E+2,
460.0500,8.26237854E+2,
460.200,8.51543396E+2,
460.3500,8.35235535E+2,
460.500,8.61472046E+2,
460.6500,8.36172363E+2,
460.800,8.90622742E+2,
460.9500,9.06175842E+2,
461.100,8.84716492E+2,
461.2500,8.81536804E+2,
461.400,9.29869263E+2,
461.5500,1.01467303E+3,
461.700,9.61119934E+2,
461.8500,1.02754321E+3,
462.00,1.05711279E+3,
462.1500,1.07053467E+3,
462.300,1.19360120E+3,
462.4500,1.21205493E+3,
462.600,1.15952087E+3,
462.7500,1.16386304E+3,
462.900,1.11071008E+3,
463.0500,1.13478113E+3,
463.200,1.10501404E+3,
463.3500,1.05495459E+3,
463.500,1.02125970E+3,
463.6500,9.27747070E+2,
463.800,9.02023987E+2,
463.9500,9.06287292E+2,
464.100,8.44702881E+2,
464.2500,9.39503906E+2,
464.400,8.31579407E+2,
464.5500,8.36172791E+2,
464.700,8.59743469E+2,
464.8500,7.89534729E+2,
465.00,8.07869995E+2,
465.1500,7.97001099E+2,
465.300,8.41660461E+2,
465.4500,7.65994019E+2,
465.600,8.36646362E+2,
465.7500,8.43536255E+2,
465.900,8.53529114E+2,
466.0500,8.82253662E+2,
466.200,9.57692078E+2,
466.3500,9.31494080E+2,
466.500,1.03456873E+3,
466.6500,1.18483789E+3,
466.800,1.26255054E+3,
466.9500,1.39975159E+3,
467.100,1.59533447E+3,
467.2500,1.64268274E+3,
467.400,1.66429077E+3,
467.5500,1.64386450E+3,
467.700,1.49357556E+3,
467.8500,1.34263049E+3,
468.00,1.29921057E+3,
468.1500,1.19799194E+3,
468.300,1.18559521E+3,
468.4500,1.16000098E+3,
468.600,1.05212329E+3,
468.7500,1.04906360E+3,
468.900,1.01557874E+3,
469.0500,9.91346313E+2,
469.200,9.65254578E+2,
469.3500,9.29086609E+2,
469.500,1.03152588E+3,
469.6500,9.70106934E+2,
469.800,1.01279065E+3,
469.9500,9.99918274E+2,
470.100,9.11546448E+2,
470.2500,9.11008484E+2,
470.400,8.68173279E+2,
470.5500,8.76726013E+2,
470.700,7.94731995E+2,
470.8500,8.36500671E+2,
471.00,8.25972534E+2,
471.1500,7.64380615E+2,
471.300,8.09267822E+2,
471.4500,7.57769714E+2,
471.600,7.53466919E+2,
471.7500,8.04328552E+2,
471.900,8.24074951E+2,
472.0500,7.64678650E+2,
472.200,7.90564209E+2,
472.3500,7.19268188E+2,
472.500,7.60177307E+2,
472.6500,8.04073792E+2,
472.800,8.46951294E+2,
472.9500,9.17836914E+2,
473.100,1.01477655E+3,
473.2500,1.17876721E+3,
473.400,1.34272107E+3,
473.5500,1.27454016E+3,
473.700,1.12735059E+3,
473.8500,9.48188782E+2,
474.00,9.16080017E+2,
474.1500,7.90058533E+2,
474.300,8.07049194E+2,
474.4500,7.91037781E+2,
474.600,7.54026123E+2,
474.7500,7.74016724E+2,
474.900,7.43006470E+2,
475.0500,7.88020325E+2,
475.200,7.70079346E+2,
475.3500,7.79140137E+2,
475.500,7.42190308E+2,
475.6500,7.65254517E+2,
475.800,7.69314148E+2,
475.9500,7.51363403E+2,
476.100,7.79468628E+2,
476.2500,7.71570313E+2,
476.400,7.56663391E+2,
476.5500,7.37747681E+2,
476.700,7.27836731E+2,
476.8500,7.03904602E+2,
477.00,7.64084900E+2,
477.1500,7.19179749E+2,
477.300,7.42380737E+2,
477.4500,7.54568237E+2,
477.600,7.34686462E+2,
477.7500,7.69933899E+2,
477.900,7.48039917E+2,
478.0500,8.07406433E+2,
478.200,7.69547974E+2,
478.3500,7.84856750E+2,
478.500,7.59011108E+2,
478.6500,8.13492188E+2,
478.800,8.18780273E+2,
478.9500,8.01961304E+2,
479.100,7.86190857E+2,
479.2500,7.71439209E+2,
479.400,7.60698364E+2,
479.5500,7.49946777E+2,
479.700,8.50968811E+2,
479.8500,8.06995972E+2,
480.00,8.20435303E+2,
480.1500,7.58286255E+2,
480.300,8.77666016E+2,
480.4500,8.27594604E+2,
480.600,9.49127563E+2,
480.7500,1.00611621E+3,
480.900,1.06517419E+3,
481.0500,1.04035913E+3,
481.200,1.09440247E+3,
481.3500,9.03612671E+2,
481.500,9.26258606E+2,
481.6500,9.02336121E+2,
481.800,9.19930847E+2,
481.9500,8.84833557E+2,
482.100,8.38578125E+2,
482.2500,9.00839905E+2,
482.400,8.57604553E+2,
482.5500,8.50882019E+2,
482.700,9.56908386E+2,
482.8500,1.01119714E+3,
483.00,1.01876245E+3,
483.1500,9.95922485E+2,
483.300,9.56769714E+2,
483.4500,9.68491577E+2,
483.600,8.78329163E+2,
483.7500,9.68517273E+2,
483.900,8.98653809E+2,
484.0500,8.88952393E+2,
484.200,8.77243774E+2,
484.3500,9.13545593E+2,
484.500,8.45595703E+2,
484.6500,9.16703186E+2,
484.800,8.98830078E+2,
484.9500,8.33813416E+2,
485.100,8.16930542E+2,
485.2500,8.70816833E+2,
485.400,8.49846558E+2,
485.5500,7.87762939E+2,
485.700,8.54063293E+2,
485.8500,7.92923035E+2,
486.00,8.02708252E+2,
486.1500,8.11498047E+2,
486.300,8.12052979E+2,
486.4500,8.24981140E+2,
486.600,7.74976501E+2,
486.7500,8.00283325E+2,
486.900,8.14255127E+2,
487.0500,8.23054504E+2,
487.200,8.65967041E+2,
487.3500,8.77871338E+2,
487.500,7.97597839E+2,
487.6500,8.59221008E+2,
487.800,8.66987183E+2,
487.9500,8.88250244E+2,
488.100,9.05359558E+2,
488.2500,9.44289368E+2,
488.400,9.17777649E+2,
488.5500,8.86035278E+2,
488.700,9.46861755E+2,
488.8500,9.09890991E+2,
489.00,9.31209290E+2,
489.1500,8.90106689E+2,
489.300,9.20912415E+2,
489.4500,9.67408203E+2,
489.600,9.41906433E+2,
489.7500,9.45627258E+2,
489.900,9.22166016E+2,
490.0500,9.46847229E+2,
490.200,9.17213867E+2,
490.3500,9.92316528E+2,
490.500,9.79443909E+2,
490.6500,1.01272443E+3,
490.800,1.06390662E+3,
490.9500,1.05104895E+3,
491.100,1.08135864E+3,
491.2500,1.16122791E+3,
491.400,1.25492493E+3,
491.5500,1.22222791E+3,
491.700,1.30134753E+3,
491.8500,1.27073755E+3,
492.00,1.32253223E+3,
492.1500,1.33103284E+3,
492.300,1.33424792E+3,
492.4500,1.26751709E+3,
492.600,1.29507068E+3,
492.7500,1.30674170E+3,
492.900,1.27274426E+3,
493.0500,1.15680786E+3,
493.200,1.13111230E+3,
493.3500,1.16926660E+3,
493.500,1.03695874E+3,
493.6500,1.08149084E+3,
493.800,1.08232544E+3,
493.9500,1.07461218E+3,
494.100,1.02197955E+3,
494.2500,9.99216125E+2,
494.400,1.02459338E+3,
494.5500,9.97505066E+2,
494.700,9.52145081E+2,
494.8500,9.81826355E+2,
495.00,1.00188416E+3,
495.1500,9.43559753E+2,
495.300,9.19557434E+2,
495.4500,9.64400635E+2,
495.600,9.58682556E+2,
495.7500,9.27080444E+2,
495.900,9.52604309E+2,
496.0500,9.35007446E+2,
496.200,9.03389160E+2,
496.3500,8.76039185E+2,
496.500,8.52969238E+2,
496.6500,8.95942139E+2,
496.800,8.66337708E+2,
496.9500,8.92025208E+2,
497.100,8.86299133E+2,
497.2500,8.81668274E+2,
497.400,9.56458374E+2,
497.5500,8.36430542E+2,
497.700,8.68794983E+2,
497.8500,8.59753479E+2,
498.00,8.76901367E+2,
498.1500,9.03932495E+2,
498.300,8.78496216E+2,
498.4500,8.38775879E+2,
498.600,8.61451599E+2,
498.7500,8.35897888E+2,
498.900,8.45429626E+2,
499.0500,8.53880310E+2,
499.200,8.65651550E+2,
499.3500,8.25696472E+2,
499.500,7.88972229E+2,
499.6500,7.90780518E+2,
499.800,8.23497742E+2,
499.9500,7.85559082E+2,
500.100,7.72992981E+2,
500.2500,8.32351074E+2,
500.400,7.73273499E+2,
500.5500,7.30719360E+2,
500.700,8.13496582E+2,
500.8500,7.36461792E+2,
501.00,7.97148987E+2,
501.1500,7.71140686E+2,
501.300,7.78495728E+2,
501.4500,7.68025940E+2,
501.600,8.15549133E+2,
501.7500,7.77171509E+2,
501.900,7.82310608E+2,
502.0500,7.34885681E+2,
502.200,7.59028076E+2,
502.3500,6.83487122E+2,
502.500,7.27807068E+2,
502.6500,7.81179138E+2,
502.800,7.47018921E+2,
502.9500,7.71261353E+2,
503.100,7.32553345E+2,
503.2500,6.82523621E+2,
503.400,6.74111572E+2,
503.5500,7.05171692E+2,
503.700,7.09181763E+2,
503.8500,7.14326416E+2,
504.00,6.15402039E+2,
504.1500,6.85032471E+2,
504.300,6.91321594E+2,
504.4500,6.90813538E+2,
504.600,7.10738464E+2,
504.7500,6.75013550E+2,
504.900,6.30122620E+2,
505.0500,7.08101074E+2,
505.200,7.09878906E+2,
505.3500,7.32185669E+2,
505.500,7.38548828E+2,
505.6500,7.11787476E+2,
505.800,6.48382874E+2,
505.9500,7.07329712E+2,
506.100,6.95376099E+2,
506.2500,7.70555298E+2,
506.400,7.31098694E+2,
506.5500,7.63939636E+2,
506.700,7.17499573E+2,
506.8500,7.58438965E+2,
507.00,7.25726013E+2,
507.1500,7.81797791E+2,
507.300,8.06813538E+2,
507.4500,8.15700562E+2,
507.600,7.92218872E+2,
507.7500,8.31201416E+2,
507.900,8.09999573E+2,
508.0500,8.61844360E+2,
508.200,7.90741272E+2,
508.3500,8.39208984E+2,
508.500,8.00507935E+2,
508.6500,7.65218384E+2,
508.800,8.39448303E+2,
508.9500,7.71441833E+2,
509.100,7.72210022E+2,
509.2500,7.54260315E+2,
509.400,7.40954285E+2,
509.5500,7.76830322E+2,
509.700,7.49440552E+2,
509.8500,7.50169434E+2,
510.00,6.89791138E+2,
510.1500,7.35116638E+2,
510.300,7.67572571E+2,
510.4500,7.41168396E+2,
510.600,6.32155701E+2,
510.7500,6.51613525E+2,
510.900,6.45110474E+2,
511.0500,6.88265320E+2,
511.200,7.37420776E+2,
511.3500,6.56341797E+2,
511.500,7.09109497E+2,
511.6500,6.20732178E+2,
511.800,6.56926819E+2,
511.9500,6.19466553E+2,
512.100,6.04575073E+2,
512.2500,6.62333374E+2,
512.400,6.53426208E+2,
512.5500,5.88403687E+2,
512.700,6.10465088E+2,
512.8500,6.05062622E+2,
513.00,6.63084045E+2,
513.1500,6.06244812E+2,
513.300,5.64878906E+2,
513.4500,6.07464600E+2,
513.600,5.41977539E+2,
513.7500,6.00259094E+2,
513.900,5.85202942E+2,
514.0500,5.66507080E+2,
514.200,5.30896973E+2,
514.3500,5.33860901E+2,
514.500,5.31992920E+2,
514.6500,5.85793579E+2,
514.800,5.77912231E+2,
514.9500,4.81479095E+2,
515.100,5.32958008E+2,
515.2500,5.01902191E+2,
515.400,5.19441040E+2,
515.5500,5.54060669E+2,
515.700,5.20487671E+2,
515.8500,5.17348755E+2,
516.00,5.10537750E+2,
516.1500,5.29390381E+2,
516.300,5.43382996E+2,
516.4500,4.98599060E+2,
516.600,4.92964172E+2,
516.7500,5.74469055E+2,
516.900,4.91485657E+2,
517.0500,4.88287506E+2,
517.200,5.26955322E+2,
517.3500,4.68335236E+2,
517.500,5.02122803E+2,
517.6500,5.21157410E+2,
517.800,5.19212463E+2,
517.9500,4.76425537E+2,
518.100,4.85585388E+2,
518.2500,5.02207703E+2,
518.400,5.32516357E+2,
518.5500,4.85845520E+2,
518.700,5.08732605E+2,
518.8500,4.96800781E+2,
519.00,5.28466553E+2,
519.1500,5.30275574E+2,
519.300,4.58393219E+2,
519.4500,5.28896729E+2,
519.600,5.16936646E+2,
519.7500,4.61095551E+2,
519.900,5.11749878E+2,
520.0500,4.33187408E+2,
520.200,5.24159485E+2,
520.3500,4.89492401E+2,
520.500,4.52229462E+2,
520.6500,5.09462708E+2,
520.800,4.78448608E+2,
520.9500,4.72641418E+2,
521.100,4.87056915E+2,
521.2500,4.43244324E+2,
521.400,5.33718323E+2,
521.5500,5.26661072E+2,
521.700,5.22128357E+2,
521.8500,4.62900238E+2,
522.00,4.62106873E+2,
522.1500,5.11009705E+2,
522.300,5.02606873E+2,
522.4500,4.76307709E+2,
522.600,5.01083038E+2,
522.7500,4.82401855E+2,
522.900,4.84174774E+2,
523.0500,4.82111755E+2,
523.200,5.31405090E+2,
523.3500,5.53817200E+2,
523.500,5.05527374E+2,
523.6500,4.86749573E+2,
523.800,5.23359070E+2,
523.9500,4.94232880E+2,
524.100,5.34806702E+2,
524.2500,4.84946259E+2,
524.400,4.86759735E+2,
524.5500,5.18381714E+2,
524.700,4.77418732E+2,
524.8500,4.81821106E+2,
525.00,4.69330353E+2,
525.1500,5.02345947E+2,
525.300,5.00252655E+2,
525.4500,4.85112854E+2,
525.600,4.96047821E+2,
525.7500,5.52738403E+2,
525.900,5.50680115E+2,
526.0500,4.80536072E+2,
526.200,5.04631897E+2,
526.3500,5.11718353E+2,
526.500,5.22758484E+2,
526.6500,5.11467407E+2,
526.800,5.13312317E+2,
526.9500,5.29652466E+2,
527.100,5.09132416E+2,
527.2500,5.61210815E+2,
527.400,5.20865662E+2,
527.5500,5.73070496E+2,
527.700,5.51192505E+2,
527.8500,5.75688782E+2,
528.00,5.49775818E+2,
528.1500,5.05212158E+2,
528.300,5.65694885E+2,
528.4500,5.91668640E+2,
528.600,5.24310486E+2,
528.7500,6.14403320E+2,
528.900,5.72318604E+2,
529.0500,5.68952637E+2,
529.200,5.87011475E+2,
529.3500,5.82298462E+2,
529.500,6.48762451E+2,
529.6500,5.70145752E+2,
529.800,5.97699219E+2,
529.9500,6.15878235E+2,
530.100,6.52974731E+2,
530.2500,6.06410217E+2,
530.400,6.07063843E+2,
530.5500,6.33432068E+2,
530.700,6.08367493E+2,
530.8500,6.07661072E+2,
531.00,6.39539551E+2,
531.1500,6.14406067E+2,
531.300,6.04183655E+2,
531.4500,5.59881348E+2,
531.600,5.87757141E+2,
531.7500,6.22517029E+2,
531.900,5.79451050E+2,
532.0500,6.59429688E+2,
532.200,6.39622253E+2,
532.3500,6.10169006E+2,
532.500,6.58891968E+2,
532.6500,6.28015747E+2,
532.800,6.27334351E+2,
532.9500,6.21140442E+2,
533.100,6.45282715E+2,
533.2500,6.21174561E+2,
533.400,6.21883972E+2,
533.5500,6.25358948E+2,
533.700,6.16373779E+2,
533.8500,6.43418762E+2,
534.00,6.95511414E+2,
534.1500,5.87899231E+2,
534.300,5.31520874E+2,
534.4500,6.35207153E+2,
534.600,5.73171082E+2,
534.7500,6.56192810E+2,
534.900,6.65319763E+2,
535.0500,6.39479431E+2,
535.200,5.74351196E+2,
535.3500,6.25475464E+2,
535.500,5.85453430E+2,
535.6500,6.19832825E+2,
535.800,6.47249817E+2,
535.9500,5.97251526E+2,
536.100,6.13423340E+2,
536.2500,6.46573059E+2,
536.400,6.79793518E+2,
536.5500,5.73013916E+2,
536.700,5.97722961E+2,
536.8500,6.23901367E+2,
537.00,6.34520813E+2,
537.1500,6.50873169E+2,
537.300,6.18886719E+2,
537.4500,5.92523254E+2,
537.600,7.28654175E+2,
537.7500,6.25262695E+2,
537.900,5.81660339E+2,
538.0500,5.89465454E+2,
538.200,6.28801147E+2,
538.3500,6.30939270E+2,
538.500,5.61302490E+2,
538.6500,6.55343750E+2,
538.800,6.01399536E+2,
538.9500,6.17910828E+2,
539.100,6.15717224E+2,
539.2500,6.17850830E+2,
539.400,6.25767456E+2,
539.5500,5.65699158E+2,
539.700,5.93848328E+2,
539.8500,6.09006958E+2,
540.00,5.99519897E+2,
540.1500,6.16203064E+2,
540.300,6.14006958E+2,
540.4500,6.14717163E+2,
540.600,7.13135742E+2,
540.7500,5.88393799E+2,
540.900,6.37306152E+2,
541.0500,6.29260742E+2,
541.200,5.69926392E+2,
541.3500,5.67656494E+2,
541.500,5.49225769E+2,
541.6500,6.23373962E+2,
541.800,5.57858276E+2,
541.9500,5.64396851E+2,
542.100,5.76849731E+2,
542.2500,5.47973572E+2,
542.400,5.72262390E+2,
542.5500,5.68476379E+2,
542.700,5.76536743E+2,
542.8500,6.21707397E+2,
543.00,5.21402405E+2,
543.1500,5.65123413E+2,
543.300,5.76186279E+2,
543.4500,6.00687317E+2,
543.600,6.47624207E+2,
543.7500,6.22957764E+2,
543.900,5.32427551E+2,
544.0500,6.21361145E+2,
544.200,5.96570190E+2,
544.3500,5.94230164E+2,
544.500,5.97892151E+2,
544.6500,6.00055969E+2,
544.800,5.38988525E+2,
544.9500,5.62188843E+2,
545.100,5.79414063E+2,
545.2500,5.45322144E+2,
545.400,5.76179626E+2,
545.5500,5.45030701E+2,
545.700,6.00203308E+2,
545.8500,5.93284790E+2,
546.00,5.80272888E+2,
546.1500,5.65755615E+2,
546.300,6.12106995E+2,
546.4500,5.68623352E+2,
546.600,5.50980347E+2,
546.7500,5.79135925E+2,
546.900,6.47132019E+2,
547.0500,5.65194214E+2,
547.200,6.31837524E+2,
547.3500,6.40293945E+2,
547.500,5.79587830E+2,
547.6500,5.32583008E+2,
547.800,5.77928528E+2,
547.9500,5.57033203E+2,
548.100,5.53079590E+2,
548.2500,5.73864258E+2,
548.400,6.07086853E+2,
548.5500,6.18679199E+2,
548.700,5.85276733E+2,
548.8500,5.02051239E+2,
549.00,6.06925110E+2,
549.1500,5.92067932E+2,
549.300,6.33330017E+2,
549.4500,6.52823181E+2,
549.600,6.48904907E+2,
549.7500,5.69832764E+2,
549.900,6.00283997E+2,
550.0500,5.97851074E+2,
550.200,6.01694092E+2,
550.3500,5.96106079E+2,
550.500,6.01526001E+2,
550.6500,5.78578979E+2,
550.800,6.02926025E+2,
550.9500,6.33648438E+2,
551.100,5.63193298E+2,
551.2500,5.90772156E+2,
551.400,5.89870422E+2,
551.5500,5.88963806E+2,
551.700,6.00768005E+2,
551.8500,6.47602112E+2,
552.00,6.40380432E+2,
552.1500,6.10838135E+2,
552.300,6.51480591E+2,
552.4500,6.26672363E+2,
552.600,6.41815979E+2,
552.7500,6.26547363E+2,
552.900,6.52952209E+2,
553.0500,6.73004700E+2,
553.200,6.44884949E+2,
553.3500,6.63387695E+2,
553.500,6.86770203E+2,
553.6500,6.61783875E+2,
553.800,6.69054749E+2,
553.9500,6.89285583E+2,
554.100,6.70687317E+2,
554.2500,6.35824280E+2,
554.400,6.17113220E+2,
554.5500,6.87781006E+2,
554.700,6.90245605E+2,
554.8500,6.32406006E+2,
555.00,7.09870667E+2,
555.1500,6.53539978E+2,
555.300,6.36330017E+2,
555.4500,7.17343262E+2,
555.600,7.64112610E+2,
555.7500,8.29049866E+2,
555.900,7.37993164E+2,
556.0500,6.64821777E+2,
556.200,6.87040344E+2,
556.3500,8.06632629E+2,
556.500,7.49795654E+2,
556.6500,6.89512634E+2,
556.800,7.71453247E+2,
556.9500,7.11046326E+2,
557.100,7.69980286E+2,
557.2500,7.65923828E+2,
557.400,7.76825684E+2,
557.5500,7.54441406E+2,
557.700,7.95363403E+2,
557.8500,8.33040527E+2,
558.00,8.47405579E+2,
558.1500,8.01586853E+2,
558.300,8.59533081E+2,
558.4500,7.93479858E+2,
558.600,8.39794128E+2,
558.7500,8.18953430E+2,
558.900,8.14895630E+2,
559.0500,8.71520325E+2,
559.200,8.54040039E+2,
559.3500,8.93969299E+2,
559.500,8.49394104E+2,
559.6500,7.69128540E+2,
559.800,8.68458374E+2,
559.9500,7.62536804E+2,
560.100,7.24367249E+2,
560.2500,6.91209412E+2,
560.400,7.02286377E+2,
560.5500,7.35573608E+2,
560.700,6.81793884E+2,
560.8500,6.55252686E+2,
561.00,6.49199829E+2,
561.1500,6.37976563E+2,
561.300,6.16421021E+2,
561.4500,5.96531067E+2,
561.600,6.35110046E+2,
561.7500,6.42761475E+2,
561.900,5.91769531E+2,
562.0500,6.06294128E+2,
562.200,5.41303955E+2,
562.3500,6.11210388E+2,
562.500,5.89404602E+2,
562.6500,5.43245850E+2,
562.800,5.59530823E+2,
562.9500,5.23660950E+2,
563.100,5.06890961E+2,
563.2500,5.54622986E+2,
563.400,5.18651184E+2,
563.5500,5.19304443E+2,
563.700,4.83193115E+2,
563.8500,5.24115967E+2,
564.00,5.23017944E+2,
564.1500,4.65725342E+2,
564.300,5.33222961E+2,
564.4500,4.54639984E+2,
564.600,4.74657410E+2,
564.7500,5.05328308E+2,
564.900,4.88309509E+2,
565.0500,4.69466888E+2,
565.200,4.36373474E+2,
565.3500,4.58253448E+2,
565.500,4.46397675E+2,
565.6500,4.84371124E+2,
565.800,5.06392639E+2,
565.9500,4.64196075E+2,
566.100,4.71914642E+2,
566.2500,5.01112549E+2,
566.400,4.37203583E+2,
566.5500,4.86159271E+2,
566.700,4.34649597E+2,
566.8500,4.71127563E+2,
567.00,5.22093079E+2,
567.1500,5.02880981E+2,
567.300,4.67380432E+2,
567.4500,4.98642090E+2,
567.600,4.79328766E+2,
567.7500,4.99808868E+2,
567.900,4.42375214E+2,
568.0500,4.97357239E+2,
568.200,5.12516174E+2,
568.3500,4.71299957E+2,
568.500,4.75528656E+2,
568.6500,4.46930328E+2,
568.800,5.11408539E+2,
568.9500,4.97410034E+2,
569.100,4.52263641E+2,
569.2500,5.24344666E+2,
569.400,4.79122253E+2,
569.5500,5.22008850E+2,
569.700,4.61940765E+2,
569.8500,4.45943207E+2,
570.00,5.71974915E+2,
570.1500,5.57891296E+2,
570.300,5.51169189E+2,
570.4500,5.16652161E+2,
570.600,5.96999573E+2,
570.7500,5.40175049E+2,
570.900,5.25957275E+2,
571.0500,5.15414612E+2,
571.200,5.25317566E+2,
571.3500,5.72539856E+2,
571.500,6.16134094E+2,
571.6500,5.36458618E+2,
571.800,5.44551636E+2,
571.9500,5.28306885E+2,
572.100,5.53303345E+2,
572.2500,5.25787415E+2,
572.400,5.71525330E+2,
572.5500,5.55255005E+2,
572.700,5.29522827E+2,
572.8500,5.26367493E+2,
573.00,5.47758301E+2,
573.1500,6.16514954E+2,
573.300,5.92657898E+2,
573.4500,5.95281738E+2,
573.600,6.20686829E+2,
573.7500,6.21446533E+2,
573.900,5.82247681E+2,
574.0500,6.34396301E+2,
574.200,5.76043640E+2,
574.3500,6.60777466E+2,
574.500,6.50112000E+2,
574.6500,6.01129639E+2,
574.800,6.70863708E+2,
574.9500,6.10268066E+2,
575.100,6.97475403E+2,
575.2500,7.36801575E+2,
575.400,6.68359009E+2,
575.5500,6.94240784E+2,
575.700,6.85429382E+2,
575.8500,6.12800232E+2,
576.00,7.45152710E+2,
576.1500,6.39489441E+2,
576.300,6.75199585E+2,
576.4500,7.98413025E+2,
576.600,7.54656067E+2,
576.7500,7.32211060E+2,
576.900,7.60401855E+2,
577.0500,7.32040833E+2,
577.200,7.52459229E+2,
577.3500,9.02069763E+2,
577.500,8.65920227E+2,
577.6500,8.68910156E+2,
577.800,9.24924316E+2,
577.9500,7.78563599E+2,
578.100,8.30636230E+2,
578.2500,8.47343323E+2,
578.400,8.32520630E+2,
578.5500,9.10487183E+2,
578.700,8.66037781E+2,
578.8500,8.61074158E+2,
579.00,9.21493530E+2,
579.1500,9.22531616E+2,
579.300,9.01720581E+2,
579.4500,9.04720886E+2,
579.600,1.01322772E+3,
579.7500,9.76496948E+2,
579.900,9.13744324E+2,
580.0500,9.58714844E+2,
580.200,9.95811829E+2,
580.3500,9.94953735E+2,
580.500,1.05822571E+3,
580.6500,9.95229248E+2,
580.800,9.66234192E+2,
580.9500,1.03169189E+3,
581.100,9.88602478E+2,
581.2500,9.99851868E+2,
581.400,9.60669250E+2,
581.5500,1.05070776E+3,
581.700,1.04992212E+3,
581.8500,1.12406787E+3,
582.00,1.04022266E+3,
582.1500,1.18765283E+3,
582.300,1.07322546E+3,
582.4500,1.07655371E+3,
582.600,1.16138574E+3,
582.7500,1.21785925E+3,
582.900,1.12536829E+3,
583.0500,1.21874109E+3,
583.200,1.13423462E+3,
583.3500,1.16840833E+3,
583.500,1.18213867E+3,
583.6500,1.20411755E+3,
583.800,1.23231616E+3,
583.9500,1.21938428E+3,
584.100,1.21880151E+3,
584.2500,1.23886853E+3,
584.400,1.17628845E+3,
584.5500,1.22118054E+3,
584.700,1.21022620E+3,
584.8500,1.30505493E+3,
585.00,1.33986780E+3,
585.1500,1.30819019E+3,
585.300,1.44301257E+3,
585.4500,1.20498328E+3,
585.600,1.31494836E+3,
585.7500,1.46696497E+3,
585.900,1.39338306E+3,
586.0500,1.48508301E+3,
586.200,1.32532043E+3,
586.3500,1.38142676E+3,
586.500,1.34307556E+3,
586.6500,1.40563586E+3,
586.800,1.43884058E+3,
586.9500,1.48055371E+3,
587.100,1.54135107E+3,
587.2500,1.51983984E+3,
587.400,1.44325354E+3,
587.5500,1.67792102E+3,
587.700,1.55679016E+3,
587.8500,1.56490466E+3,
588.00,1.57303394E+3,
588.1500,1.60673999E+3,
588.300,1.60216589E+3,
588.4500,1.58051453E+3,
588.600,1.63995093E+3,
588.7500,1.65034937E+3,
588.900,1.61582239E+3,
589.0500,1.67980054E+3,
589.200,1.70751941E+3,
589.3500,1.63435681E+3,
589.500,1.80828699E+3,
589.6500,1.67909143E+3,
589.800,1.67243250E+3,
589.9500,1.69596204E+3,
590.100,1.86871997E+3,
590.2500,1.86675623E+3,
590.400,1.80846899E+3,
590.5500,1.97772571E+3,
590.700,1.87164978E+3,
590.8500,2.00226624E+3,
591.00,1.99607129E+3,
591.1500,2.03569861E+3,
591.300,2.09942505E+3,
591.4500,2.02564490E+3,
591.600,2.03480859E+3,
591.7500,2.14476587E+3,
591.900,2.13873804E+3,
592.0500,2.15021338E+3,
592.200,2.14623340E+3,
592.3500,2.18626782E+3,
592.500,2.27268604E+3,
592.6500,2.20922852E+3,
592.800,2.25388208E+3,
592.9500,2.23448071E+3,
593.100,2.36344019E+3,
593.2500,2.35077783E+3,
593.400,2.22483740E+3,
593.5500,2.34534375E+3,
593.700,2.25691431E+3,
593.8500,2.46687207E+3,
594.00,2.34043188E+3,
594.1500,2.50209692E+3,
594.300,2.43600586E+3,
594.4500,2.38541479E+3,
594.600,2.44457568E+3,
594.7500,2.35342578E+3,
594.900,2.41942993E+3,
595.0500,2.45186816E+3,
595.200,2.33793677E+3,
595.3500,2.54425879E+3,
595.500,2.51828931E+3,
595.6500,2.45149561E+3,
595.800,2.63610889E+3,
595.9500,2.68048999E+3,
596.100,2.52496558E+3,
596.2500,2.49417871E+3,
596.400,2.74814160E+3,
596.5500,2.57607983E+3,
596.700,2.62746216E+3,
596.8500,2.36325659E+3,
597.00,2.81306982E+3,
597.1500,2.78003125E+3,
597.300,2.69866260E+3,
597.4500,2.68606787E+3,
597.600,2.79086475E+3,
597.7500,3.04349023E+3,
597.900,2.77731104E+3,
598.0500,2.86179443E+3,
598.200,2.87240918E+3,
598.3500,2.91316699E+3,
598.500,2.96562451E+3,
598.6500,3.14599756E+3,
598.800,2.94760718E+3,
598.9500,2.88380884E+3,
599.100,3.01816138E+3,
599.2500,3.06181030E+3,
599.400,3.00500586E+3,
599.5500,2.90354956E+3,
599.700,3.01049316E+3,
599.8500,3.02379443E+3,
600.00,3.22283008E+3,
600.1500,3.21565283E+3,
600.300,3.10235669E+3,
600.4500,3.13745728E+3,
600.600,3.03552368E+3,
600.7500,3.25526782E+3,
600.900,3.11525854E+3,
601.0500,3.24325903E+3,
601.200,3.09845264E+3,
601.3500,3.21754077E+3,
601.500,3.36560913E+3,
601.6500,3.38750684E+3,
601.800,3.35920923E+3,
601.9500,3.16786865E+3,
602.100,3.14636230E+3,
602.2500,3.40603345E+3,
602.400,3.52927344E+3,
602.5500,3.43587402E+3,
602.700,3.57641748E+3,
602.8500,3.31830908E+3,
603.00,3.44938843E+3,
603.1500,3.39880005E+3,
603.300,3.70519727E+3,
603.4500,3.53314990E+3,
603.600,3.61400879E+3,
603.7500,3.54622363E+3,
603.900,3.94263501E+3,
604.0500,3.68658350E+3,
604.200,3.86607666E+3,
604.3500,3.94542139E+3,
604.500,3.74714453E+3,
604.6500,3.86591748E+3,
604.800,3.85925586E+3,
604.9500,4.06247876E+3,
605.100,4.13275537E+3,
605.2500,4.05214722E+3,
605.400,4.30119678E+3,
605.5500,4.19324023E+3,
605.700,4.12475928E+3,
605.8500,4.24042578E+3,
606.00,4.23665137E+3,
606.1500,4.09319556E+3,
606.300,4.09193359E+3,
606.4500,4.42903809E+3,
606.600,4.45335742E+3,
606.7500,4.28162891E+3,
606.900,4.45684521E+3,
607.0500,4.52165869E+3,
607.200,4.55139307E+3,
607.3500,4.65202930E+3,
607.500,4.83403125E+3,
607.6500,4.63849609E+3,
607.800,4.80575195E+3,
607.9500,4.77752197E+3,
608.100,4.95054199E+3,
608.2500,4.82789893E+3,
608.400,5.29041602E+3,
608.5500,4.90922461E+3,
608.700,5.08854639E+3,
608.8500,5.07317090E+3,
609.00,5.14262500E+3,
609.1500,4.87241309E+3,
609.300,5.24391406E+3,
609.4500,5.13064014E+3,
609.600,5.25256396E+3,
609.7500,5.19594434E+3,
609.900,5.18327734E+3,
610.0500,5.27468066E+3,
610.200,5.18420850E+3,
610.3500,5.07254346E+3,
610.500,5.26105371E+3,
610.6500,5.27738477E+3,
610.800,5.29898193E+3,
610.9500,5.31538232E+3,
611.100,5.36070801E+3,
611.2500,5.42458154E+3,
611.400,5.02157813E+3,
611.5500,5.24893359E+3,
611.700,5.37111084E+3,
611.8500,5.44327539E+3,
612.00,5.26336816E+3,
612.1500,5.34340820E+3,
612.300,5.13064404E+3,
612.4500,5.14665283E+3,
612.600,5.06381738E+3,
612.7500,5.12790332E+3,
612.900,5.00453516E+3,
613.0500,5.03116748E+3,
613.200,5.04456396E+3,
613.3500,4.94216699E+3,
613.500,4.89337646E+3,
613.6500,4.70121631E+3,
613.800,5.16059814E+3,
613.9500,5.01157959E+3,
614.100,4.82431934E+3,
614.2500,4.93296191E+3,
614.400,5.11277197E+3,
614.5500,4.93027051E+3,
614.700,5.02044434E+3,
614.8500,4.85356982E+3,
615.00,4.88354639E+3,
615.1500,4.97423730E+3,
615.300,4.92488916E+3,
615.4500,4.93048096E+3,
615.600,4.80907617E+3,
615.7500,4.91123193E+3,
615.900,4.79211523E+3,
616.0500,4.71975391E+3,
616.200,4.86117773E+3,
616.3500,4.93623877E+3,
616.500,4.57647656E+3,
616.6500,4.62333691E+3,
616.800,4.75987598E+3,
616.9500,4.68943945E+3,
617.100,4.63010400E+3,
617.2500,4.59311182E+3,
617.400,4.40946240E+3,
617.5500,4.46788037E+3,
617.700,4.43035938E+3,
617.8500,4.57677734E+3,
618.00,4.48820654E+3,
618.1500,4.30866162E+3,
618.300,4.42455664E+3,
618.4500,4.52088818E+3,
618.600,4.35466016E+3,
618.7500,4.31663232E+3,
618.900,4.32146680E+3,
619.0500,4.23443164E+3,
619.200,4.14432031E+3,
619.3500,4.29316846E+3,
619.500,4.14213428E+3,
619.6500,4.23650635E+3,
619.800,4.08477734E+3,
619.9500,4.23743945E+3,
620.100,3.83200293E+3,
620.2500,4.07219849E+3,
620.400,4.03583008E+3,
620.5500,3.90861084E+3,
620.700,4.01832227E+3,
620.8500,4.14309424E+3,
621.00,4.02708960E+3,
621.1500,3.89875488E+3,
621.300,3.78469727E+3,
621.4500,3.96005200E+3,
621.600,3.83973950E+3,
621.7500,3.77834009E+3,
621.900,3.67508032E+3,
622.0500,3.70842480E+3,
622.200,3.51206714E+3,
622.3500,3.75739600E+3,
622.500,3.60830762E+3,
622.6500,3.45568140E+3,
622.800,3.45875757E+3,
622.9500,3.52505103E+3,
623.100,3.36845190E+3,
623.2500,3.57382227E+3,
623.400,3.42280127E+3,
623.5500,3.53195239E+3,
623.700,3.31347412E+3,
623.8500,3.45625952E+3,
624.00,3.20026514E+3,
624.1500,3.40762231E+3,
624.300,3.28534668E+3,
624.4500,3.31890674E+3,
624.600,3.24511890E+3,
624.7500,3.12491260E+3,
624.900,3.22919189E+3,
625.0500,3.07768018E+3,
625.200,3.27210229E+3,
625.3500,2.93739063E+3,
625.500,3.16329077E+3,
625.6500,3.04169312E+3,
625.800,3.15643335E+3,
625.9500,2.75650439E+3,
626.100,2.98376294E+3,
626.2500,2.91420679E+3,
626.400,3.12065112E+3,
626.5500,3.04791650E+3,
626.700,2.94653442E+3,
626.8500,2.80370825E+3,
627.00,2.84696387E+3,
627.1500,3.00763599E+3,
627.300,3.01013501E+3,
627.4500,2.72632324E+3,
627.600,2.80795776E+3,
627.7500,2.96333228E+3,
627.900,2.91452979E+3,
628.0500,2.70848511E+3,
628.200,2.82925000E+3,
628.3500,2.93758936E+3,
628.500,2.79488550E+3,
628.6500,2.78727783E+3,
628.800,2.81845557E+3,
628.9500,2.71357813E+3,
629.100,2.70253345E+3,
629.2500,2.52547974E+3,
629.400,2.62489844E+3,
629.5500,2.69854736E+3,
629.700,2.72664600E+3,
629.8500,2.51542944E+3,
630.00,2.66812109E+3,
630.1500,2.52186450E+3,
630.300,2.59273486E+3,
630.4500,2.48540015E+3,
630.600,2.43061865E+3,
630.7500,2.66095166E+3,
630.900,2.54976343E+3,
631.0500,2.52476123E+3,
631.200,2.56646631E+3,
631.3500,2.44112256E+3,
631.500,2.41579053E+3,
631.6500,2.56828174E+3,
631.800,2.60362524E+3,
631.9500,2.63236011E+3,
632.100,2.57002808E+3,
632.2500,2.49390991E+3,
632.400,2.51580762E+3,
632.5500,2.25240381E+3,
632.700,2.54620850E+3,
632.8500,2.51032080E+3,
633.00,2.52895923E+3,
633.1500,2.49624951E+3,
633.300,2.37419238E+3,
633.4500,2.32383984E+3,
633.600,2.47993970E+3,
633.7500,2.40541626E+3,
633.900,2.26143530E+3,
634.0500,2.39058911E+3,
634.200,2.30503101E+3,
634.3500,2.34781934E+3,
634.500,2.18166064E+3,
634.6500,2.37450903E+3,
634.800,2.35817432E+3,
634.9500,2.36630786E+3,
635.100,2.46588330E+3,
635.2500,2.39694873E+3,
635.400,2.31714600E+3,
635.5500,2.33595776E+3,
635.700,2.40087280E+3,
635.8500,2.31346265E+3,
636.00,2.16524609E+3,
636.1500,2.27305396E+3,
636.300,2.42770703E+3,
636.4500,2.45777954E+3,
636.600,2.23701538E+3,
636.7500,2.11591284E+3,
636.900,2.16349194E+3,
637.0500,2.17876685E+3,
637.200,2.13260620E+3,
637.3500,2.12246484E+3,
637.500,2.13041943E+3,
637.6500,2.06566333E+3,
637.800,2.10266675E+3,
637.9500,2.04122217E+3,
638.100,2.09287280E+3,
638.2500,2.12635254E+3,
638.400,2.05710229E+3,
638.5500,2.20104419E+3,
638.700,2.16484009E+3,
638.8500,1.93632690E+3,
639.00,1.99199866E+3,
639.1500,1.98493652E+3,
639.300,1.93322046E+3,
639.4500,1.91854102E+3,
639.600,2.03071045E+3,
639.7500,1.79171790E+3,
639.900,1.93405615E+3,
640.0500,1.99815039E+3,
640.200,1.93088818E+3,
640.3500,1.89350415E+3,
640.500,1.77657300E+3,
640.6500,1.78035266E+3,
640.800,1.94357056E+3,
640.9500,1.91346790E+3,
641.100,1.65449194E+3,
641.2500,1.72677148E+3,
641.400,1.69598462E+3,
641.5500,1.96814209E+3,
641.700,1.87620618E+3,
641.8500,1.89560107E+3,
642.00,1.67182483E+3,
642.1500,1.83397766E+3,
642.300,1.65560071E+3,
642.4500,1.52309326E+3,
642.600,1.68204016E+3,
642.7500,1.65826416E+3,
642.900,1.52099146E+3,
643.0500,1.57511707E+3,
643.200,1.84932849E+3,
643.3500,1.60924622E+3,
643.500,1.65597668E+3,
643.6500,1.46978564E+3,
643.800,1.54807910E+3,
643.9500,1.49179846E+3,
644.100,1.59033167E+3,
644.2500,1.45022144E+3,
644.400,1.49716565E+3,
644.5500,1.44427722E+3,
644.700,1.31499048E+3,
644.8500,1.39406567E+3,
645.00,1.46138721E+3,
645.1500,1.27490991E+3,
645.300,1.35042932E+3,
645.4500,1.31686865E+3,
645.600,1.56333899E+3,
645.7500,1.33474890E+3,
645.900,1.30499670E+3,
646.0500,1.42634485E+3,
646.200,1.27793250E+3,
646.3500,1.38747070E+3,
646.500,1.37406543E+3,
646.6500,1.40182617E+3,
646.800,1.25615259E+3,
646.9500,1.29204517E+3,
647.100,1.42351489E+3,
647.2500,1.45987341E+3,
647.400,1.22961926E+3,
647.5500,1.43279016E+3,
647.700,1.24751379E+3,
647.8500,1.27958496E+3,
648.00,1.29917615E+3,
648.1500,1.29351465E+3,
648.300,1.22026294E+3,
648.4500,1.19747192E+3,
648.600,1.09825110E+3,
648.7500,1.20257251E+3,
648.900,1.29455859E+3,
649.0500,1.21196985E+3,
649.200,1.16325269E+3,
649.3500,1.12717749E+3,
649.500,1.28851404E+3,
649.6500,1.11911060E+3,
649.800,1.13013928E+3,
649.9500,1.15418042E+3,
650.100,1.22603918E+3,
650.2500,1.20706396E+3,
650.400,1.11402124E+3,
650.5500,1.18192566E+3,
650.700,1.12336865E+3,
650.8500,1.21787280E+3,
651.00,1.11082495E+3,
651.1500,1.14415784E+3,
651.300,1.18645593E+3,
651.4500,1.13168872E+3,
651.600,1.10324976E+3,
651.7500,1.12796545E+3,
651.900,1.05041821E+3,
652.0500,1.11971399E+3,
652.200,1.09093311E+3,
652.3500,1.07994128E+3,
652.500,9.92544983E+2,
652.6500,1.01728308E+3,
652.800,1.05565979E+3,
652.9500,1.28863110E+3,
653.100,1.11932104E+3,
653.2500,1.12183252E+3,
653.400,1.16987097E+3,
653.5500,1.06756409E+3,
653.700,1.07910620E+3,
653.8500,1.01278754E+3,
654.00,9.73724121E+2,
654.1500,9.80551392E+2,
654.300,9.45877319E+2,
654.4500,1.08215100E+3,
654.600,1.08925818E+3,
654.7500,8.96625977E+2,
654.900,8.42799438E+2,
655.0500,1.07341321E+3,
655.200,9.54263428E+2,
655.3500,9.00198364E+2,
655.500,9.25768372E+2,
655.6500,8.52539246E+2,
655.800,9.77249023E+2,
655.9500,9.46378906E+2,
656.100,9.24842651E+2,
656.2500,8.79432739E+2,
656.400,8.86220947E+2,
656.5500,9.69443848E+2,
656.700,9.14236511E+2,
656.8500,8.63567200E+2,
657.00,9.08832947E+2,
657.1500,1.02662634E+3,
657.300,8.21280701E+2,
657.4500,8.66775574E+2,
657.600,8.63941772E+2,
657.7500,7.68657166E+2,
657.900,8.58222717E+2,
658.0500,7.86915588E+2,
658.200,7.78973633E+2,
658.3500,7.31703491E+2,
658.500,7.03895996E+2,
658.6500,8.63445129E+2,
658.800,8.85265259E+2,
658.9500,6.34534424E+2,
659.100,9.88826965E+2,
659.2500,7.72004639E+2,
659.400,7.83807373E+2,
659.5500,7.40614868E+2,
659.700,8.72774597E+2,
659.8500,9.25108765E+2,
660.00,7.10585571E+2,
660.1500,7.17332581E+2,
660.300,7.49425415E+2,
660.4500,7.86745239E+2,
660.600,5.95283447E+2,
660.7500,7.75206604E+2,
660.900,6.59477844E+2,
661.0500,6.91812927E+2,
661.200,6.21587830E+2,
661.3500,6.07660950E+2,
661.500,8.05316345E+2,
661.6500,6.15817871E+2,
661.800,6.58828003E+2,
661.9500,6.24041992E+2,
662.100,7.35057434E+2,
662.2500,6.95066589E+2,
662.400,6.44396729E+2,
662.5500,6.19731201E+2,
662.700,6.68650879E+2,
662.8500,5.48912842E+2,
663.00,6.56094910E+2,
663.1500,5.19793762E+2,
663.300,6.48670898E+2,
663.4500,6.39597412E+2,
663.600,6.19789673E+2,
663.7500,5.73101257E+2,
663.900,6.87257690E+2,
664.0500,6.29721252E+2,
664.200,5.44904602E+2,
664.3500,5.84062317E+2,
664.500,5.80037476E+2,
664.6500,5.97726501E+2,
664.800,5.82814880E+2,
664.9500,5.29610901E+2,
665.100,5.63708679E+2,
665.2500,6.14419495E+2,
665.400,5.55390808E+2,
665.5500,6.33876953E+2,
665.700,5.13831909E+2,
665.8500,4.76285675E+2,
666.00,4.77418060E+2,
666.1500,5.50898254E+2,
666.300,4.46232819E+2,
666.4500,4.97620331E+2,
666.600,4.53972595E+2,
666.7500,4.32585663E+2,
666.900,5.91300598E+2,
667.0500,5.02400085E+2,
667.200,4.47028809E+2,
667.3500,4.76471008E+2,
667.500,4.71937286E+2,
667.6500,3.24885956E+2,
667.800,4.91364868E+2,
667.9500,5.15464722E+2,
668.100,3.55979675E+2,
668.2500,4.83507904E+2,
668.400,5.19348083E+2,
668.5500,4.04953735E+2,
668.700,5.04567780E+2,
668.8500,4.59325226E+2,
669.00,4.37167480E+2,
669.1500,4.49999298E+2,
669.300,4.92192230E+2,
669.4500,3.52486633E+2,
669.600,4.59432892E+2,
669.7500,4.60637115E+2,
669.900,3.84871368E+2,
670.0500,4.45242584E+2,
670.200,5.47581787E+2,
670.3500,3.34175934E+2,
670.500,4.90599976E+2,
670.6500,3.23917999E+2,
670.800,4.75111847E+2,
670.9500,4.34140442E+2,
671.100,3.62692963E+2,
671.2500,4.06007324E+2,
671.400,5.40656067E+2,
671.5500,4.75004089E+2,
671.700,4.27340271E+2,
671.8500,3.79437744E+2,
672.00,4.60133331E+2,
672.1500,4.30484314E+2,
672.300,4.62335144E+2,
672.4500,3.27498322E+2,
672.600,4.08803650E+2,
672.7500,4.84287598E+2,
672.900,3.73421082E+2,
673.0500,3.49366699E+2,
673.200,3.62730072E+2,
673.3500,4.32580505E+2,
673.500,3.39370636E+2,
673.6500,4.03203278E+2,
673.800,4.42084503E+2,
673.9500,5.00148315E+2,
674.100,3.49079529E+2,
674.2500,3.94508667E+2,
674.400,3.95513000E+2,
674.5500,4.09310608E+2,
674.700,4.36000793E+2,
674.8500,3.59974701E+2,
675.00,3.80226288E+2,
675.1500,3.48906097E+2,
675.300,3.49810669E+2,
675.4500,3.96182281E+2,
675.600,3.90699371E+2,
675.7500,3.72128784E+2,
675.900,4.38552124E+2,
676.0500,3.74071106E+2,
676.200,4.14537994E+2,
676.3500,3.23269409E+2,
676.500,4.10115082E+2,
676.6500,3.71405914E+2,
676.800,4.05636627E+2,
676.9500,3.86708282E+2,
677.100,4.21158569E+2,
677.2500,4.35681702E+2,
677.400,3.36029999E+2,
677.5500,3.03230194E+2,
677.700,2.97280334E+2,
677.8500,3.31942963E+2,
678.00,5.09428711E+2,
678.1500,2.99643250E+2,
678.300,3.14079193E+2,
678.4500,4.72347382E+2,
678.600,3.43173523E+2,
678.7500,3.44069183E+2,
678.900,3.79464935E+2,
679.0500,2.97442047E+2,
679.200,3.74488220E+2,
679.3500,2.92014435E+2,
679.500,4.32173340E+2,
679.6500,5.31119446E+2,
679.800,3.43310272E+2,
679.9500,3.65264862E+2,
680.100,3.74525543E+2,
680.2500,2.83442200E+2,
680.400,4.68974091E+2,
680.5500,3.77642670E+2,
680.700,4.14414917E+2,
680.8500,2.86595947E+2,
681.00,3.08945709E+2,
681.1500,3.60223419E+2,
681.300,3.61210236E+2,
681.4500,4.27397522E+2,
681.600,3.19612000E+2,
681.7500,4.22464050E+2,
681.900,4.09018005E+2,
682.0500,4.10136139E+2,
682.200,4.11245453E+2,
682.3500,3.60813354E+2,
682.500,5.38993835E+2,
682.6500,3.84981567E+2,
682.800,3.93448639E+2,
682.9500,4.31735321E+2,
683.100,4.55290131E+2,
683.2500,5.38835205E+2,
683.400,4.72748779E+2,
683.5500,4.36399384E+2,
683.700,4.14941437E+2,
683.8500,4.38753510E+2,
684.00,4.39936371E+2,
684.1500,4.41125305E+2,
684.300,4.57569702E+2,
684.4500,4.35867676E+2,
684.600,4.90720276E+2,
684.7500,4.53608398E+2,
684.900,4.77966217E+2,
685.0500,4.32881470E+2,
685.200,4.26303680E+2,
685.3500,3.26423645E+2,
685.500,4.67584656E+2,
685.6500,3.67269531E+2,
685.800,4.62292786E+2,
685.9500,5.34261536E+2,
686.100,3.46636322E+2,
686.2500,3.87072968E+2,
686.400,4.91094727E+2,
686.5500,6.11562561E+2,
686.700,3.66341827E+2,
686.8500,6.06905640E+2,
687.00,4.80439453E+2,
687.1500,5.45993347E+2,
687.300,5.23338684E+2,
687.4500,4.11749023E+2,
687.600,5.82892212E+2,
687.7500,5.76379395E+2,
687.900,5.20985779E+2,
688.0500,4.89770172E+2,
688.200,4.17452728E+2,
688.3500,5.17099670E+2,
688.500,5.59680420E+2,
688.6500,6.19001099E+2,
688.800,6.86921692E+2,
688.9500,6.47328369E+2,
689.100,4.57696869E+2,
689.2500,5.67416809E+2,
689.400,5.52225647E+2,
689.5500,4.94998596E+2,
689.700,4.87934082E+2,
689.8500,4.72392334E+2,
690.00,4.31387512E+2,
690.1500,5.08884155E+2,
690.300,4.84744354E+2,
690.4500,4.94581543E+2,
690.600,5.55770874E+2,
690.7500,6.94449646E+2,
690.900,5.07203796E+2,
691.0500,5.25820618E+2,
691.200,4.75395386E+2,
691.3500,3.64021057E+2,
691.500,5.64906311E+2,
691.6500,4.53162231E+2,
691.800,5.68003540E+2,
691.9500,4.29361328E+2,
692.100,3.51462372E+2,
692.2500,4.31726837E+2,
692.400,2.47381149E+2,
692.5500,4.96126190E+2,
692.700,5.41915344E+2,
692.8500,4.63236725E+2,
693.00,5.09182587E+2,
693.1500,4.56831451E+2,
693.300,4.22153870E+2,
693.4500,6.30463440E+2,
693.600,3.70284271E+2,
693.7500,4.43749512E+2,
693.900,4.26807098E+2,
694.0500,5.19040344E+2,
694.200,4.65684753E+2,
694.3500,4.21187805E+2,
694.500,4.31531921E+2,
694.6500,4.05103851E+2,
694.800,4.80082184E+2,
694.9500,5.64732422E+2,
695.100,4.73476654E+2,
695.2500,5.67913269E+2,
695.400,5.04163391E+2,
695.5500,5.24313599E+2,
695.700,4.41294495E+2,
695.8500,5.55534363E+2,
696.00,4.06028656E+2,
696.1500,3.50358734E+2,
696.300,4.74793030E+2,
696.4500,6.28497375E+2,
696.600,4.10632904E+2,
696.7500,4.50101105E+2,
696.900,4.60979950E+2,
697.0500,4.71905273E+2,
697.200,5.50468262E+2,
697.3500,4.64834045E+2,
697.500,4.75831299E+2,
697.6500,8.17971069E+2,
697.800,4.98001495E+2,
697.9500,4.70008270E+2,
698.100,4.32038025E+2,
698.2500,5.61242493E+2,
698.400,5.62805786E+2,
698.5500,7.22794128E+2,
698.700,6.45379333E+2,
698.8500,5.27701355E+2,
699.00,6.19035889E+2,
699.1500,3.50445892E+2,
699.300,6.12507996E+2,
699.4500,6.04177246E+2,
699.600,4.94812805E+2,
699.7500,6.07615784E+2,
699.900,5.89033997E+2,
700.0500,5.39776489E+2,
700.200,7.14901123E+2,
700.3500,5.01827423E+2,
700.500,4.21069397E+2,
700.6500,5.14935669E+2,
700.800,4.64738342E+2,
700.9500,6.93882751E+2,
701.100,5.81546265E+2,
701.2500,4.99813232E+2,
701.400,6.78659058E+2,
701.5500,6.38616028E+2,
701.700,5.45867249E+2,
701.8500,5.47344971E+2,
702.00,6.01599792E+2,
702.1500,6.77309631E+2,
702.300,3.92629944E+2,
702.4500,4.89458435E+2,
702.600,5.33463684E+2,
702.7500,5.56308838E+2,
702.900,3.21820068E+2,
703.0500,4.51790710E+2,
703.200,4.74649353E+2,
703.3500,6.16634644E+2,
703.500,6.07540222E+2,
703.6500,5.87511719E+2,
703.800,6.43740234E+2,
703.9500,4.15796021E+2,
704.100,4.49935516E+2,
704.2500,6.16369202E+2,
704.400,5.07807678E+2,
704.5500,7.52903076E+2,
704.700,5.10833435E+2,
704.8500,6.68289795E+2,
705.00,6.47940552E+2,
705.1500,5.93842529E+2,
705.300,4.49514771E+2,
705.4500,5.63566345E+2,
705.600,5.53940430E+2,
705.7500,6.46301575E+2,
705.900,5.45879639E+2,
706.0500,6.38748657E+2,
706.200,6.86377747E+2,
706.3500,5.73657410E+2,
706.500,5.40819702E+2,
706.6500,8.42464111E+2,
706.800,6.13449219E+2,
706.9500,5.33995056E+2,
707.100,6.05417358E+2,
707.2500,6.65575195E+2,
707.400,5.26996155E+2,
707.5500,7.04724060E+2,
707.700,5.30097473E+2,
707.8500,6.73432800E+2,
708.00,5.33223816E+2,
708.1500,7.01135010E+2,
708.300,5.95898804E+2,
708.4500,6.57386047E+2,
708.600,6.59289856E+2,
708.7500,5.89070190E+2,
708.900,7.59574890E+2,
709.0500,4.83648407E+2,
709.200,6.30486206E+2,
709.3500,4.98493164E+2,
709.500,6.58374817E+2,
709.6500,5.86849121E+2,
709.800,6.74301208E+2,
709.9500,6.02414246E+2,
710.100,5.54754028E+2,
710.2500,5.93347412E+2,
710.400,8.05679504E+2,
710.5500,4.59866882E+2,
710.700,6.48062927E+2,
710.8500,6.12341675E+2,
711.00,7.64385681E+2,
711.1500,8.54475525E+2,
711.300,6.04839478E+2,
711.4500,5.68619507E+2,
711.600,5.44864685E+2,
711.7500,5.97214172E+2,
711.900,7.51792542E+2,
712.0500,5.62235962E+2,
712.200,8.45754333E+2,
712.3500,7.58206116E+2,
712.500,5.41278564E+2,
712.6500,5.55748169E+2,
712.800,7.51754211E+2,
712.9500,5.45930908E+2,
713.100,5.08362854E+2,
713.2500,4.70569214E+2,
713.400,6.68505005E+2,
713.5500,5.52074036E+2,
713.700,6.85436401E+2,
713.8500,6.08048279E+2,
714.00,6.76033386E+2,
714.1500,7.84242004E+2,
714.300,4.66515991E+2,
714.4500,4.94541382E+2,
714.600,6.96959229E+2,
714.7500,7.52655579E+2,
714.900,5.79538940E+2,
715.0500,6.75775940E+2,
715.200,4.33739166E+2,
715.3500,6.11699219E+2,
715.500,5.86194763E+2,
715.6500,6.42571045E+2,
715.800,5.07312164E+2,
715.9500,5.63780334E+2,
716.100,4.96473328E+2,
716.2500,6.08585815E+2,
716.400,4.99400879E+2,
716.5500,6.53917114E+2,
716.700,5.30260315E+2,
716.8500,4.47854523E+2,
717.00,4.63216400E+2,
717.1500,4.50486755E+2,
717.300,4.37679382E+2,
717.4500,4.67275726E+2,
717.600,7.52663513E+2,
717.7500,4.41523590E+2,
717.900,4.42815582E+2,
718.0500,4.58428375E+2,
718.200,5.60313049E+2,
718.3500,4.32247620E+2,
718.500,5.05738556E+2,
718.6500,5.07194641E+2,
718.800,6.83051147E+2,
718.9500,4.80972870E+2,
719.100,3.94648651E+2,
719.2500,4.54406219E+2,
719.400,3.38102051E+2,
719.5500,5.15971619E+2,
719.700,5.17447083E+2,
719.8500,4.15142151E+2,
720.00,2.97379456E+2,
720.1500,4.32425873E+2,
720.300,5.23377197E+2,
720.4500,6.14845459E+2,
720.600,4.51169159E+2,
720.7500,5.73111572E+2,
720.900,4.23499451E+2,
721.0500,4.70205170E+2,
721.200,4.86733582E+2,
721.3500,5.18604919E+2,
721.500,4.89469177E+2,
721.6500,5.67540039E+2,
721.800,4.61461670E+2,
721.9500,3.70209473E+2,
722.100,4.64043640E+2,
722.2500,4.49808197E+2,
722.400,3.73279419E+2,
722.5500,4.67883392E+2,
722.700,5.47368958E+2,
722.8500,3.29327393E+2,
723.00,5.03218018E+2,
723.1500,3.78469543E+2,
723.300,4.42783478E+2,
723.4500,4.91599091E+2,
723.600,5.56588379E+2,
723.7500,3.34890961E+2,
723.900,3.35832855E+2,
724.0500,6.57536194E+2,
724.200,1.93007843E+2,
724.3500,5.16181641E+2,
724.500,4.69149048E+2,
724.6500,3.89391388E+2,
724.800,2.60350128E+2,
724.9500,5.54858032E+2,
725.100,4.74630554E+2,
725.2500,5.41654236E+2,
725.400,2.63378662E+2,
725.5500,3.96209320E+2,
725.700,4.47025604E+2,
725.8500,4.15111542E+2,
726.00,5.99494141E+2,
726.1500,5.34375427E+2,
726.300,5.86109741E+2,
726.4500,3.69445374E+2,
726.600,5.05203461E+2,
726.7500,3.37748840E+2,
726.900,4.57244110E+2,
727.0500,4.58520508E+2,
727.200,5.10867859E+2,
727.3500,2.90288147E+2,
727.500,5.13683899E+2,
727.6500,4.29250366E+2,
727.800,6.37042847E+2,
727.9500,3.28034088E+2,
728.100,3.63558044E+2,
728.2500,3.99270874E+2,
728.400,2.26292465E+2,
728.5500,3.49095154E+2,
728.700,6.47597168E+2,
728.8500,3.51013123E+2,
729.00,5.10367035E+2,
729.1500,4.58850647E+2,
729.300,5.13227051E+2,
729.4500,3.19447876E+2,
729.600,3.73734833E+2,
729.7500,4.46171997E+2,
729.900,3.57941650E+2,
730.0500,4.48691589E+2,
730.200,3.59978912E+2,
730.3500,3.24907318E+2,
730.500,3.62041595E+2,
730.6500,5.26465393E+2,
730.800,3.45914795E+2,
730.9500,4.56459015E+2,
731.100,3.66196899E+2,
731.2500,4.59025421E+2,
731.400,6.07609497E+2,
731.5500,2.95423401E+2,
731.700,3.14767761E+2,
731.8500,4.82760956E+2,
732.00,4.46877808E+2,
732.1500,4.48109253E+2,
732.300,5.99125977E+2,
732.4500,5.25683044E+2,
732.600,4.89483185E+2,
732.7500,5.28594055E+2,
732.900,3.21821228E+2,
733.0500,3.03735229E+2,
733.200,3.99780151E+2,
733.3500,4.96367004E+2,
733.500,4.97773804E+2,
733.6500,2.30393860E+2,
733.800,3.46572083E+2,
733.9500,2.89631744E+2,
734.100,3.09826599E+2,
734.2500,3.88399414E+2,
734.400,3.70044586E+2,
734.5500,3.51580994E+2,
734.700,5.87663940E+2,
734.8500,5.69720459E+2,
735.00,4.13752411E+2,
735.1500,2.37103638E+2,
735.300,4.55743988E+2,
735.4500,3.37816345E+2,
735.600,4.18495270E+2,
735.7500,1.99853790E+2,
735.900,4.81023926E+2,
736.0500,4.42186127E+2,
736.200,4.43405914E+2,
736.3500,4.04208923E+2,
736.500,3.64793335E+2,
736.6500,3.04835846E+2,
736.800,2.03786499E+2,
736.9500,3.47397980E+2,
737.100,2.86858337E+2,
737.2500,2.67069122E+2,
737.400,4.73751556E+2,
737.5500,2.68478088E+2,
737.700,2.27773361E+2,
737.8500,4.77511139E+2,
738.00,5.41222107E+2,
738.1500,4.38254181E+2,
738.300,3.55680756E+2,
738.4500,4.19515533E+2,
738.600,2.94410492E+2,
738.7500,5.27076172E+2,
738.900,4.86150635E+2,
739.0500,4.87403625E+2,
739.200,3.61198700E+2,
739.3500,4.26053497E+2,
739.500,3.20378540E+2,
739.6500,4.71123199E+2,
739.800,4.07948456E+2,
739.9500,6.02769958E+2,
740.100,5.61237122E+2,
740.2500,7.35954834E+2,
740.400,3.90702179E+2,
740.5500,3.70018707E+2,
740.700,6.32960571E+2,
740.8500,4.37737152E+2,
741.00,5.92588623E+2,
741.1500,3.96157135E+2,
741.300,4.19328461E+2,
741.4500,3.76233917E+2,
741.600,2.88510376E+2,
741.7500,4.45101166E+2,
741.900,3.34759155E+2,
742.0500,3.13306976E+2,
742.200,4.93677734E+2,
742.3500,3.37514038E+2,
742.500,3.15870880E+2,
742.6500,2.71484863E+2,
742.800,2.72225464E+2,
742.9500,2.27474640E+2,
743.100,4.33385590E+2,
743.2500,2.51595963E+2,
743.400,3.66963501E+2,
743.5500,2.29982712E+2,
743.700,3.22862732E+2,
743.8500,3.00627563E+2,
744.00,3.47835297E+2,
744.1500,2.55788345E+2,
744.300,2.33181534E+2,
744.4500,3.27363831E+2,
744.600,4.45518463E+2,
744.7500,4.93790131E+2,
744.900,3.06534424E+2,
745.0500,3.78319916E+2,
745.200,3.08225128E+2,
745.3500,2.61519196E+2,
745.500,1.66877029E+2,
745.6500,2.62954590E+2,
745.800,1.91764404E+2,
745.9500,5.28801819E+2,
746.100,1.92803848E+2,
746.2500,2.89964447E+2,
746.400,1.93817490E+2,
746.5500,1.94326797E+2,
746.700,1.94838379E+2,
746.8500,2.44189575E+2,
747.00,3.67250336E+2,
747.1500,2.20896072E+2,
747.300,9.84192657E+1,
747.4500,1.72661179E+2,
747.600,2.71998413E+2,
747.7500,3.47040222E+2,
747.900,2.73353088E+2,
748.0500,3.73679749E+2,
748.200,3.99578552E+2,
748.3500,2.25319641E+2,
748.500,2.76073456E+2,
748.6500,3.52238495E+2,
748.800,4.28780090E+2,
748.9500,3.03421112E+2,
749.100,2.28158615E+2,
749.2500,4.57533875E+2,
749.400,3.05837067E+2,
749.5500,2.04435974E+2,
749.700,3.07474670E+2,
749.8500,2.56915100E+2,
750.00,1.54562363E+2,
