Labels,32C_73_350K,
Type,Emission Scan,
Comment,,
Start,470.00,
Stop,750.0500,
Step,0.150,
Fixed/Offset,450.00,
Xaxis,Wavelength,
Yaxis,Counts,
Scan Corr. by File,True,
Corr. by Ref. Det.,False,
Fixed/Offset Corr. by File,False,
Repeats,1,
Dwell Time,0.20,
Lamp,Xe,
Temp,28.50,
Scan Polariser,None,
Scan Slit,0.2520,
Fixed/Offset Polariser,None,
Fixed/Offset Slit,2.9970,
Detector,Red PMT,

470.00,2.72260718E+3,
470.1500,2.73712524E+3,
470.300,2.59344751E+3,
470.4500,2.58387256E+3,
470.600,2.53708081E+3,
470.7500,2.37367871E+3,
470.900,2.28485815E+3,
471.0500,2.51577490E+3,
471.200,2.24463867E+3,
471.3500,2.43652710E+3,
471.500,2.18270020E+3,
471.6500,2.27215161E+3,
471.800,2.22516211E+3,
471.9500,2.20427393E+3,
472.100,2.23574585E+3,
472.2500,2.19318188E+3,
472.400,2.25481421E+3,
472.5500,2.23830713E+3,
472.700,2.31192383E+3,
472.8500,2.31343506E+3,
473.00,2.48409106E+3,
473.1500,2.60689526E+3,
473.300,2.87075952E+3,
473.4500,2.96748145E+3,
473.600,2.86910815E+3,
473.7500,2.57270410E+3,
473.900,2.33837793E+3,
474.0500,2.25718726E+3,
474.200,2.15114990E+3,
474.3500,2.17012256E+3,
474.500,2.17609399E+3,
474.6500,2.06206226E+3,
474.800,2.09503589E+3,
474.9500,2.06600879E+3,
475.100,2.13611035E+3,
475.2500,2.11327197E+3,
475.400,2.06442407E+3,
475.5500,2.02056958E+3,
475.700,2.04673242E+3,
475.8500,2.04988867E+3,
476.00,2.01002258E+3,
476.1500,2.08935229E+3,
476.300,2.07162646E+3,
476.4500,2.09993701E+3,
476.600,2.07820068E+3,
476.7500,2.09149902E+3,
476.900,2.13684229E+3,
477.0500,2.04405286E+3,
477.200,2.16470972E+3,
477.3500,2.12109961E+3,
477.500,2.14561499E+3,
477.6500,2.05386279E+3,
477.800,2.14253564E+3,
477.9500,2.13597754E+3,
478.100,2.19277759E+3,
478.2500,2.12727710E+3,
478.400,2.25043726E+3,
478.5500,2.17185205E+3,
478.700,2.14142480E+3,
478.8500,2.13508740E+3,
479.00,2.12371802E+3,
479.1500,2.07435107E+3,
479.300,2.09937646E+3,
479.4500,2.04592334E+3,
479.600,2.16860718E+3,
479.7500,2.16750391E+3,
479.900,2.21375391E+3,
480.0500,2.17740332E+3,
480.200,2.14308472E+3,
480.3500,2.36097070E+3,
480.500,2.30246753E+3,
480.6500,2.32772534E+3,
480.800,2.38230005E+3,
480.9500,2.43186401E+3,
481.100,2.37222925E+3,
481.2500,2.37119824E+3,
481.400,2.41064258E+3,
481.5500,2.39139282E+3,
481.700,2.34984009E+3,
481.8500,2.31230151E+3,
482.00,2.47442456E+3,
482.1500,2.28184497E+3,
482.300,2.40361572E+3,
482.4500,2.37424609E+3,
482.600,2.41288501E+3,
482.7500,2.37738672E+3,
482.900,2.28493188E+3,
483.0500,2.36025879E+3,
483.200,2.39614355E+3,
483.3500,2.27019507E+3,
483.500,2.32846582E+3,
483.6500,2.20946582E+3,
483.800,2.25551929E+3,
483.9500,2.16796802E+3,
484.100,2.20497266E+3,
484.2500,2.25024756E+3,
484.400,2.23118066E+3,
484.5500,2.09140649E+3,
484.700,2.16225977E+3,
484.8500,2.15332520E+3,
485.00,2.12183398E+3,
485.1500,2.14069556E+3,
485.300,2.18317163E+3,
485.4500,2.22467212E+3,
485.600,2.12034375E+3,
485.7500,2.15875977E+3,
485.900,2.20236328E+3,
486.0500,2.23677490E+3,
486.200,2.29702271E+3,
486.3500,2.30168384E+3,
486.500,2.31665869E+3,
486.6500,2.24597754E+3,
486.800,2.38383057E+3,
486.9500,2.52392944E+3,
487.100,2.42001611E+3,
487.2500,2.60048779E+3,
487.400,2.64034937E+3,
487.5500,3.00246118E+3,
487.700,2.92752490E+3,
487.8500,3.31926270E+3,
488.00,3.60143726E+3,
488.1500,3.85678516E+3,
488.300,4.04071045E+3,
488.4500,4.18012451E+3,
488.600,4.20110303E+3,
488.7500,4.09408813E+3,
488.900,3.97861914E+3,
489.0500,3.75166846E+3,
489.200,3.58098315E+3,
489.3500,3.45388428E+3,
489.500,3.45082837E+3,
489.6500,3.56473828E+3,
489.800,3.68087085E+3,
489.9500,3.78772607E+3,
490.100,3.97255029E+3,
490.2500,4.17983936E+3,
490.400,4.37904688E+3,
490.5500,4.75895996E+3,
490.700,5.01662061E+3,
490.8500,5.35974658E+3,
491.00,5.56249902E+3,
491.1500,5.63558496E+3,
491.300,5.63189844E+3,
491.4500,5.95175293E+3,
491.600,6.17612744E+3,
491.7500,6.37868359E+3,
491.900,6.39981543E+3,
492.0500,6.26657764E+3,
492.200,5.91086182E+3,
492.3500,5.60114014E+3,
492.500,5.34601367E+3,
492.6500,5.04695020E+3,
492.800,5.06167822E+3,
492.9500,4.95951807E+3,
493.100,4.82412842E+3,
493.2500,4.91092139E+3,
493.400,4.90409766E+3,
493.5500,4.74587256E+3,
493.700,4.76981396E+3,
493.8500,4.54074072E+3,
494.00,4.75044385E+3,
494.1500,4.54981152E+3,
494.300,4.51044336E+3,
494.4500,4.34570703E+3,
494.600,4.71441504E+3,
494.7500,4.48305859E+3,
494.900,4.60875000E+3,
495.0500,4.55208008E+3,
495.200,4.54918311E+3,
495.3500,4.71623828E+3,
495.500,4.71020020E+3,
495.6500,4.74077100E+3,
495.800,4.56326514E+3,
495.9500,4.71136084E+3,
496.100,4.50465332E+3,
496.2500,4.62199707E+3,
496.400,4.48312891E+3,
496.5500,4.44578662E+3,
496.700,4.46254932E+3,
496.8500,4.36218750E+3,
497.00,4.30288965E+3,
497.1500,4.08842407E+3,
497.300,4.33463721E+3,
497.4500,4.22209277E+3,
497.600,4.03742432E+3,
497.7500,4.11955811E+3,
497.900,4.14834473E+3,
498.0500,4.10073096E+3,
498.200,4.07494189E+3,
498.3500,4.11912646E+3,
498.500,4.00564575E+3,
498.6500,4.08709058E+3,
498.800,4.02601611E+3,
498.9500,3.91759106E+3,
499.100,3.93431079E+3,
499.2500,4.00387793E+3,
499.400,3.83568188E+3,
499.5500,3.87108472E+3,
499.700,3.59432300E+3,
499.8500,3.60745996E+3,
500.00,3.51008716E+3,
500.1500,3.49002026E+3,
500.300,3.43115210E+3,
500.4500,3.23475366E+3,
500.600,3.38959351E+3,
500.7500,3.32377734E+3,
500.900,3.22894214E+3,
501.0500,3.30407397E+3,
501.200,3.19676978E+3,
501.3500,3.15276489E+3,
501.500,3.18560864E+3,
501.6500,2.96516846E+3,
501.800,3.10622754E+3,
501.9500,3.05635669E+3,
502.100,3.00640015E+3,
502.2500,2.98658862E+3,
502.400,2.90396729E+3,
502.5500,2.95019482E+3,
502.700,2.80450952E+3,
502.8500,2.88666748E+3,
503.00,2.96782983E+3,
503.1500,2.95922412E+3,
503.300,2.90665430E+3,
503.4500,2.83030103E+3,
503.600,2.94453540E+3,
503.7500,2.97988843E+3,
503.900,3.03338184E+3,
504.0500,2.99533887E+3,
504.200,2.92784497E+3,
504.3500,3.11302124E+3,
504.500,3.08066260E+3,
504.6500,3.25266113E+3,
504.800,3.38062402E+3,
504.9500,3.43940283E+3,
505.100,3.34342480E+3,
505.2500,3.36353198E+3,
505.400,3.53539111E+3,
505.5500,3.59221948E+3,
505.700,3.68799414E+3,
505.8500,3.79993848E+3,
506.00,3.90061890E+3,
506.1500,3.97415430E+3,
506.300,4.43435547E+3,
506.4500,4.66348291E+3,
506.600,4.74247754E+3,
506.7500,5.21726514E+3,
506.900,5.39933740E+3,
507.0500,5.52772119E+3,
507.200,5.67164404E+3,
507.3500,5.71768506E+3,
507.500,5.43208984E+3,
507.6500,5.40620947E+3,
507.800,4.98652344E+3,
507.9500,4.57410889E+3,
508.100,4.44182373E+3,
508.2500,4.33372314E+3,
508.400,4.05911060E+3,
508.5500,3.90962280E+3,
508.700,3.82156567E+3,
508.8500,3.53737280E+3,
509.00,3.59933008E+3,
509.1500,3.47199609E+3,
509.300,3.47775146E+3,
509.4500,3.30318408E+3,
509.600,3.25484253E+3,
509.7500,3.12426831E+3,
509.900,3.23417041E+3,
510.0500,3.28896729E+3,
510.200,3.24726270E+3,
510.3500,3.36915771E+3,
510.500,3.29913574E+3,
510.6500,3.47672241E+3,
510.800,3.30155469E+3,
510.9500,3.29270386E+3,
511.100,3.00941235E+3,
511.2500,2.78599512E+3,
511.400,2.65815454E+3,
511.5500,2.47788281E+3,
511.700,2.40294116E+3,
511.8500,2.38370435E+3,
512.00,2.29901074E+3,
512.1500,2.25954810E+3,
512.300,2.23906519E+3,
512.4500,2.23046387E+3,
512.600,2.12871216E+3,
512.7500,2.18211475E+3,
512.900,2.15546655E+3,
513.0500,2.06774658E+3,
513.200,2.09500342E+3,
513.3500,2.04792175E+3,
513.500,2.14845215E+3,
513.6500,2.06044238E+3,
513.800,2.00353271E+3,
513.9500,2.01395691E+3,
514.100,1.86288501E+3,
514.2500,1.90585254E+3,
514.400,1.95494214E+3,
514.5500,1.95574341E+3,
514.700,1.85726050E+3,
514.8500,1.95126917E+3,
515.00,1.90594543E+3,
515.1500,1.99653772E+3,
515.300,1.84295459E+3,
515.4500,1.95312183E+3,
515.600,1.91732703E+3,
515.7500,2.04362720E+3,
515.900,1.90897095E+3,
516.0500,1.99152014E+3,
516.200,1.88956482E+3,
516.3500,1.93920142E+3,
516.500,1.87496301E+3,
516.6500,1.80936230E+3,
516.800,1.87255225E+3,
516.9500,1.92848743E+3,
517.100,1.98826746E+3,
517.2500,1.92872241E+3,
517.400,1.85671863E+3,
517.5500,1.90056726E+3,
517.700,1.90126099E+3,
517.8500,1.84135144E+3,
518.00,1.85311243E+3,
518.1500,1.82900928E+3,
518.300,1.85818616E+3,
518.4500,1.88990088E+3,
518.600,1.83963403E+3,
518.7500,1.95350122E+3,
518.900,1.98414294E+3,
519.0500,1.97247632E+3,
519.200,1.87222144E+3,
519.3500,1.89294312E+3,
519.500,1.95873035E+3,
519.6500,1.89442981E+3,
519.800,1.87385449E+3,
519.9500,1.93478674E+3,
520.100,1.90043298E+3,
520.2500,1.97919519E+3,
520.400,1.95867505E+3,
520.5500,2.04521252E+3,
520.700,1.97424292E+3,
520.8500,1.93847034E+3,
521.00,1.88618042E+3,
521.1500,1.90461829E+3,
521.300,1.93702063E+3,
521.4500,1.90607593E+3,
521.600,1.91695056E+3,
521.7500,1.97740369E+3,
521.900,1.87005212E+3,
522.0500,1.87198694E+3,
522.200,1.89431848E+3,
522.3500,1.89244043E+3,
522.500,1.90588196E+3,
522.6500,1.78124280E+3,
522.800,1.91106274E+3,
522.9500,2.02961060E+3,
523.100,1.88552551E+3,
523.2500,1.92093103E+3,
523.400,1.85871240E+3,
523.5500,1.91730945E+3,
523.700,1.90260120E+3,
523.8500,1.92653711E+3,
524.00,1.89759180E+3,
524.1500,1.93452332E+3,
524.300,1.84862708E+3,
524.4500,1.94125610E+3,
524.600,1.89924622E+3,
524.7500,2.04402295E+3,
524.900,1.93706018E+3,
525.0500,2.01061523E+3,
525.200,1.96970959E+3,
525.3500,1.81012109E+3,
525.500,1.94502124E+3,
525.6500,2.00314417E+3,
525.800,1.96333862E+3,
525.9500,2.14588647E+3,
526.100,1.95032043E+3,
526.2500,2.01529602E+3,
526.400,2.06071045E+3,
526.5500,2.14562744E+3,
526.700,2.08471802E+3,
526.8500,2.15665283E+3,
527.00,2.20500635E+3,
527.1500,2.33155151E+3,
527.300,2.19813623E+3,
527.4500,2.22839966E+3,
527.600,2.20708472E+3,
527.7500,2.28380005E+3,
527.900,2.26646362E+3,
528.0500,2.51081885E+3,
528.200,2.33817432E+3,
528.3500,2.45539624E+3,
528.500,2.48623047E+3,
528.6500,2.37431860E+3,
528.800,2.44251953E+3,
528.9500,2.43863281E+3,
529.100,2.45879102E+3,
529.2500,2.53393579E+3,
529.400,2.47770117E+3,
529.5500,2.53285522E+3,
529.700,2.43342871E+3,
529.8500,2.44823584E+3,
530.00,2.53452026E+3,
530.1500,2.42119751E+3,
530.300,2.42110742E+3,
530.4500,2.56843481E+3,
530.600,2.54411182E+3,
530.7500,2.45873486E+3,
530.900,2.51428003E+3,
531.0500,2.44634106E+3,
531.200,2.46938794E+3,
531.3500,2.46116333E+3,
531.500,2.45836499E+3,
531.6500,2.42553809E+3,
531.800,2.51007520E+3,
531.9500,2.51002466E+3,
532.100,2.53879199E+3,
532.2500,2.40461230E+3,
532.400,2.44706958E+3,
532.5500,2.38387280E+3,
532.700,2.44012891E+3,
532.8500,2.37814111E+3,
533.00,2.45516211E+3,
533.1500,2.39728711E+3,
533.300,2.34064771E+3,
533.4500,2.47742041E+3,
533.600,2.41657104E+3,
533.7500,2.42624292E+3,
533.900,2.22229761E+3,
534.0500,2.30536621E+3,
534.200,2.36639404E+3,
534.3500,2.22014941E+3,
534.500,2.29931592E+3,
534.6500,2.36470117E+3,
534.800,2.32547217E+3,
534.9500,2.25678369E+3,
535.100,2.30130029E+3,
535.2500,2.24079883E+3,
535.400,2.38217578E+3,
535.5500,2.33284448E+3,
535.700,2.32276636E+3,
535.8500,2.30139355E+3,
536.00,2.28983081E+3,
536.1500,2.44754883E+3,
536.300,2.50533398E+3,
536.4500,2.49820435E+3,
536.600,2.55756885E+3,
536.7500,2.54621069E+3,
536.900,2.51353979E+3,
537.0500,2.50496191E+3,
537.200,2.52770532E+3,
537.3500,2.51632983E+3,
537.500,2.54339209E+3,
537.6500,2.64325488E+3,
537.800,2.47913574E+3,
537.9500,2.49477979E+3,
538.100,2.42744556E+3,
538.2500,2.53477124E+3,
538.400,2.40850635E+3,
538.5500,2.38103687E+3,
538.700,2.30174170E+3,
538.8500,2.44678784E+3,
539.00,2.48984619E+3,
539.1500,2.20558350E+3,
539.300,2.18205688E+3,
539.4500,2.20328906E+3,
539.600,2.21732080E+3,
539.7500,2.19805127E+3,
539.900,2.26866455E+3,
540.0500,2.17246753E+3,
540.200,2.23023779E+3,
540.3500,2.19206348E+3,
540.500,2.15816626E+3,
540.6500,2.14314771E+3,
540.800,2.19965283E+3,
540.9500,2.36156470E+3,
541.100,2.31160327E+3,
541.2500,2.22489526E+3,
541.400,2.23188843E+3,
541.5500,2.29765015E+3,
541.700,2.19294580E+3,
541.8500,2.21167676E+3,
542.00,2.23781543E+3,
542.1500,2.19464331E+3,
542.300,2.37152075E+3,
542.4500,2.20560474E+3,
542.600,2.19628003E+3,
542.7500,2.28923145E+3,
542.900,2.13746802E+3,
543.0500,2.20231152E+3,
543.200,2.18249902E+3,
543.3500,2.17901392E+3,
543.500,2.33804517E+3,
543.6500,2.29142261E+3,
543.800,2.26710059E+3,
543.9500,2.24870142E+3,
544.100,2.18081201E+3,
544.2500,2.12325513E+3,
544.400,2.19165820E+3,
544.5500,2.05882764E+3,
544.700,2.17242798E+3,
544.8500,2.08143799E+3,
545.00,2.20735913E+3,
545.1500,2.14644849E+3,
545.300,2.16094775E+3,
545.4500,2.26019287E+3,
545.600,2.23697192E+3,
545.7500,2.16820557E+3,
545.900,2.06891895E+3,
546.0500,2.15029297E+3,
546.200,2.14068066E+3,
546.3500,2.20872046E+3,
546.500,2.10915869E+3,
546.6500,2.07348022E+3,
546.800,2.10038257E+3,
546.9500,2.40894678E+3,
547.100,2.17896338E+3,
547.2500,2.25069629E+3,
547.400,2.08757178E+3,
547.5500,2.16703833E+3,
547.700,2.15891992E+3,
547.8500,2.25561084E+3,
548.00,2.19044751E+3,
548.1500,2.24567822E+3,
548.300,2.33817041E+3,
548.4500,2.31003491E+3,
548.600,2.22442358E+3,
548.7500,2.34205225E+3,
548.900,2.21738184E+3,
549.0500,2.17178662E+3,
549.200,2.28815918E+3,
549.3500,2.23781860E+3,
549.500,2.16704077E+3,
549.6500,2.23061182E+3,
549.800,2.26613184E+3,
549.9500,2.24057983E+3,
550.100,2.43472241E+3,
550.2500,2.35427979E+3,
550.400,2.49864258E+3,
550.5500,2.50943140E+3,
550.700,2.37041162E+3,
550.8500,2.50105713E+3,
551.00,2.45178979E+3,
551.1500,2.55434351E+3,
551.300,2.38301343E+3,
551.4500,2.33342285E+3,
551.600,2.46951611E+3,
551.7500,2.37537378E+3,
551.900,2.46405981E+3,
552.0500,2.31074365E+3,
552.200,2.26402466E+3,
552.3500,2.30663843E+3,
552.500,2.25019019E+3,
552.6500,2.32969897E+3,
552.800,2.12083496E+3,
552.9500,2.10888037E+3,
553.100,2.12750195E+3,
553.2500,2.00623547E+3,
553.400,2.10534570E+3,
553.5500,2.01921704E+3,
553.700,1.98938782E+3,
553.8500,2.13084961E+3,
554.00,2.04765027E+3,
554.1500,1.98047095E+3,
554.300,1.98451416E+3,
554.4500,2.15102563E+3,
554.600,2.15689648E+3,
554.7500,2.18394751E+3,
554.900,2.17355176E+3,
555.0500,2.09128467E+3,
555.200,2.06274341E+3,
555.3500,2.10121851E+3,
555.500,2.16763257E+3,
555.6500,2.12265161E+3,
555.800,2.10218750E+3,
555.9500,2.06358130E+3,
556.100,2.11708789E+3,
556.2500,2.06194580E+3,
556.400,2.16838354E+3,
556.5500,2.11480347E+3,
556.700,2.04785608E+3,
556.8500,2.17616260E+3,
557.00,2.20196606E+3,
557.1500,2.27932861E+3,
557.300,2.14744092E+3,
557.4500,2.16167065E+3,
557.600,2.17425806E+3,
557.7500,2.15851172E+3,
557.900,2.18614136E+3,
558.0500,2.31417749E+3,
558.200,2.36053809E+3,
558.3500,2.35671533E+3,
558.500,2.32098901E+3,
558.6500,2.48511914E+3,
558.800,2.42420679E+3,
558.9500,2.47093750E+3,
559.100,2.29016602E+3,
559.2500,2.34029590E+3,
559.400,2.24007593E+3,
559.5500,2.29194067E+3,
559.700,2.39985571E+3,
559.8500,2.50632861E+3,
560.00,2.32932471E+3,
560.1500,2.43086011E+3,
560.300,2.25842114E+3,
560.4500,2.53403882E+3,
560.600,2.51494629E+3,
560.7500,2.52827930E+3,
560.900,2.52452002E+3,
561.0500,2.61497729E+3,
561.200,2.40537988E+3,
561.3500,2.65218481E+3,
561.500,2.43694897E+3,
561.6500,2.67747949E+3,
561.800,2.56689551E+3,
561.9500,2.66142969E+3,
562.100,2.43824194E+3,
562.2500,2.51209863E+3,
562.400,2.59478271E+3,
562.5500,2.39670776E+3,
562.700,2.54714893E+3,
562.8500,2.38503125E+3,
563.00,2.50795117E+3,
563.1500,2.40831372E+3,
563.300,2.36948120E+3,
563.4500,2.34277197E+3,
563.600,2.27225293E+3,
563.7500,2.18753882E+3,
563.900,2.13066064E+3,
564.0500,2.12988208E+3,
564.200,2.12395410E+3,
564.3500,2.03349011E+3,
564.500,2.05031763E+3,
564.6500,2.09189575E+3,
564.800,1.99216028E+3,
564.9500,1.88684277E+3,
565.100,1.80955920E+3,
565.2500,1.79061462E+3,
565.400,1.86401465E+3,
565.5500,1.82194470E+3,
565.700,1.84211426E+3,
565.8500,1.72853882E+3,
566.00,1.64324353E+3,
566.1500,1.68633618E+3,
566.300,1.66686011E+3,
566.4500,1.74054395E+3,
566.600,1.67082300E+3,
566.7500,1.66022546E+3,
566.900,1.63160767E+3,
567.0500,1.61912354E+3,
567.200,1.53628076E+3,
567.3500,1.62112610E+3,
567.500,1.68628455E+3,
567.6500,1.67559131E+3,
567.800,1.66486487E+3,
567.9500,1.56705066E+3,
568.100,1.65249243E+3,
568.2500,1.68000403E+3,
568.400,1.64932300E+3,
568.5500,1.72245227E+3,
568.700,1.79940759E+3,
568.8500,1.53120203E+3,
569.00,1.68127698E+3,
569.1500,1.84829626E+3,
569.300,1.74061230E+3,
569.4500,1.63631995E+3,
569.600,1.61082373E+3,
569.7500,1.59262183E+3,
569.900,1.76793726E+3,
570.0500,1.65570703E+3,
570.200,1.62445227E+3,
570.3500,1.71708484E+3,
570.500,1.76918079E+3,
570.6500,1.71752881E+3,
570.800,1.73259619E+3,
570.9500,1.65473267E+3,
571.100,1.67899280E+3,
571.2500,1.71258948E+3,
571.400,1.60819849E+3,
571.5500,1.72022522E+3,
571.700,1.73339697E+3,
571.8500,1.67732715E+3,
572.00,1.60613269E+3,
572.1500,1.69433679E+3,
572.300,1.76019861E+3,
572.4500,1.78107190E+3,
572.600,1.77939148E+3,
572.7500,1.67967407E+3,
572.900,1.63067603E+3,
573.0500,1.82535132E+3,
573.200,1.72921997E+3,
573.3500,1.81658630E+3,
573.500,1.71829810E+3,
573.6500,1.73369604E+3,
573.800,1.71680286E+3,
573.9500,1.80075159E+3,
574.100,1.77627271E+3,
574.2500,1.87004297E+3,
574.400,1.71948645E+3,
574.5500,1.88035205E+3,
574.700,1.75623975E+3,
574.8500,1.85616821E+3,
575.00,1.80658569E+3,
575.1500,1.71460461E+3,
575.300,1.67820276E+3,
575.4500,1.78237048E+3,
575.600,1.73051599E+3,
575.7500,1.57422668E+3,
575.900,1.73277832E+3,
576.0500,1.67873401E+3,
576.200,1.67886267E+3,
576.3500,1.70227612E+3,
576.500,1.61691211E+3,
576.6500,1.63835059E+3,
576.800,1.63061169E+3,
576.9500,1.64430518E+3,
577.100,1.67948132E+3,
577.2500,1.55439661E+3,
577.400,1.60910181E+3,
577.5500,1.61493347E+3,
577.700,1.63843433E+3,
577.8500,1.71109705E+3,
578.00,1.66198315E+3,
578.1500,1.65599475E+3,
578.300,1.74066614E+3,
578.4500,1.57883264E+3,
578.600,1.61617896E+3,
578.7500,1.69712183E+3,
578.900,1.64754639E+3,
579.0500,1.74653906E+3,
579.200,1.60362329E+3,
579.3500,1.60145020E+3,
579.500,1.67684521E+3,
579.6500,1.57118896E+3,
579.800,1.75834778E+3,
579.9500,1.58467761E+3,
580.100,1.69437952E+3,
580.2500,1.57630579E+3,
580.400,1.66823730E+3,
580.5500,1.75836768E+3,
580.700,1.62790015E+3,
580.8500,1.61971057E+3,
581.00,1.70806775E+3,
581.1500,1.57715210E+3,
581.300,1.60724927E+3,
581.4500,1.59299561E+3,
581.600,1.68987732E+3,
581.7500,1.64127234E+3,
581.900,1.73640308E+3,
582.0500,1.70803186E+3,
582.200,1.66338257E+3,
582.3500,1.73045740E+3,
582.500,1.65924902E+3,
582.6500,1.66124365E+3,
582.800,1.66935803E+3,
582.9500,1.68770349E+3,
583.100,1.81044092E+3,
583.2500,1.70204016E+3,
583.400,1.80458887E+3,
583.5500,1.79034851E+3,
583.700,1.74934558E+3,
583.8500,1.68765466E+3,
584.00,1.70205286E+3,
584.1500,1.64017114E+3,
584.300,1.79915247E+3,
584.4500,1.89440381E+3,
584.600,1.97952490E+3,
584.7500,1.98399500E+3,
584.900,1.83487109E+3,
585.0500,1.80590405E+3,
585.200,1.95578198E+3,
585.3500,1.90394824E+3,
585.500,2.07514282E+3,
585.6500,1.97320313E+3,
585.800,2.06752173E+3,
585.9500,2.08671143E+3,
586.100,2.18133105E+3,
586.2500,2.06845874E+3,
586.400,2.15064185E+3,
586.5500,2.23721021E+3,
586.700,2.09452124E+3,
586.8500,2.23389526E+3,
587.00,2.08031299E+3,
587.1500,2.13758325E+3,
587.300,2.11673315E+3,
587.4500,2.10006494E+3,
587.600,2.19991650E+3,
587.7500,2.40183203E+3,
587.900,2.37266211E+3,
588.0500,2.31578540E+3,
588.200,2.35247339E+3,
588.3500,2.34021338E+3,
588.500,2.32578711E+3,
588.6500,2.28995923E+3,
588.800,2.43795728E+3,
588.9500,2.50920825E+3,
589.100,2.43280762E+3,
589.2500,2.41635620E+3,
589.400,2.33970020E+3,
589.5500,2.34459204E+3,
589.700,2.39686768E+3,
589.8500,2.47728369E+3,
590.00,2.47153979E+3,
590.1500,2.43144165E+3,
590.300,2.56218823E+3,
590.4500,2.53941968E+3,
590.600,2.68363110E+3,
590.7500,2.60880737E+3,
590.900,2.72300488E+3,
591.0500,2.81137988E+3,
591.200,2.84117090E+3,
591.3500,2.81644360E+3,
591.500,2.72606250E+3,
591.6500,3.04914185E+3,
591.800,3.18454980E+3,
591.9500,3.11401196E+3,
592.100,3.10907593E+3,
592.2500,3.29764917E+3,
592.400,3.39856812E+3,
592.5500,3.46443311E+3,
592.700,3.65409180E+3,
592.8500,3.64524219E+3,
593.00,3.65406836E+3,
593.1500,3.93327319E+3,
593.300,3.80713159E+3,
593.4500,4.00276318E+3,
593.600,3.90306226E+3,
593.7500,3.75412524E+3,
593.900,3.93475708E+3,
594.0500,3.79229761E+3,
594.200,3.72124756E+3,
594.3500,3.73055908E+3,
594.500,3.68610669E+3,
594.6500,3.60562598E+3,
594.800,3.55637305E+3,
594.9500,3.59921338E+3,
595.100,3.50488428E+3,
595.2500,3.63140283E+3,
595.400,3.67919873E+3,
595.5500,3.57105518E+3,
595.700,3.60075464E+3,
595.8500,3.44910425E+3,
596.00,3.56725098E+3,
596.1500,3.69021924E+3,
596.300,3.47198950E+3,
596.4500,3.57917358E+3,
596.600,3.65466626E+3,
596.7500,3.63891895E+3,
596.900,3.81995117E+3,
597.0500,3.60494897E+3,
597.200,3.95614673E+3,
597.3500,3.70853223E+3,
597.500,3.67653198E+3,
597.6500,3.96004102E+3,
597.800,3.90518701E+3,
597.9500,3.88944531E+3,
598.100,4.18814502E+3,
598.2500,4.19120020E+3,
598.400,4.30321973E+3,
598.5500,4.55247559E+3,
598.700,4.19334668E+3,
598.8500,4.47798096E+3,
599.00,4.44173535E+3,
599.1500,4.58522070E+3,
599.300,4.74541602E+3,
599.4500,5.06744727E+3,
599.600,4.88195215E+3,
599.7500,4.94460059E+3,
599.900,4.89700732E+3,
600.0500,4.96706641E+3,
600.200,5.02595703E+3,
600.3500,4.96234717E+3,
600.500,5.01899854E+3,
600.6500,5.27920215E+3,
600.800,5.02139893E+3,
600.9500,5.06171533E+3,
601.100,5.08830957E+3,
601.2500,5.06046875E+3,
601.400,5.14689746E+3,
601.5500,5.26697559E+3,
601.700,5.44716260E+3,
601.8500,5.57521045E+3,
602.00,5.70842969E+3,
602.1500,5.63324756E+3,
602.300,5.84879785E+3,
602.4500,5.78318750E+3,
602.600,5.97546729E+3,
602.7500,6.19006982E+3,
602.900,6.11251074E+3,
603.0500,6.71078564E+3,
603.200,6.83256836E+3,
603.3500,6.64596338E+3,
603.500,7.10392480E+3,
603.6500,7.44620654E+3,
603.800,7.29622461E+3,
603.9500,7.45879883E+3,
604.100,7.66333594E+3,
604.2500,7.75556738E+3,
604.400,7.82102197E+3,
604.5500,7.58897363E+3,
604.700,8.16181104E+3,
604.8500,8.01093799E+3,
605.00,8.10173926E+3,
605.1500,8.30420898E+3,
605.300,8.44280566E+3,
605.4500,8.56193164E+3,
605.600,9.11630371E+3,
605.7500,9.24665918E+3,
605.900,9.32750879E+3,
606.0500,9.63342969E+3,
606.200,9.96067383E+3,
606.3500,1.02888672E+4,
606.500,1.05979697E+4,
606.6500,1.04433252E+4,
606.800,1.05774316E+4,
606.9500,1.05733564E+4,
607.100,1.06400840E+4,
607.2500,1.07121514E+4,
607.400,1.04629697E+4,
607.5500,1.05703740E+4,
607.700,1.09040361E+4,
607.8500,1.11700166E+4,
608.00,1.06957236E+4,
608.1500,1.10181455E+4,
608.300,1.10732881E+4,
608.4500,1.13536934E+4,
608.600,1.17681318E+4,
608.7500,1.17219063E+4,
608.900,1.19787539E+4,
609.0500,1.25273760E+4,
609.200,1.22557051E+4,
609.3500,1.20631582E+4,
609.500,1.23147764E+4,
609.6500,1.27432578E+4,
609.800,1.26879082E+4,
609.9500,1.25829873E+4,
610.100,1.33395273E+4,
610.2500,1.31655820E+4,
610.400,1.35053379E+4,
610.5500,1.38591924E+4,
610.700,1.41958115E+4,
610.8500,1.47485537E+4,
611.00,1.52609922E+4,
611.1500,1.53037754E+4,
611.300,1.54336006E+4,
611.4500,1.55664346E+4,
611.600,1.58873604E+4,
611.7500,1.56212783E+4,
611.900,1.55187607E+4,
612.0500,1.51234531E+4,
612.200,1.49501660E+4,
612.3500,1.47469395E+4,
612.500,1.43855420E+4,
612.6500,1.41887236E+4,
612.800,1.35627773E+4,
612.9500,1.30340801E+4,
613.100,1.29713994E+4,
613.2500,1.31104414E+4,
613.400,1.25735049E+4,
613.5500,1.23856592E+4,
613.700,1.18700898E+4,
613.8500,1.17345811E+4,
614.00,1.16772588E+4,
614.1500,1.13951875E+4,
614.300,1.14631074E+4,
614.4500,1.14930684E+4,
614.600,1.12964775E+4,
614.7500,1.16433623E+4,
614.900,1.13011240E+4,
615.0500,1.14626563E+4,
615.200,1.16689902E+4,
615.3500,1.13556611E+4,
615.500,1.16230820E+4,
615.6500,1.11317510E+4,
615.800,1.13497842E+4,
615.9500,1.10751836E+4,
616.100,1.12272041E+4,
616.2500,1.11628301E+4,
616.400,1.10759023E+4,
616.5500,1.11448838E+4,
616.700,1.08954219E+4,
616.8500,1.05414590E+4,
617.00,1.05172100E+4,
617.1500,1.03387598E+4,
617.300,1.03650771E+4,
617.4500,1.02110303E+4,
617.600,1.07962891E+4,
617.7500,1.05461826E+4,
617.900,1.06068838E+4,
618.0500,1.02024199E+4,
618.200,1.05164385E+4,
618.3500,1.00680127E+4,
618.500,1.03856768E+4,
618.6500,1.02469775E+4,
618.800,1.00934023E+4,
618.9500,1.07627383E+4,
619.100,1.06011455E+4,
619.2500,1.11647939E+4,
619.400,1.10813281E+4,
619.5500,1.12258184E+4,
619.700,1.15850771E+4,
619.8500,1.16380908E+4,
620.00,1.17551973E+4,
620.1500,1.18378242E+4,
620.300,1.13256680E+4,
620.4500,1.17641982E+4,
620.600,1.15309639E+4,
620.7500,1.15754502E+4,
620.900,1.10911982E+4,
621.0500,1.12702227E+4,
621.200,1.11282529E+4,
621.3500,1.05603447E+4,
621.500,1.03869063E+4,
621.6500,1.01535107E+4,
621.800,1.01300791E+4,
621.9500,1.00291787E+4,
622.100,9.83831934E+3,
622.2500,9.67356250E+3,
622.400,9.29283301E+3,
622.5500,9.73466504E+3,
622.700,9.18753711E+3,
622.8500,9.19468066E+3,
623.00,8.67772754E+3,
623.1500,8.81687402E+3,
623.300,8.82648828E+3,
623.4500,8.40611328E+3,
623.600,8.33001758E+3,
623.7500,8.44811816E+3,
623.900,8.23477539E+3,
624.0500,8.09395850E+3,
624.200,8.09648438E+3,
624.3500,7.67964209E+3,
624.500,8.07384619E+3,
624.6500,8.19604883E+3,
624.800,7.83855078E+3,
624.9500,7.76646387E+3,
625.100,7.59243896E+3,
625.2500,7.73353564E+3,
625.400,7.38836182E+3,
625.5500,7.35247656E+3,
625.700,7.69299268E+3,
625.8500,7.33634131E+3,
626.00,7.27194971E+3,
626.1500,7.26069141E+3,
626.300,7.00163965E+3,
626.4500,7.11542041E+3,
626.600,7.06592969E+3,
626.7500,7.26848877E+3,
626.900,7.04843750E+3,
627.0500,6.81801904E+3,
627.200,6.59622314E+3,
627.3500,6.80248193E+3,
627.500,6.75801416E+3,
627.6500,6.40080908E+3,
627.800,6.57582520E+3,
627.9500,6.80910352E+3,
628.100,6.68089063E+3,
628.2500,6.64218262E+3,
628.400,6.59686133E+3,
628.5500,6.35779053E+3,
628.700,6.48944824E+3,
628.8500,6.09378906E+3,
629.00,6.25458057E+3,
629.1500,6.12360303E+3,
629.300,5.90415723E+3,
629.4500,6.14064551E+3,
629.600,5.90072314E+3,
629.7500,5.81706982E+3,
629.900,5.57227246E+3,
630.0500,5.85591113E+3,
630.200,5.75199121E+3,
630.3500,5.58162012E+3,
630.500,5.73797412E+3,
630.6500,5.67621631E+3,
630.800,5.81338672E+3,
630.9500,5.72154541E+3,
631.100,5.77944873E+3,
631.2500,5.44355469E+3,
631.400,5.97297852E+3,
631.5500,6.08535791E+3,
631.700,5.99323828E+3,
631.8500,6.07239111E+3,
632.00,6.10461230E+3,
632.1500,6.49859375E+3,
632.300,6.21010938E+3,
632.4500,6.30384668E+3,
632.600,6.44551660E+3,
632.7500,6.51618750E+3,
632.900,6.44035449E+3,
633.0500,6.31968408E+3,
633.200,6.41772949E+3,
633.3500,6.13847803E+3,
633.500,6.50136182E+3,
633.6500,6.18666064E+3,
633.800,6.34725244E+3,
633.9500,6.27316846E+3,
634.100,6.06706055E+3,
634.2500,5.97476855E+3,
634.400,6.23710645E+3,
634.5500,6.03313086E+3,
634.700,6.05545996E+3,
634.8500,5.94830566E+3,
635.00,5.70038818E+3,
635.1500,6.14073877E+3,
635.300,5.98759619E+3,
635.4500,5.93263477E+3,
635.600,5.87741895E+3,
635.7500,5.60225684E+3,
635.900,5.41472754E+3,
636.0500,5.53959570E+3,
636.200,5.41559766E+3,
636.3500,5.43753076E+3,
636.500,5.42373096E+3,
636.6500,4.78563770E+3,
636.800,5.23411230E+3,
636.9500,5.12967578E+3,
637.100,5.29540234E+3,
637.2500,5.14704688E+3,
637.400,5.08142871E+3,
637.5500,4.90292578E+3,
637.700,4.75643262E+3,
637.8500,4.75153418E+3,
638.00,5.15584521E+3,
638.1500,4.67912598E+3,
638.300,4.72141797E+3,
638.4500,4.89251904E+3,
638.600,4.53758936E+3,
638.7500,4.67574463E+3,
638.900,4.47793945E+3,
639.0500,4.63139600E+3,
639.200,4.43294482E+3,
639.3500,4.55360059E+3,
639.500,4.42868945E+3,
639.6500,4.82621680E+3,
639.800,4.61147363E+3,
639.9500,4.55712061E+3,
640.100,4.61554297E+3,
640.2500,4.50859668E+3,
640.400,4.75976367E+3,
640.5500,4.87957910E+3,
640.700,4.55259082E+3,
640.8500,4.71042139E+3,
641.00,4.55674463E+3,
641.1500,4.66179932E+3,
641.300,4.64875879E+3,
641.4500,4.34831543E+3,
641.600,4.15022900E+3,
641.7500,4.15134668E+3,
641.900,4.20643164E+3,
642.0500,3.75554736E+3,
642.200,4.03060791E+3,
642.3500,3.71704321E+3,
642.500,3.54600366E+3,
642.6500,3.58463330E+3,
642.800,3.31494507E+3,
642.9500,3.38843311E+3,
643.100,3.45041870E+3,
643.2500,3.40654541E+3,
643.400,3.18135913E+3,
643.5500,3.31031055E+3,
643.700,3.00487549E+3,
643.8500,3.17359155E+3,
644.00,3.08492798E+3,
644.1500,3.05556104E+3,
644.300,2.91043237E+3,
644.4500,3.00839746E+3,
644.600,2.74243213E+3,
644.7500,2.76018896E+3,
644.900,2.64132031E+3,
645.0500,2.75566113E+3,
645.200,2.62835742E+3,
645.3500,2.59759741E+3,
645.500,2.57074707E+3,
645.6500,2.55189844E+3,
645.800,2.52073584E+3,
645.9500,2.65267285E+3,
646.100,2.38034692E+3,
646.2500,2.38967920E+3,
646.400,2.31277710E+3,
646.5500,2.28492407E+3,
646.700,2.46324390E+3,
646.8500,2.22055396E+3,
647.00,2.46580078E+3,
647.1500,2.42961475E+3,
647.300,2.38909424E+3,
647.4500,2.30250732E+3,
647.600,2.17372925E+3,
647.7500,2.36277002E+3,
647.900,2.18316382E+3,
648.0500,2.52445898E+3,
648.200,2.33587817E+3,
648.3500,2.49296094E+3,
648.500,2.14257959E+3,
648.6500,2.52479858E+3,
648.800,2.36432471E+3,
648.9500,2.20742212E+3,
649.100,2.31891064E+3,
649.2500,2.32388867E+3,
649.400,2.33745801E+3,
649.5500,2.27370410E+3,
649.700,2.45518823E+3,
649.8500,2.43456030E+3,
650.00,2.39220264E+3,
650.1500,2.34984888E+3,
650.300,2.41157544E+3,
650.4500,2.42566675E+3,
650.600,2.53146436E+3,
650.7500,2.58960352E+3,
650.900,2.70060303E+3,
651.0500,2.85606055E+3,
651.200,3.19726074E+3,
651.3500,3.58413794E+3,
651.500,3.80464795E+3,
651.6500,3.99067554E+3,
651.800,4.21752295E+3,
651.9500,4.51220459E+3,
652.100,4.46435205E+3,
652.2500,4.50570361E+3,
652.400,4.80283594E+3,
652.5500,4.09450293E+3,
652.700,3.92352441E+3,
652.8500,3.63437158E+3,
653.00,3.61086841E+3,
653.1500,3.11558154E+3,
653.300,3.14075073E+3,
653.4500,2.77881128E+3,
653.600,2.89005835E+3,
653.7500,2.81875513E+3,
653.900,2.56825977E+3,
654.0500,2.45914282E+3,
654.200,2.90703442E+3,
654.3500,2.55812158E+3,
654.500,2.55933618E+3,
654.6500,2.65795825E+3,
654.800,2.74306616E+3,
654.9500,2.60488037E+3,
655.100,2.48008569E+3,
655.2500,2.63091772E+3,
655.400,2.53375195E+3,
655.5500,2.45493262E+3,
655.700,2.54072412E+3,
655.8500,2.79698438E+3,
656.00,2.84605103E+3,
656.1500,2.39219458E+3,
656.300,2.30730518E+3,
656.4500,2.25539478E+3,
656.600,2.46609180E+3,
656.7500,2.25141577E+3,
656.900,2.42944604E+3,
657.0500,2.32918604E+3,
657.200,2.39731836E+3,
657.3500,2.46575513E+3,
657.500,2.07412183E+3,
657.6500,2.34125586E+3,
657.800,2.22012500E+3,
657.9500,2.29850391E+3,
658.100,2.47021558E+3,
658.2500,2.42701123E+3,
658.400,2.28530029E+3,
658.5500,2.44832983E+3,
658.700,2.38991919E+3,
658.8500,2.06889478E+3,
659.00,2.29703540E+3,
659.1500,2.30244214E+3,
659.300,2.32779761E+3,
659.4500,1.92358203E+3,
659.600,1.88804736E+3,
659.7500,2.15352881E+3,
659.900,1.93720996E+3,
660.0500,1.88631201E+3,
660.200,1.87564661E+3,
660.3500,1.88518945E+3,
660.500,1.94556714E+3,
660.6500,1.99604150E+3,
660.800,1.98549451E+3,
660.9500,2.15907764E+3,
661.100,1.99507239E+3,
661.2500,2.11820605E+3,
661.400,2.16462671E+3,
661.5500,2.33008984E+3,
661.700,2.28401123E+3,
661.8500,2.16500684E+3,
662.00,2.36288745E+3,
662.1500,2.32699146E+3,
662.300,2.32751392E+3,
662.4500,2.35424780E+3,
662.600,2.52302075E+3,
662.7500,2.08137695E+3,
662.900,2.23444165E+3,
663.0500,1.93811292E+3,
663.200,2.03309167E+3,
663.3500,2.24027026E+3,
663.500,1.86167700E+3,
663.6500,1.88227429E+3,
663.800,1.69926257E+3,
663.9500,1.68192957E+3,
664.100,1.72907239E+3,
664.2500,1.67380945E+3,
664.400,1.65616174E+3,
664.5500,1.70352063E+3,
664.700,1.66409058E+3,
664.8500,1.49908350E+3,
665.00,1.50813501E+3,
665.1500,1.35287537E+3,
665.300,1.50981189E+3,
665.4500,1.51339832E+3,
665.600,1.53354211E+3,
665.7500,1.55377454E+3,
665.900,1.55746875E+3,
666.0500,1.47228247E+3,
666.200,1.57604175E+3,
666.3500,1.36209375E+3,
666.500,1.19747681E+3,
666.6500,1.38543896E+3,
666.800,1.46746423E+3,
666.9500,1.27935376E+3,
667.100,1.36717700E+3,
667.2500,1.33650256E+3,
667.400,1.40218091E+3,
667.5500,1.32021252E+3,
667.700,1.40897363E+3,
667.8500,1.36663928E+3,
668.00,1.34128894E+3,
668.1500,1.56877246E+3,
668.300,1.16369519E+3,
668.4500,1.27058142E+3,
668.600,1.37220850E+3,
668.7500,1.44531885E+3,
668.900,1.39077136E+3,
669.0500,1.56350476E+3,
669.200,1.29268127E+3,
669.3500,1.50718774E+3,
669.500,1.48761450E+3,
669.6500,1.33823535E+3,
669.800,1.40676050E+3,
669.9500,1.58824023E+3,
670.100,1.39629968E+3,
670.2500,1.55480811E+3,
670.400,1.63051758E+3,
670.5500,1.43714453E+3,
670.700,1.74106567E+3,
670.8500,1.50482239E+3,
671.00,1.65961267E+3,
671.1500,1.48221533E+3,
671.300,1.50406885E+3,
671.4500,1.49562732E+3,
671.600,1.54198804E+3,
671.7500,1.33806555E+3,
671.900,1.39650269E+3,
672.0500,1.38149780E+3,
672.200,1.34787231E+3,
672.3500,1.49915955E+3,
672.500,1.40379871E+3,
672.6500,1.43815295E+3,
672.800,1.38566931E+3,
672.9500,1.57584753E+3,
673.100,1.24875586E+3,
673.2500,1.21425867E+3,
673.400,1.46193542E+3,
673.5500,1.32714148E+3,
673.700,1.38714233E+3,
673.8500,1.28309314E+3,
674.00,1.36227539E+3,
674.1500,1.35303564E+3,
674.300,1.31826575E+3,
674.4500,1.41739185E+3,
674.600,1.23537524E+3,
674.7500,1.16793359E+3,
674.900,1.27384937E+3,
675.0500,1.19326379E+3,
675.200,1.23515906E+3,
675.3500,1.27726465E+3,
675.500,1.26107861E+3,
675.6500,1.08838818E+3,
675.800,1.28724219E+3,
675.9500,1.23818079E+3,
676.100,1.41221008E+3,
676.2500,1.25129224E+3,
676.400,1.05650281E+3,
676.5500,1.19170410E+3,
676.700,1.22804602E+3,
676.8500,1.24460559E+3,
677.00,1.18116724E+3,
677.1500,1.40510327E+3,
677.300,1.30820032E+3,
677.4500,1.43275354E+3,
677.600,1.16678442E+3,
677.7500,1.36599548E+3,
677.900,1.55948218E+3,
678.0500,1.27127625E+3,
678.200,1.47906750E+3,
678.3500,1.51709033E+3,
678.500,1.37031140E+3,
678.6500,1.18841309E+3,
678.800,1.25350061E+3,
678.9500,1.15319568E+3,
679.100,1.32924609E+3,
679.2500,1.53393384E+3,
679.400,1.51002954E+3,
679.5500,1.40924988E+3,
679.700,1.27297729E+3,
679.8500,1.25520593E+3,
680.00,6.34817566E+2,
680.1500,6.79010803E+2,
680.300,6.31239563E+2,
680.4500,5.97426025E+2,
680.600,5.56289124E+2,
680.7500,7.65229675E+2,
680.900,6.74123413E+2,
681.0500,7.26324646E+2,
681.200,5.84094177E+2,
681.3500,7.08619141E+2,
681.500,5.72800720E+2,
681.6500,5.88915161E+2,
681.800,6.26985168E+2,
681.9500,7.52989807E+2,
682.100,7.55037109E+2,
682.2500,6.61525269E+2,
682.400,6.85427063E+2,
682.5500,8.64645813E+2,
682.700,6.66915588E+2,
682.8500,6.09282288E+2,
683.00,5.51332642E+2,
683.1500,8.51631836E+2,
683.300,7.93994934E+2,
683.4500,5.85832031E+2,
683.600,6.32593567E+2,
683.7500,6.79603943E+2,
683.900,6.81436035E+2,
684.0500,7.74376770E+2,
684.200,7.00345581E+2,
684.3500,7.48037598E+2,
684.500,8.11291260E+2,
684.6500,6.67675110E+2,
684.800,6.69483826E+2,
684.9500,7.40745178E+2,
685.100,7.73700500E+2,
685.2500,8.37860779E+2,
685.400,6.06763367E+2,
685.5500,8.89213562E+2,
685.700,8.05595215E+2,
685.8500,8.62682800E+2,
686.00,8.25709717E+2,
686.1500,9.69881104E+2,
686.300,9.01349976E+2,
686.4500,9.19652222E+2,
686.600,8.66501892E+2,
686.7500,8.60885010E+2,
686.900,8.39248169E+2,
687.0500,9.93815430E+2,
687.200,9.72435364E+2,
687.3500,9.34813843E+2,
687.500,8.24252136E+2,
687.6500,1.10202893E+3,
687.800,8.36923035E+2,
687.9500,7.57752380E+2,
688.100,8.17033447E+2,
688.2500,8.19286438E+2,
688.400,7.72255432E+2,
688.5500,8.23816345E+2,
688.700,8.26094360E+2,
688.8500,6.46136230E+2,
689.00,9.55274292E+2,
689.1500,8.49587952E+2,
689.300,8.01783691E+2,
689.4500,8.87710754E+2,
689.600,9.06921143E+2,
689.7500,1.01885455E+3,
689.900,9.20313354E+2,
690.0500,9.05880310E+2,
690.200,8.82858093E+2,
690.3500,8.17146362E+2,
690.500,9.13238708E+2,
690.6500,1.04407947E+3,
690.800,9.86835510E+2,
690.9500,8.69047058E+2,
691.100,1.10436499E+3,
691.2500,9.34352478E+2,
691.400,1.23185913E+3,
691.5500,8.69878235E+2,
691.700,1.09904773E+3,
691.8500,9.62114624E+2,
692.00,9.73522827E+2,
692.1500,1.13450610E+3,
692.300,9.61252686E+2,
692.4500,1.14076624E+3,
692.600,1.24145605E+3,
692.7500,9.78122864E+2,
692.900,1.14132556E+3,
693.0500,1.13552759E+3,
693.200,1.15656775E+3,
693.3500,1.24064746E+3,
693.500,9.37543579E+2,
693.6500,9.49156372E+2,
693.800,8.79246216E+2,
693.9500,1.07253870E+3,
694.100,1.11194849E+3,
694.2500,9.50503418E+2,
694.400,9.89785339E+2,
694.5500,1.03846692E+3,
694.700,1.06898364E+3,
694.8500,8.96363708E+2,
695.00,1.09343994E+3,
695.1500,1.22662109E+3,
695.300,1.10893774E+3,
695.4500,1.04665588E+3,
695.600,1.19956104E+3,
695.7500,1.16536377E+3,
695.900,1.18751599E+3,
696.0500,1.26648560E+3,
696.200,1.08997534E+3,
696.3500,1.29265222E+3,
696.500,1.24864539E+3,
696.6500,1.07056372E+3,
696.800,1.14069165E+3,
696.9500,1.34579309E+3,
697.100,1.30134412E+3,
697.2500,1.16961328E+3,
697.400,1.23100757E+3,
697.5500,1.17609509E+3,
697.700,1.19884839E+3,
697.8500,1.11420874E+3,
698.00,1.28391638E+3,
698.1500,9.72986511E+2,
698.300,1.06439221E+3,
698.4500,1.43302649E+3,
698.600,1.21898999E+3,
698.7500,1.19257654E+3,
698.900,1.25570325E+3,
699.0500,1.24923254E+3,
699.200,1.38306177E+3,
699.3500,1.33673083E+3,
699.500,1.38084192E+3,
699.6500,1.36455090E+3,
699.800,1.22651892E+3,
699.9500,1.29100391E+3,
700.100,1.35579187E+3,
700.2500,1.12445947E+3,
700.400,1.21985828E+3,
700.5500,1.23354504E+3,
700.700,1.28853772E+3,
700.8500,1.20944751E+3,
701.00,1.20247009E+3,
701.1500,1.49674915E+3,
701.300,1.12559058E+3,
701.4500,1.31673792E+3,
701.600,1.21551208E+3,
701.7500,1.32386987E+3,
701.900,8.95506226E+2,
702.0500,1.18315576E+3,
702.200,1.20754553E+3,
702.3500,1.34889331E+3,
702.500,1.18215112E+3,
702.6500,1.24943457E+3,
702.800,1.29565881E+3,
702.9500,1.19181213E+3,
703.100,1.18438135E+3,
703.2500,1.15535278E+3,
703.400,1.23443848E+3,
703.5500,1.27052820E+3,
703.700,1.30682007E+3,
703.8500,1.14672864E+3,
704.00,1.33619287E+3,
704.1500,1.34015576E+3,
704.300,1.39921887E+3,
704.4500,1.22657422E+3,
704.600,1.18589001E+3,
704.7500,1.12272449E+3,
704.900,1.61663867E+3,
705.0500,1.40898596E+3,
705.200,1.63748608E+3,
705.3500,1.11365210E+3,
705.500,1.25235754E+3,
705.6500,1.59557593E+3,
705.800,1.31658716E+3,
705.9500,1.34328894E+3,
706.100,1.60984656E+3,
706.2500,1.23668445E+3,
706.400,1.58484155E+3,
706.5500,1.16332263E+3,
706.700,1.44398669E+3,
706.8500,1.64519250E+3,
707.00,1.82433484E+3,
707.1500,1.41013489E+3,
707.300,1.51946057E+3,
707.4500,1.37152893E+3,
707.600,1.41082849E+3,
707.7500,1.58005823E+3,
707.900,1.46644983E+3,
708.0500,1.43515710E+3,
708.200,1.54635950E+3,
708.3500,1.41960645E+3,
708.500,1.37585889E+3,
708.6500,1.13987341E+3,
708.800,1.40791382E+3,
708.9500,1.26718213E+3,
709.100,1.41597791E+3,
709.2500,1.51699109E+3,
709.400,1.36299707E+3,
709.5500,1.63525623E+3,
709.700,1.48071838E+3,
709.8500,1.23941077E+3,
710.00,1.10750134E+3,
710.1500,1.23390405E+3,
710.300,1.41047668E+3,
710.4500,1.36469458E+3,
710.600,1.25645325E+3,
710.7500,1.45946606E+3,
710.900,1.22579810E+3,
711.0500,1.17899707E+3,
711.200,1.39609937E+3,
711.3500,1.19819067E+3,
711.500,1.22682971E+3,
711.6500,1.44587000E+3,
711.800,1.17010327E+3,
711.9500,1.10960852E+3,
712.100,1.40692249E+3,
712.2500,1.15439417E+3,
712.400,1.37635791E+3,
712.5500,1.35448145E+3,
712.700,1.41009607E+3,
712.8500,1.42709888E+3,
713.00,1.34010571E+3,
713.1500,1.64393213E+3,
713.300,1.45227222E+3,
713.4500,1.36449585E+3,
713.600,1.01308069E+3,
713.7500,1.29298987E+3,
713.900,1.24369604E+3,
714.0500,1.20736609E+3,
714.200,1.41027576E+3,
714.3500,1.14735498E+3,
714.500,1.35121069E+3,
714.6500,1.55619360E+3,
714.800,1.38562903E+3,
714.9500,1.69975598E+3,
715.100,1.51518640E+3,
715.2500,1.49240491E+3,
715.400,1.67358105E+3,
715.5500,1.33725940E+3,
715.700,1.61481189E+3,
715.8500,1.48222729E+3,
716.00,1.40392432E+3,
716.1500,1.42185754E+3,
716.300,1.63371558E+3,
716.4500,1.22195544E+3,
716.600,1.39268140E+3,
716.7500,1.10346729E+3,
716.900,1.23281384E+3,
717.0500,1.29264111E+3,
717.200,1.45140930E+3,
717.3500,1.21538672E+3,
717.500,1.16223718E+3,
717.6500,1.53522253E+3,
717.800,1.42565564E+3,
717.9500,1.48702258E+3,
718.100,1.31924121E+3,
718.2500,1.22236182E+3,
718.400,1.44220544E+3,
718.5500,1.04137268E+3,
718.700,1.24744446E+3,
718.8500,1.14921045E+3,
719.00,1.02122565E+3,
719.1500,1.49231006E+3,
719.300,1.45254553E+3,
719.4500,1.32426514E+3,
719.600,1.57890100E+3,
719.7500,1.52422253E+3,
719.900,1.38018079E+3,
720.0500,1.22040857E+3,
720.200,1.28358020E+3,
720.3500,1.22736108E+3,
720.500,1.33593005E+3,
720.6500,1.00856897E+3,
720.800,1.25298621E+3,
720.9500,1.57449475E+3,
721.100,1.10829102E+3,
721.2500,1.12662195E+3,
721.400,1.45039868E+3,
721.5500,1.36260925E+3,
721.700,1.47391492E+3,
721.8500,1.21632263E+3,
722.00,1.51310681E+3,
722.1500,1.45533484E+3,
722.300,1.19541150E+3,
722.4500,1.15199927E+3,
722.600,1.10834094E+3,
722.7500,1.03312903E+3,
722.900,1.27143152E+3,
723.0500,1.44809839E+3,
723.200,1.46793604E+3,
723.3500,1.25044861E+3,
723.500,1.50791992E+3,
723.6500,1.33706238E+3,
723.800,1.08542346E+3,
723.9500,1.15250537E+3,
724.100,1.44476636E+3,
724.2500,1.22356372E+3,
724.400,1.11409424E+3,
724.5500,1.31165051E+3,
724.700,1.05562390E+3,
724.8500,1.18900146E+3,
725.00,1.20880542E+3,
725.1500,1.19590759E+3,
725.300,1.06791956E+3,
725.4500,1.13691260E+3,
725.600,1.75161108E+3,
725.7500,1.09378247E+3,
725.900,1.39612231E+3,
726.0500,1.11676428E+3,
726.200,1.15332129E+3,
726.3500,9.88936768E+2,
726.500,1.22703235E+3,
726.6500,1.29790295E+3,
726.800,1.21703381E+3,
726.9500,1.11875513E+3,
727.100,8.49889526E+2,
727.2500,1.02267114E+3,
727.400,8.71663574E+2,
727.5500,9.42617676E+2,
727.700,8.42103333E+2,
727.8500,9.47827026E+2,
728.00,8.98603516E+2,
728.1500,1.28227600E+3,
728.300,9.55647217E+2,
728.4500,1.09764758E+3,
728.600,7.33769531E+2,
728.7500,8.58411926E+2,
728.900,9.13469360E+2,
729.0500,6.51763916E+2,
729.200,7.59575134E+2,
729.3500,7.61702515E+2,
729.500,1.01252942E+3,
729.6500,7.12541931E+2,
729.800,1.05395117E+3,
729.9500,8.24036865E+2,
730.100,1.07788452E+3,
730.2500,9.90883850E+2,
730.400,9.03381165E+2,
730.5500,8.15370300E+2,
730.700,9.99422058E+2,
730.8500,7.83609009E+2,
731.00,1.07827417E+3,
731.1500,1.09961365E+3,
731.300,6.61612000E+2,
731.4500,8.10901062E+2,
731.600,9.24060425E+2,
731.7500,9.63718567E+2,
731.900,1.04076624E+3,
732.0500,8.01389893E+2,
732.200,9.90482666E+2,
732.3500,1.18061414E+3,
732.500,7.89249634E+2,
732.6500,9.04494202E+2,
732.800,9.82579407E+2,
732.9500,9.28458313E+2,
733.100,8.36058838E+2,
733.2500,1.25763550E+3,
733.400,1.08921667E+3,
733.5500,1.22644617E+3,
733.700,9.22446533E+2,
733.8500,1.17560693E+3,
734.00,1.46885767E+3,
734.1500,1.39555835E+3,
734.300,1.73003711E+3,
734.4500,1.71553833E+3,
734.600,1.93555896E+3,
734.7500,1.70586768E+3,
734.900,1.94678613E+3,
735.0500,1.99183801E+3,
735.200,1.93818372E+3,
735.3500,1.80487598E+3,
735.500,1.57134546E+3,
735.6500,1.39631433E+3,
735.800,1.30028796E+3,
735.9500,1.36420190E+3,
736.100,1.32777698E+3,
736.2500,1.39195959E+3,
736.400,1.29465967E+3,
736.5500,1.29823718E+3,
736.700,1.15944373E+3,
736.8500,1.24424573E+3,
737.00,1.49314563E+3,
737.1500,9.84376343E+2,
737.300,1.35707751E+3,
737.4500,1.34003760E+3,
737.600,1.13686743E+3,
737.7500,1.63726440E+3,
737.900,1.47535437E+3,
738.0500,1.52087256E+3,
738.200,1.71272937E+3,
738.3500,1.98931689E+3,
738.500,1.57451978E+3,
738.6500,2.06262793E+3,
738.800,2.67982617E+3,
738.9500,2.75014893E+3,
739.100,2.60882397E+3,
739.2500,2.36047217E+3,
739.400,3.00630347E+3,
739.5500,2.67215503E+3,
739.700,2.16477612E+3,
739.8500,2.32089795E+3,
740.00,2.34855444E+3,
740.1500,1.85810986E+3,
740.300,1.84158203E+3,
740.4500,1.23836475E+3,
740.600,1.00215283E+3,
740.7500,1.17970557E+3,
740.900,1.33633533E+3,
741.0500,8.78720642E+2,
741.200,1.03536768E+3,
741.3500,9.27796753E+2,
741.500,1.01898907E+3,
741.6500,9.32977417E+2,
741.800,8.24202881E+2,
741.9500,1.00521234E+3,
742.100,8.28775024E+2,
742.2500,3.81823486E+2,
742.400,8.55811279E+2,
742.5500,6.09732117E+2,
742.700,7.69905640E+2,
742.8500,6.58477173E+2,
743.00,6.37508728E+2,
743.1500,5.93596191E+2,
743.300,9.84410522E+2,
743.4500,6.19817688E+2,
743.600,6.44542358E+2,
743.7500,6.00152222E+2,
743.900,7.17540222E+2,
744.0500,5.33840637E+2,
744.200,5.35325317E+2,
744.3500,7.23533569E+2,
744.500,5.61715881E+2,
744.6500,3.52052307E+2,
744.800,6.35463562E+2,
744.9500,5.42835327E+2,
745.100,5.67996399E+2,
745.2500,5.69548889E+2,
745.400,5.94904175E+2,
745.5500,3.10197235E+2,
745.700,8.37437927E+2,
745.8500,7.19774902E+2,
746.00,7.93928955E+2,
746.1500,8.20132690E+2,
746.300,9.19023315E+2,
746.4500,8.97190063E+2,
746.600,1.11835876E+3,
746.7500,7.80036865E+2,
746.900,8.79854919E+2,
747.0500,6.37091919E+2,
747.200,6.38670654E+2,
747.3500,4.67877960E+2,
747.500,4.44352844E+2,
747.6500,8.16671143E+2,
747.800,4.96182220E+2,
747.9500,5.72030029E+2,
748.100,7.97840820E+2,
748.2500,6.99838806E+2,
748.400,5.01124023E+2,
748.5500,3.26538055E+2,
748.700,5.79155884E+2,
748.8500,3.78648804E+2,
749.00,1.51836197E+2,
749.1500,6.08963440E+2,
749.300,5.08822479E+2,
749.4500,3.82636261E+2,
749.600,3.32504547E+2,
749.7500,5.89851563E+2,
749.900,5.14289307E+2,
750.0500,2.83620026E+2,
