Labels,32C_15_300K,
Type,Emission Scan,
Comment,,
Start,252.00,
Stop,750.00,
Step,0.150,
Fixed/Offset,248.400,
Xaxis,Wavelength,
Yaxis,Counts,
Scan Corr. by File,True,
Corr. by Ref. Det.,False,
Fixed/Offset Corr. by File,False,
Repeats,1,
Dwell Time,0.20,
Lamp,Xe,
Temp,26.850,
Scan Polariser,None,
Scan Slit,0.2520,
Fixed/Offset Polariser,None,
Fixed/Offset Slit,2.9970,
Detector,Red PMT,

252.00,3.69626797E+4,
252.1500,1.62848281E+4,
252.300,1.58504043E+4,
252.4500,1.63310010E+4,
252.600,1.53746729E+4,
252.7500,1.52342256E+4,
252.900,1.50974189E+4,
253.0500,1.41887637E+4,
253.200,1.30375107E+4,
253.3500,1.53763164E+4,
253.500,1.36752900E+4,
253.6500,1.22660244E+4,
253.800,1.48990996E+4,
253.9500,1.16599551E+4,
254.100,1.04801064E+4,
254.2500,1.26162939E+4,
254.400,1.26986348E+4,
254.5500,1.21279854E+4,
254.700,1.17884912E+4,
254.8500,1.15292539E+4,
255.00,1.29282148E+4,
255.1500,1.47312793E+4,
255.300,1.28189941E+4,
255.4500,1.22112393E+4,
255.600,1.37421943E+4,
255.7500,1.40223809E+4,
255.900,1.59707832E+4,
256.0500,1.17362197E+4,
256.200,1.39404736E+4,
256.3500,1.25255146E+4,
256.500,1.44106279E+4,
256.6500,1.65195742E+4,
256.800,1.46793428E+4,
256.9500,1.57748701E+4,
257.100,1.61164287E+4,
257.2500,1.82080566E+4,
257.400,1.82290703E+4,
257.5500,1.68487871E+4,
257.700,1.64295586E+4,
257.8500,1.75797813E+4,
258.00,1.92872813E+4,
258.1500,1.74726016E+4,
258.300,1.96422695E+4,
258.4500,2.09420020E+4,
258.600,1.93679902E+4,
258.7500,2.10883887E+4,
258.900,2.12244219E+4,
259.0500,2.21522012E+4,
259.200,2.16909199E+4,
259.3500,2.30519824E+4,
259.500,2.37354785E+4,
259.6500,2.41052656E+4,
259.800,2.41333945E+4,
259.9500,2.63151191E+4,
260.100,2.74267949E+4,
260.2500,2.77521152E+4,
260.400,2.88467324E+4,
260.5500,3.04865410E+4,
260.700,2.87810723E+4,
260.8500,2.98137969E+4,
261.00,3.24415234E+4,
261.1500,3.38183047E+4,
261.300,3.19962090E+4,
261.4500,3.30201055E+4,
261.600,3.52041719E+4,
261.7500,3.59148555E+4,
261.900,3.74227031E+4,
262.0500,3.94231367E+4,
262.200,3.83088281E+4,
262.3500,3.90223984E+4,
262.500,4.04268125E+4,
262.6500,4.11874883E+4,
262.800,4.09506211E+4,
262.9500,4.32683438E+4,
263.100,4.34948047E+4,
263.2500,4.33170977E+4,
263.400,4.26025781E+4,
263.5500,4.29098164E+4,
263.700,4.56046953E+4,
263.8500,4.32364883E+4,
264.00,4.66874063E+4,
264.1500,4.79692617E+4,
264.300,4.70173633E+4,
264.4500,4.95562070E+4,
264.600,4.84133242E+4,
264.7500,4.86942383E+4,
264.900,5.05901133E+4,
265.0500,5.09177383E+4,
265.200,4.99657227E+4,
265.3500,4.97019531E+4,
265.500,5.24461250E+4,
265.6500,5.30891719E+4,
265.800,5.33177422E+4,
265.9500,5.32187031E+4,
266.100,5.44915859E+4,
266.2500,5.49423594E+4,
266.400,5.40438711E+4,
266.5500,5.37765078E+4,
266.700,5.57595625E+4,
266.8500,5.45493789E+4,
267.00,5.72843008E+4,
267.1500,5.75401602E+4,
267.300,5.79239570E+4,
267.4500,5.88103828E+4,
267.600,5.95234727E+4,
267.7500,5.82761055E+4,
267.900,5.81974531E+4,
268.0500,6.05426758E+4,
268.200,5.92138594E+4,
268.3500,5.84549258E+4,
268.500,5.85835820E+4,
268.6500,6.11041328E+4,
268.800,5.85823359E+4,
268.9500,5.93898906E+4,
269.100,6.12922070E+4,
269.2500,5.99138711E+4,
269.400,5.82615352E+4,
269.5500,6.15108320E+4,
269.700,6.13441367E+4,
269.8500,6.06591367E+4,
270.00,5.84200000E+4,
270.1500,6.03188125E+4,
270.300,6.27285195E+4,
270.4500,6.02594531E+4,
270.600,5.85302813E+4,
270.7500,6.18421836E+4,
270.900,5.98522656E+4,
271.0500,6.26686719E+4,
271.200,6.08551250E+4,
271.3500,6.05219805E+4,
271.500,6.04737070E+4,
271.6500,6.09131719E+4,
271.800,6.22794023E+4,
271.9500,6.19041250E+4,
272.100,5.92907500E+4,
272.2500,6.04852422E+4,
272.400,5.94771406E+4,
272.5500,6.09815234E+4,
272.700,6.26095977E+4,
272.8500,5.99139727E+4,
273.00,5.84134844E+4,
273.1500,6.09582773E+4,
273.300,5.92007813E+4,
273.4500,5.93122070E+4,
273.600,5.95464414E+4,
273.7500,5.96033047E+4,
273.900,5.87891602E+4,
274.0500,6.01779531E+4,
274.200,6.04731836E+4,
274.3500,5.89766719E+4,
274.500,6.00089805E+4,
274.6500,6.12460352E+4,
274.800,6.04683359E+4,
274.9500,5.98916445E+4,
275.100,6.02297656E+4,
275.2500,6.16370508E+4,
275.400,6.11909570E+4,
275.5500,5.97726172E+4,
275.700,6.06383984E+4,
275.8500,6.08613711E+4,
276.00,5.96268242E+4,
276.1500,6.28612969E+4,
276.300,5.78632813E+4,
276.4500,6.05977070E+4,
276.600,5.98053711E+4,
276.7500,6.21459492E+4,
276.900,6.02040703E+4,
277.0500,6.09828945E+4,
277.200,5.95517695E+4,
277.3500,5.93644531E+4,
277.500,5.96254531E+4,
277.6500,6.25284297E+4,
277.800,5.88613008E+4,
277.9500,5.87039531E+4,
278.100,5.99506797E+4,
278.2500,5.95826016E+4,
278.400,6.07423828E+4,
278.5500,5.79271836E+4,
278.700,5.75180469E+4,
278.8500,5.86513047E+4,
279.00,5.82166758E+4,
279.1500,5.83338008E+4,
279.300,5.89845742E+4,
279.4500,5.87793242E+4,
279.600,5.85873633E+4,
279.7500,5.69577578E+4,
279.900,5.85933281E+4,
280.0500,5.83303867E+4,
280.200,5.75226680E+4,
280.3500,5.85256602E+4,
280.500,5.68745820E+4,
280.6500,5.60339258E+4,
280.800,5.83758984E+4,
280.9500,5.81190625E+4,
281.100,5.80717578E+4,
281.2500,5.55652695E+4,
281.400,5.76276992E+4,
281.5500,5.64207891E+4,
281.700,5.53852578E+4,
281.8500,5.58950117E+4,
282.00,5.46975508E+4,
282.1500,5.39340781E+4,
282.300,5.40695938E+4,
282.4500,5.43648047E+4,
282.600,5.47663750E+4,
282.7500,5.28850664E+4,
282.900,5.36378516E+4,
283.0500,5.40660898E+4,
283.200,5.12096914E+4,
283.3500,5.36834922E+4,
283.500,5.24473242E+4,
283.6500,5.25176445E+4,
283.800,5.12561172E+4,
283.9500,5.18161719E+4,
284.100,5.14003477E+4,
284.2500,5.02348203E+4,
284.400,5.05574648E+4,
284.5500,4.93897734E+4,
284.700,4.96381133E+4,
284.8500,4.99289922E+4,
285.00,4.95218906E+4,
285.1500,4.97901953E+4,
285.300,5.17628789E+4,
285.4500,5.07098711E+4,
285.600,5.11244102E+4,
285.7500,4.94853945E+4,
285.900,4.96762109E+4,
286.0500,4.79478242E+4,
286.200,4.77350938E+4,
286.3500,4.68075156E+4,
286.500,4.58897617E+4,
286.6500,4.52407695E+4,
286.800,4.55829570E+4,
286.9500,4.49703633E+4,
287.100,4.47634023E+4,
287.2500,4.49643516E+4,
287.400,4.52102109E+4,
287.5500,4.43932227E+4,
287.700,4.43799375E+4,
287.8500,4.34902500E+4,
288.00,4.39955508E+4,
288.1500,4.27911875E+4,
288.300,4.19800742E+4,
288.4500,4.16073398E+4,
288.600,4.15210625E+4,
288.7500,4.14347617E+4,
288.900,4.13394844E+4,
289.0500,4.04570898E+4,
289.200,4.14697344E+4,
289.3500,4.11288711E+4,
289.500,4.13704414E+4,
289.6500,3.93996289E+4,
289.800,3.94892227E+4,
289.9500,3.91758828E+4,
290.100,4.03190508E+4,
290.2500,3.90049961E+4,
290.400,3.76032422E+4,
290.5500,3.86412500E+4,
290.700,3.70183516E+4,
290.8500,3.77342031E+4,
291.00,3.85827461E+4,
291.1500,3.77577930E+4,
291.300,3.71479727E+4,
291.4500,3.64949414E+4,
291.600,3.73341367E+4,
291.7500,3.54943047E+4,
291.900,3.52611328E+4,
292.0500,3.57753633E+4,
292.200,3.47416602E+4,
292.3500,3.39049531E+4,
292.500,3.42856992E+4,
292.6500,3.37596680E+4,
292.800,3.36213555E+4,
292.9500,3.45001055E+4,
293.100,3.47466172E+4,
293.2500,3.29355977E+4,
293.400,3.28921328E+4,
293.5500,3.31097500E+4,
293.700,3.30397930E+4,
293.8500,3.27445879E+4,
294.00,3.38521992E+4,
294.1500,3.27997852E+4,
294.300,3.27340039E+4,
294.4500,3.19549766E+4,
294.600,3.22512617E+4,
294.7500,3.16648047E+4,
294.900,3.25320352E+4,
295.0500,3.18054551E+4,
295.200,3.13685781E+4,
295.3500,3.12727012E+4,
295.500,3.11180645E+4,
295.6500,3.11409492E+4,
295.800,3.00046504E+4,
295.9500,3.06832930E+4,
296.100,2.98026035E+4,
296.2500,2.96543477E+4,
296.400,2.98385820E+4,
296.5500,2.91534902E+4,
296.700,2.90658301E+4,
296.8500,2.93645234E+4,
297.00,2.93009316E+4,
297.1500,2.94998848E+4,
297.300,2.97295918E+4,
297.4500,2.87110781E+4,
297.600,2.96026035E+4,
297.7500,2.89772891E+4,
297.900,2.81963945E+4,
298.0500,2.86365176E+4,
298.200,2.89532910E+4,
298.3500,2.88799336E+4,
298.500,2.93027754E+4,
298.6500,2.88988457E+4,
298.800,2.89663281E+4,
298.9500,3.00978789E+4,
299.100,2.85267246E+4,
299.2500,2.78671367E+4,
299.400,2.81105625E+4,
299.5500,2.82675527E+4,
299.700,2.74193809E+4,
299.8500,2.76380371E+4,
300.00,2.76811895E+4,
300.1500,2.82771348E+4,
300.300,2.80088945E+4,
300.4500,2.70743359E+4,
300.600,2.74199102E+4,
300.7500,2.75853555E+4,
300.900,2.75878516E+4,
301.0500,2.82730527E+4,
301.200,2.75543945E+4,
301.3500,2.65104883E+4,
301.500,2.74300918E+4,
301.6500,2.77114824E+4,
301.800,2.79685176E+4,
301.9500,2.80032773E+4,
302.100,2.77440703E+4,
302.2500,2.80034570E+4,
302.400,2.78067090E+4,
302.5500,2.81388750E+4,
302.700,2.73421855E+4,
302.8500,2.77894980E+4,
303.00,2.72137539E+4,
303.1500,2.79476504E+4,
303.300,2.79093535E+4,
303.4500,2.79047012E+4,
303.600,2.84084355E+4,
303.7500,2.82208926E+4,
303.900,2.68295840E+4,
304.0500,2.66965410E+4,
304.200,2.75586152E+4,
304.3500,2.73487090E+4,
304.500,2.81523711E+4,
304.6500,2.77538086E+4,
304.800,2.73911406E+4,
304.9500,2.82257461E+4,
305.100,2.81433711E+4,
305.2500,2.79036367E+4,
305.400,2.82380762E+4,
305.5500,2.72053574E+4,
305.700,2.82485469E+4,
305.8500,2.86865547E+4,
306.00,2.72843906E+4,
306.1500,2.82539668E+4,
306.300,2.81769512E+4,
306.4500,2.74937949E+4,
306.600,2.76741758E+4,
306.7500,2.77503418E+4,
306.900,2.85243066E+4,
307.0500,2.78099688E+4,
307.200,2.79180469E+4,
307.3500,2.80012148E+4,
307.500,2.69181934E+4,
307.6500,2.72087188E+4,
307.800,2.79249180E+4,
307.9500,2.77858281E+4,
308.100,2.83533125E+4,
308.2500,2.79154180E+4,
308.400,2.77826309E+4,
308.5500,2.75433945E+4,
308.700,2.76886523E+4,
308.8500,2.78713730E+4,
309.00,2.71829902E+4,
309.1500,2.80074121E+4,
309.300,2.73121406E+4,
309.4500,2.65080469E+4,
309.600,2.67055059E+4,
309.7500,2.79332441E+4,
309.900,2.71314824E+4,
310.0500,2.68437500E+4,
310.200,2.66883242E+4,
310.3500,2.64221582E+4,
310.500,2.77390352E+4,
310.6500,2.66038711E+4,
310.800,2.80223223E+4,
310.9500,2.74187656E+4,
311.100,2.65373027E+4,
311.2500,2.69501133E+4,
311.400,2.72969395E+4,
311.5500,2.64387637E+4,
311.700,2.62729141E+4,
311.8500,2.68715391E+4,
312.00,2.63601855E+4,
312.1500,2.69111797E+4,
312.300,2.66837813E+4,
312.4500,2.61130137E+4,
312.600,2.64678359E+4,
312.7500,2.67201563E+4,
312.900,2.67133535E+4,
313.0500,2.60101426E+4,
313.200,2.67593203E+4,
313.3500,2.62544238E+4,
313.500,2.66076133E+4,
313.6500,2.58555176E+4,
313.800,2.55280938E+4,
313.9500,2.62193828E+4,
314.100,2.66077637E+4,
314.2500,2.58673613E+4,
314.400,2.55730684E+4,
314.5500,2.55215000E+4,
314.700,2.55875586E+4,
314.8500,2.61961953E+4,
315.00,2.63006426E+4,
315.1500,2.49726250E+4,
315.300,2.61458926E+4,
315.4500,2.56213027E+4,
315.600,2.48658164E+4,
315.7500,2.55494941E+4,
315.900,2.47764258E+4,
316.0500,2.52836270E+4,
316.200,2.50103359E+4,
316.3500,2.48381055E+4,
316.500,2.55445742E+4,
316.6500,2.49764746E+4,
316.800,2.46176875E+4,
316.9500,2.47867715E+4,
317.100,2.42298379E+4,
317.2500,2.48021738E+4,
317.400,2.44397773E+4,
317.5500,2.48050586E+4,
317.700,2.42122227E+4,
317.8500,2.41167188E+4,
318.00,2.47706602E+4,
318.1500,2.43443496E+4,
318.300,2.44225352E+4,
318.4500,2.42151973E+4,
318.600,2.30752559E+4,
318.7500,2.33318535E+4,
318.900,2.44891309E+4,
319.0500,2.39773516E+4,
319.200,2.33130879E+4,
319.3500,2.39794980E+4,
319.500,2.39993281E+4,
319.6500,2.41621777E+4,
319.800,2.38573555E+4,
319.9500,2.28583457E+4,
320.100,2.36638652E+4,
320.2500,2.31236543E+4,
320.400,2.30725430E+4,
320.5500,2.25863184E+4,
320.700,2.35658809E+4,
320.8500,2.26601602E+4,
321.00,2.26143223E+4,
321.1500,2.20628535E+4,
321.300,2.19107930E+4,
321.4500,2.19428770E+4,
321.600,2.24221328E+4,
321.7500,2.22414355E+4,
321.900,2.17742246E+4,
322.0500,2.23638184E+4,
322.200,2.20023906E+4,
322.3500,2.18514609E+4,
322.500,2.17091406E+4,
322.6500,2.19310254E+4,
322.800,2.15656738E+4,
322.9500,2.16393672E+4,
323.100,2.19080254E+4,
323.2500,2.09846914E+4,
323.400,2.03617305E+4,
323.5500,2.06473867E+4,
323.700,2.08765098E+4,
323.8500,2.10612891E+4,
324.00,2.11003848E+4,
324.1500,2.00831934E+4,
324.300,2.06427109E+4,
324.4500,2.03259824E+4,
324.600,1.99564121E+4,
324.7500,2.05002715E+4,
324.900,1.97154863E+4,
325.0500,1.99885059E+4,
325.200,1.94210918E+4,
325.3500,1.98054746E+4,
325.500,1.96800293E+4,
325.6500,1.94407168E+4,
325.800,1.88374023E+4,
325.9500,1.89915117E+4,
326.100,1.87716895E+4,
326.2500,1.90104160E+4,
326.400,1.90294355E+4,
326.5500,1.87098516E+4,
326.700,1.79112852E+4,
326.8500,1.87071523E+4,
327.00,1.82816621E+4,
327.1500,1.85945293E+4,
327.300,1.82400840E+4,
327.4500,1.75528457E+4,
327.600,1.76722988E+4,
327.7500,1.80092969E+4,
327.900,1.75699746E+4,
328.0500,1.77295508E+4,
328.200,1.68277188E+4,
328.3500,1.75284805E+4,
328.500,1.73149141E+4,
328.6500,1.71787930E+4,
328.800,1.71051035E+4,
328.9500,1.67550020E+4,
329.100,1.67309609E+4,
329.2500,1.62580713E+4,
329.400,1.65468457E+4,
329.5500,1.61047354E+4,
329.700,1.63889473E+4,
329.8500,1.59845674E+4,
330.00,1.57719902E+4,
330.1500,1.60434844E+4,
330.300,1.61850771E+4,
330.4500,1.55825635E+4,
330.600,1.51354453E+4,
330.7500,1.58120469E+4,
330.900,1.56255391E+4,
331.0500,1.48897871E+4,
331.200,1.50155771E+4,
331.3500,1.47267236E+4,
331.500,1.49476738E+4,
331.6500,1.48855449E+4,
331.800,1.48869580E+4,
331.9500,1.47264688E+4,
332.100,1.41095771E+4,
332.2500,1.41818154E+4,
332.400,1.43973145E+4,
332.5500,1.38954287E+4,
332.700,1.44490947E+4,
332.8500,1.41019199E+4,
333.00,1.36375010E+4,
333.1500,1.38021299E+4,
333.300,1.31929277E+4,
333.4500,1.39668203E+4,
333.600,1.35976963E+4,
333.7500,1.25260010E+4,
333.900,1.30248408E+4,
334.0500,1.26693369E+4,
334.200,1.21125840E+4,
334.3500,1.30550352E+4,
334.500,1.24822773E+4,
334.6500,1.28368428E+4,
334.800,1.25696699E+4,
334.9500,1.23101436E+4,
335.100,1.22458926E+4,
335.2500,1.21516504E+4,
335.400,1.18239531E+4,
335.5500,1.20856318E+4,
335.700,1.16576885E+4,
335.8500,1.14602715E+4,
336.00,1.16470723E+4,
336.1500,1.20822705E+4,
336.300,1.14224346E+4,
336.4500,1.13105635E+4,
336.600,1.13160371E+4,
336.7500,1.10176191E+4,
336.900,1.14601045E+4,
337.0500,1.16309912E+4,
337.200,1.10194336E+4,
337.3500,1.07216846E+4,
337.500,1.08751494E+4,
337.6500,1.05025645E+4,
337.800,1.04776162E+4,
337.9500,1.02057090E+4,
338.100,1.01760439E+4,
338.2500,1.00241094E+4,
338.400,1.01804385E+4,
338.5500,1.01759932E+4,
338.700,9.90743652E+3,
338.8500,9.69197461E+3,
339.00,1.00520146E+4,
339.1500,9.86373047E+3,
339.300,9.52434277E+3,
339.4500,9.55081152E+3,
339.600,9.44841699E+3,
339.7500,9.51654004E+3,
339.900,9.35051953E+3,
340.0500,8.98686426E+3,
340.200,9.30321582E+3,
340.3500,9.16332617E+3,
340.500,9.31902734E+3,
340.6500,8.99610938E+3,
340.800,9.01243848E+3,
340.9500,8.74520215E+3,
341.100,9.29945703E+3,
341.2500,8.92656445E+3,
341.400,8.80551953E+3,
341.5500,8.97510254E+3,
341.700,8.81081445E+3,
341.8500,8.53546582E+3,
342.00,8.61758105E+3,
342.1500,8.42180957E+3,
342.300,8.17753223E+3,
342.4500,7.97738525E+3,
342.600,8.01445264E+3,
342.7500,7.99004736E+3,
342.900,7.78542627E+3,
343.0500,8.12126709E+3,
343.200,8.13005957E+3,
343.3500,7.72302490E+3,
343.500,7.48432129E+3,
343.6500,7.67257959E+3,
343.800,7.47416016E+3,
343.9500,7.65546484E+3,
344.100,7.50810547E+3,
344.2500,7.51661279E+3,
344.400,7.31011133E+3,
344.5500,7.52441016E+3,
344.700,7.18513232E+3,
344.8500,7.27710645E+3,
345.00,7.35971143E+3,
345.1500,7.26038330E+3,
345.300,7.31146240E+3,
345.4500,7.20095264E+3,
345.600,6.87167676E+3,
345.7500,6.96697363E+3,
345.900,6.87556738E+3,
346.0500,6.89161133E+3,
346.200,6.79120850E+3,
346.3500,6.97108789E+3,
346.500,6.91406299E+3,
346.6500,6.69096387E+3,
346.800,6.89804590E+3,
346.9500,6.77880127E+3,
347.100,6.42982324E+3,
347.2500,6.64424170E+3,
347.400,6.58593506E+3,
347.5500,6.50534180E+3,
347.700,6.80475732E+3,
347.8500,6.57248975E+3,
348.00,6.41137891E+3,
348.1500,6.49395605E+3,
348.300,6.26737939E+3,
348.4500,6.33316113E+3,
348.600,6.16349658E+3,
348.7500,6.40007324E+3,
348.900,6.29981348E+3,
349.0500,5.97499072E+3,
349.200,6.19292041E+3,
349.3500,6.28959473E+3,
349.500,6.08935205E+3,
349.6500,6.10435400E+3,
349.800,6.05164746E+3,
349.9500,5.85636084E+3,
350.100,5.91911426E+3,
350.2500,5.82021973E+3,
350.400,5.81000586E+3,
350.5500,5.63744287E+3,
350.700,5.55347070E+3,
350.8500,5.57049268E+3,
351.00,5.84313135E+3,
351.1500,5.72154248E+3,
351.300,5.58497607E+3,
351.4500,5.71818945E+3,
351.600,5.46791846E+3,
351.7500,5.46307080E+3,
351.900,5.84345996E+3,
352.0500,5.37347119E+3,
352.200,5.43317676E+3,
352.3500,5.31833643E+3,
352.500,5.39816748E+3,
352.6500,5.04748779E+3,
352.800,5.37103076E+3,
352.9500,5.28548389E+3,
353.100,5.42708057E+3,
353.2500,5.28889111E+3,
353.400,5.20161670E+3,
353.5500,5.27454590E+3,
353.700,5.31711523E+3,
353.8500,5.11643555E+3,
354.00,4.97878418E+3,
354.1500,4.77752734E+3,
354.300,4.94082227E+3,
354.4500,5.01981787E+3,
354.600,4.88369092E+3,
354.7500,4.86020947E+3,
354.900,4.93856787E+3,
355.0500,5.04053174E+3,
355.200,4.93972803E+3,
355.3500,4.85873340E+3,
355.500,5.07941016E+3,
355.6500,4.90072607E+3,
355.800,4.78965967E+3,
355.9500,4.67691406E+3,
356.100,4.74903467E+3,
356.2500,4.76194043E+3,
356.400,4.54735596E+3,
356.5500,4.61682422E+3,
356.700,4.71142578E+3,
356.8500,4.66377783E+3,
357.00,4.58168848E+3,
357.1500,4.52994336E+3,
357.300,4.54976367E+3,
357.4500,4.37463574E+3,
357.600,4.23258398E+3,
357.7500,4.33731104E+3,
357.900,4.19849609E+3,
358.0500,4.35230225E+3,
358.200,4.41478223E+3,
358.3500,4.32400146E+3,
358.500,4.33906055E+3,
358.6500,4.17759424E+3,
358.800,4.35542773E+3,
358.9500,4.21041309E+3,
359.100,4.24312549E+3,
359.2500,4.07279590E+3,
359.400,4.22865723E+3,
359.5500,4.34843604E+3,
359.700,4.24479541E+3,
359.8500,4.06348633E+3,
360.00,4.19338281E+3,
360.1500,4.22695166E+3,
360.300,4.14826318E+3,
360.4500,4.03357227E+3,
360.600,4.06082349E+3,
360.7500,4.14543652E+3,
360.900,3.97654053E+3,
361.0500,4.07130786E+3,
361.200,4.18211475E+3,
361.3500,3.94288257E+3,
361.500,4.14138721E+3,
361.6500,3.77426538E+3,
361.800,3.85738379E+3,
361.9500,3.89009546E+3,
362.100,3.82707593E+3,
362.2500,3.69393408E+3,
362.400,4.07306030E+3,
362.5500,3.81033936E+3,
362.700,4.02767041E+3,
362.8500,3.86667065E+3,
363.00,3.80669092E+3,
363.1500,3.76969824E+3,
363.300,3.86153955E+3,
363.4500,3.71461182E+3,
363.600,3.64760181E+3,
363.7500,3.70686401E+3,
363.900,3.60367090E+3,
364.0500,3.77596094E+3,
364.200,3.73456299E+3,
364.3500,3.82457544E+3,
364.500,3.61617188E+3,
364.6500,3.74039526E+3,
364.800,3.63941211E+3,
364.9500,3.69314722E+3,
365.100,3.61990283E+3,
365.2500,3.49272314E+3,
365.400,3.58722290E+3,
365.5500,3.70327856E+3,
365.700,3.63643042E+3,
365.8500,3.73425684E+3,
366.00,3.73889502E+3,
366.1500,3.67268066E+3,
366.300,3.53787500E+3,
366.4500,3.59425195E+3,
366.600,3.60929688E+3,
366.7500,3.74575122E+3,
366.900,3.60423511E+3,
367.0500,3.65844653E+3,
367.200,3.72043237E+3,
367.3500,3.55280908E+3,
367.500,3.68671729E+3,
367.6500,3.66518872E+3,
367.800,3.82375049E+3,
367.9500,3.68626660E+3,
368.100,3.61974756E+3,
368.2500,3.70900098E+3,
368.400,3.73458716E+3,
368.5500,3.52046118E+3,
368.700,3.75313892E+3,
368.8500,3.55901294E+3,
369.00,3.61546216E+3,
369.1500,3.86604980E+3,
369.300,3.65050464E+3,
369.4500,3.62162109E+3,
369.600,3.51167139E+3,
369.7500,3.77003296E+3,
369.900,3.69802734E+3,
370.0500,3.55108887E+3,
370.200,3.71364673E+3,
370.3500,3.60821973E+3,
370.500,3.52944873E+3,
370.6500,3.57767090E+3,
370.800,3.62575879E+3,
370.9500,3.49763013E+3,
371.100,3.56038721E+3,
371.2500,3.67819580E+3,
371.400,3.56537329E+3,
371.5500,3.65341235E+3,
371.700,3.47524097E+3,
371.8500,3.53579248E+3,
372.00,3.51580371E+3,
372.1500,3.57937939E+3,
372.300,3.52272559E+3,
372.4500,3.41374878E+3,
372.600,3.41758154E+3,
372.7500,3.45219019E+3,
372.900,3.45786426E+3,
373.0500,3.53555566E+3,
373.200,3.54826318E+3,
373.3500,3.45878491E+3,
373.500,3.63099561E+3,
373.6500,3.39001538E+3,
373.800,3.30867822E+3,
373.9500,3.52485547E+3,
374.100,3.37928613E+3,
374.2500,3.42907031E+3,
374.400,3.40620776E+3,
374.5500,3.50351855E+3,
374.700,3.35037476E+3,
374.8500,3.42995752E+3,
375.00,3.47244409E+3,
375.1500,3.31772192E+3,
375.300,3.49915991E+3,
375.4500,3.45849707E+3,
375.600,3.53288232E+3,
375.7500,3.53238086E+3,
375.900,3.53021704E+3,
376.0500,3.49354785E+3,
376.200,3.40015332E+3,
376.3500,3.42255005E+3,
376.500,3.73700659E+3,
376.6500,3.28549463E+3,
376.800,3.32527881E+3,
376.9500,3.32567993E+3,
377.100,3.41508936E+3,
377.2500,3.41247656E+3,
377.400,3.21963843E+3,
377.5500,3.42948828E+3,
377.700,3.38977197E+3,
377.8500,3.35193408E+3,
378.00,3.29402124E+3,
378.1500,3.40671094E+3,
378.300,3.30209155E+3,
378.4500,3.31877271E+3,
378.600,3.40755762E+3,
378.7500,3.41407080E+3,
378.900,3.30859595E+3,
379.0500,3.38533301E+3,
379.200,3.33333228E+3,
379.3500,3.27654907E+3,
379.500,3.29973779E+3,
379.6500,3.37764648E+3,
379.800,3.31621875E+3,
379.9500,3.25336475E+3,
380.100,3.15713916E+3,
380.2500,3.32968433E+3,
380.400,3.34535864E+3,
380.5500,3.27396265E+3,
380.700,3.36193286E+3,
380.8500,3.40708984E+3,
381.00,3.23475098E+3,
381.1500,3.08477393E+3,
381.300,3.29524707E+3,
381.4500,3.10847217E+3,
381.600,3.17384961E+3,
381.7500,3.09820117E+3,
381.900,3.25877368E+3,
382.0500,3.23310938E+3,
382.200,3.21679272E+3,
382.3500,3.12672827E+3,
382.500,3.04830029E+3,
382.6500,3.14138257E+3,
382.800,2.94521240E+3,
382.9500,3.07805957E+3,
383.100,3.08799976E+3,
383.2500,3.07096973E+3,
383.400,3.00336401E+3,
383.5500,2.99455908E+3,
383.700,2.96373877E+3,
383.8500,2.95040674E+3,
384.00,2.85697705E+3,
384.1500,3.06181372E+3,
384.300,2.94011182E+3,
384.4500,2.85643408E+3,
384.600,2.99159131E+3,
384.7500,2.90042969E+3,
384.900,2.94025244E+3,
385.0500,2.84318823E+3,
385.200,2.92116016E+3,
385.3500,2.87056909E+3,
385.500,2.83410645E+3,
385.6500,2.87790088E+3,
385.800,2.86624292E+3,
385.9500,2.75956860E+3,
386.100,2.84773096E+3,
386.2500,2.87750708E+3,
386.400,2.95449902E+3,
386.5500,2.89118018E+3,
386.700,2.86309009E+3,
386.8500,2.81390723E+3,
387.00,2.62866333E+3,
387.1500,2.86742993E+3,
387.300,2.78852710E+3,
387.4500,2.69035132E+3,
387.600,2.80007202E+3,
387.7500,2.81037598E+3,
387.900,2.69478516E+3,
388.0500,2.72160107E+3,
388.200,2.77193896E+3,
388.3500,2.79828320E+3,
388.500,2.77099731E+3,
388.6500,2.73344775E+3,
388.800,2.83250073E+3,
388.9500,2.80837329E+3,
389.100,2.80310742E+3,
389.2500,2.81684131E+3,
389.400,2.83939673E+3,
389.5500,2.82811621E+3,
389.700,2.76706348E+3,
389.8500,2.67847095E+3,
390.00,2.75094922E+3,
390.1500,2.76342358E+3,
390.300,2.81228101E+3,
390.4500,2.85083154E+3,
390.600,2.78340234E+3,
390.7500,2.56566748E+3,
390.900,2.73753369E+3,
391.0500,2.62767651E+3,
391.200,2.64538281E+3,
391.3500,2.65155811E+3,
391.500,2.75543506E+3,
391.6500,2.79305273E+3,
391.800,2.69450537E+3,
391.9500,2.80940625E+3,
392.100,2.75861768E+3,
392.2500,2.64392944E+3,
392.400,2.56660059E+3,
392.5500,2.68163892E+3,
392.700,2.72249951E+3,
392.8500,2.91380737E+3,
393.00,2.67777759E+3,
393.1500,2.67793628E+3,
393.300,2.68661011E+3,
393.4500,2.72070435E+3,
393.600,2.84495557E+3,
393.7500,2.72533813E+3,
393.900,2.68763062E+3,
394.0500,2.74524609E+3,
394.200,2.62844873E+3,
394.3500,2.69671606E+3,
394.500,2.75361719E+3,
394.6500,2.61798901E+3,
394.800,2.76814673E+3,
394.9500,2.65940894E+3,
395.100,2.87427124E+3,
395.2500,2.87380273E+3,
395.400,2.88581665E+3,
395.5500,2.77495679E+3,
395.700,2.84367285E+3,
395.8500,2.93423047E+3,
396.00,2.79643213E+3,
396.1500,2.64138989E+3,
396.300,2.78552368E+3,
396.4500,2.76645801E+3,
396.600,2.74064771E+3,
396.7500,2.75314063E+3,
396.900,2.68524829E+3,
397.0500,2.84078491E+3,
397.200,2.70534546E+3,
397.3500,2.86069019E+3,
397.500,2.79339111E+3,
397.6500,2.81969141E+3,
397.800,2.73103223E+3,
397.9500,2.75199414E+3,
398.100,2.72335059E+3,
398.2500,2.63700781E+3,
398.400,2.74604810E+3,
398.5500,2.56173364E+3,
398.700,2.65992310E+3,
398.8500,2.71096509E+3,
399.00,2.58092627E+3,
399.1500,2.47960254E+3,
399.300,2.55648315E+3,
399.4500,2.57440723E+3,
399.600,2.67516528E+3,
399.7500,2.48604663E+3,
399.900,2.56139771E+3,
400.0500,2.51010156E+3,
400.200,2.33500977E+3,
400.3500,2.29468994E+3,
400.500,2.58286011E+3,
400.6500,2.36214331E+3,
400.800,2.43370752E+3,
400.9500,2.43850781E+3,
401.100,2.40967627E+3,
401.2500,2.31327759E+3,
401.400,2.29266138E+3,
401.5500,2.42433008E+3,
401.700,2.38524023E+3,
401.8500,2.35856030E+3,
402.00,2.28455396E+3,
402.1500,2.28740430E+3,
402.300,2.29332153E+3,
402.4500,2.38000195E+3,
402.600,2.27626978E+3,
402.7500,2.37037915E+3,
402.900,2.37776343E+3,
403.0500,2.40179492E+3,
403.200,2.45448877E+3,
403.3500,2.41488159E+3,
403.500,2.36786035E+3,
403.6500,2.39936035E+3,
403.800,2.41123193E+3,
403.9500,2.27578589E+3,
404.100,2.39747144E+3,
404.2500,2.34047363E+3,
404.400,2.23871680E+3,
404.5500,2.16116211E+3,
404.700,2.23917139E+3,
404.8500,2.21108154E+3,
405.00,2.26801807E+3,
405.1500,2.23122290E+3,
405.300,2.25102783E+3,
405.4500,2.09407251E+3,
405.600,2.17187842E+3,
405.7500,2.14579761E+3,
405.900,2.18048315E+3,
406.0500,2.19733984E+3,
406.200,2.14913428E+3,
406.3500,1.99039233E+3,
406.500,2.05898584E+3,
406.6500,1.98021948E+3,
406.800,2.02958838E+3,
406.9500,1.99218738E+3,
407.100,1.92686780E+3,
407.2500,1.99797205E+3,
407.400,2.03525537E+3,
407.5500,1.90866211E+3,
407.700,1.95768054E+3,
407.8500,2.09416797E+3,
408.00,1.95777185E+3,
408.1500,1.98191479E+3,
408.300,1.87800879E+3,
408.4500,2.03445288E+3,
408.600,1.99461169E+3,
408.7500,1.90265930E+3,
408.900,1.99055066E+3,
409.0500,1.94376135E+3,
409.200,1.88855322E+3,
409.3500,1.84356702E+3,
409.500,1.77846069E+3,
409.6500,1.91684424E+3,
409.800,1.83451526E+3,
409.9500,1.78689392E+3,
410.100,1.82713086E+3,
410.2500,1.85150293E+3,
410.400,1.73652246E+3,
410.5500,1.79969897E+3,
410.700,1.68640039E+3,
410.8500,1.78535791E+3,
411.00,1.79540039E+3,
411.1500,1.76672351E+3,
411.300,1.82958325E+3,
411.4500,1.75667249E+3,
411.600,1.74097229E+3,
411.7500,1.74099207E+3,
411.900,1.86639771E+3,
412.0500,1.78518616E+3,
412.200,1.69414526E+3,
412.3500,1.75534155E+3,
412.500,1.75822217E+3,
412.6500,1.67596167E+3,
412.800,1.68175403E+3,
412.9500,1.63937122E+3,
413.100,1.80230029E+3,
413.2500,1.69050708E+3,
413.400,1.76972827E+3,
413.5500,1.69205603E+3,
413.700,1.61733850E+3,
413.8500,1.64146045E+3,
414.00,1.57959827E+3,
414.1500,1.58541272E+3,
414.300,1.59404004E+3,
414.4500,1.60828613E+3,
414.600,1.58599500E+3,
414.7500,1.50759729E+3,
414.900,1.64393359E+3,
415.0500,1.53902576E+3,
415.200,1.61502808E+3,
415.3500,1.60275012E+3,
415.500,1.59748999E+3,
415.6500,1.58805017E+3,
415.800,1.62612854E+3,
415.9500,1.66137231E+3,
416.100,1.57798523E+3,
416.2500,1.62717358E+3,
416.400,1.56622461E+3,
416.5500,1.67246631E+3,
416.700,1.60879626E+3,
416.8500,1.62031653E+3,
417.00,1.67491895E+3,
417.1500,1.57106897E+3,
417.300,1.64643762E+3,
417.4500,1.69119739E+3,
417.600,1.76225256E+3,
417.7500,1.66140601E+3,
417.900,1.58284631E+3,
418.0500,1.61788721E+3,
418.200,1.74282593E+3,
418.3500,1.67685620E+3,
418.500,1.82097473E+3,
418.6500,1.78128516E+3,
418.800,1.62710120E+3,
418.9500,1.77930017E+3,
419.100,1.91202380E+3,
419.2500,1.91784485E+3,
419.400,1.94156799E+3,
419.5500,2.02582642E+3,
419.700,1.90505225E+3,
419.8500,1.92051624E+3,
420.00,1.89200208E+3,
420.1500,1.96092773E+3,
420.300,1.90077454E+3,
420.4500,1.98060303E+3,
420.600,1.97809790E+3,
420.7500,1.93450159E+3,
420.900,1.88274695E+3,
421.0500,1.86116760E+3,
421.200,1.90391028E+3,
421.3500,1.96985254E+3,
421.500,1.94282410E+3,
421.6500,1.87213513E+3,
421.800,1.92026587E+3,
421.9500,1.93425037E+3,
422.100,2.05469873E+3,
422.2500,1.96386914E+3,
422.400,1.91399084E+3,
422.5500,2.03028687E+3,
422.700,1.96954456E+3,
422.8500,2.12110547E+3,
423.00,2.10662695E+3,
423.1500,2.02165234E+3,
423.300,1.92858203E+3,
423.4500,1.94019336E+3,
423.600,2.08083545E+3,
423.7500,1.92267273E+3,
423.900,2.05509546E+3,
424.0500,2.13587622E+3,
424.200,1.99278308E+3,
424.3500,1.98404004E+3,
424.500,2.19629028E+3,
424.6500,2.13057544E+3,
424.800,2.10419653E+3,
424.9500,2.04532886E+3,
425.100,2.03382568E+3,
425.2500,2.10351782E+3,
425.400,2.04597046E+3,
425.5500,2.05204321E+3,
425.700,2.06893433E+3,
425.8500,1.99660046E+3,
426.00,2.06350732E+3,
426.1500,1.96006824E+3,
426.300,2.01875183E+3,
426.4500,1.99640601E+3,
426.600,1.93225244E+3,
426.7500,1.95987158E+3,
426.900,1.92814807E+3,
427.0500,1.98951038E+3,
427.200,1.90137366E+3,
427.3500,1.93857544E+3,
427.500,1.91111401E+3,
427.6500,1.90386707E+3,
427.800,1.95854700E+3,
427.9500,2.01185535E+3,
428.100,2.06407324E+3,
428.2500,2.02223938E+3,
428.400,1.91852368E+3,
428.5500,1.92782690E+3,
428.700,1.87121326E+3,
428.8500,1.91683875E+3,
429.00,1.92210693E+3,
429.1500,1.87500354E+3,
429.300,1.91667358E+3,
429.4500,1.95161829E+3,
429.600,1.91662158E+3,
429.7500,1.99056995E+3,
429.900,1.80493860E+3,
430.0500,1.83171851E+3,
430.200,2.02504041E+3,
430.3500,1.81093958E+3,
430.500,1.86306299E+3,
430.6500,1.97699500E+3,
430.800,1.77510742E+3,
430.9500,1.94813611E+3,
431.100,1.85234717E+3,
431.2500,1.91636475E+3,
431.400,1.89174182E+3,
431.5500,1.91814099E+3,
431.700,1.86132715E+3,
431.8500,1.74953491E+3,
432.00,1.91143359E+3,
432.1500,1.82538318E+3,
432.300,1.79031323E+3,
432.4500,1.82363904E+3,
432.600,1.82880273E+3,
432.7500,1.84469080E+3,
432.900,1.78148938E+3,
433.0500,1.70768542E+3,
433.200,1.77484387E+3,
433.3500,1.86748425E+3,
433.500,1.79254724E+3,
433.6500,1.80207007E+3,
433.800,1.82634387E+3,
433.9500,1.70042468E+3,
434.100,1.78918103E+3,
434.2500,1.67143774E+3,
434.400,1.78039526E+3,
434.5500,1.81155762E+3,
434.700,1.69375317E+3,
434.8500,1.77323254E+3,
435.00,1.67551770E+3,
435.1500,1.74833813E+3,
435.300,1.68150562E+3,
435.4500,1.83763452E+3,
435.600,1.79900464E+3,
435.7500,1.75767078E+3,
435.900,1.82384241E+3,
436.0500,1.67229309E+3,
436.200,1.66863928E+3,
436.3500,1.69860352E+3,
436.500,1.66266455E+3,
436.6500,1.77740271E+3,
436.800,1.73607703E+3,
436.9500,1.76472827E+3,
437.100,1.71002795E+3,
437.2500,1.64996118E+3,
437.400,1.70033484E+3,
437.5500,1.77095325E+3,
437.700,1.70409827E+3,
437.8500,1.71541736E+3,
438.00,1.77395557E+3,
438.1500,1.77206592E+3,
438.300,1.85658533E+3,
438.4500,1.82095020E+3,
438.600,1.78662964E+3,
438.7500,1.75903345E+3,
438.900,1.76928296E+3,
439.0500,1.75660864E+3,
439.200,1.73188367E+3,
439.3500,1.63260718E+3,
439.500,1.74197925E+3,
439.6500,1.62766431E+3,
439.800,1.71271655E+3,
439.9500,1.65120471E+3,
440.100,1.62494238E+3,
440.2500,1.67748950E+3,
440.400,1.67024280E+3,
440.5500,1.58949609E+3,
440.700,1.47870154E+3,
440.8500,1.63207581E+3,
441.00,1.65884436E+3,
441.1500,1.65832483E+3,
441.300,1.63187537E+3,
441.4500,1.68593677E+3,
441.600,1.65126965E+3,
441.7500,1.60153174E+3,
441.900,1.64744165E+3,
442.0500,1.68115674E+3,
442.200,1.64798694E+3,
442.3500,1.65996704E+3,
442.500,1.52805786E+3,
442.6500,1.60853162E+3,
442.800,1.58207190E+3,
442.9500,1.58028784E+3,
443.100,1.54301831E+3,
443.2500,1.53743140E+3,
443.400,1.63229749E+3,
443.5500,1.54411389E+3,
443.700,1.61017786E+3,
443.8500,1.61425500E+3,
444.00,1.52443518E+3,
444.1500,1.48179333E+3,
444.300,1.50685522E+3,
444.4500,1.43084521E+3,
444.600,1.49609863E+3,
444.7500,1.58507263E+3,
444.900,1.54917358E+3,
445.0500,1.55784509E+3,
445.200,1.49996887E+3,
445.3500,1.48237256E+3,
445.500,1.43120898E+3,
445.6500,1.60080078E+3,
445.800,1.51463940E+3,
445.9500,1.54738684E+3,
446.100,1.55261877E+3,
446.2500,1.47231482E+3,
446.400,1.45229187E+3,
446.5500,1.48016138E+3,
446.700,1.64521228E+3,
446.8500,1.53189331E+3,
447.00,1.48199548E+3,
447.1500,1.49289087E+3,
447.300,1.56083777E+3,
447.4500,1.46333911E+3,
447.600,1.51431958E+3,
447.7500,1.53250208E+3,
447.900,1.47300061E+3,
448.0500,1.48473694E+3,
448.200,1.49818787E+3,
448.3500,1.47384875E+3,
448.500,1.45658325E+3,
448.6500,1.54927759E+3,
448.800,1.57487659E+3,
448.9500,1.50292358E+3,
449.100,1.60899487E+3,
449.2500,1.54489551E+3,
449.400,1.61249866E+3,
449.5500,1.65963123E+3,
449.700,1.89610266E+3,
449.8500,1.93304907E+3,
450.00,2.32314453E+3,
450.1500,1.19167084E+2,
450.300,1.07276245E+2,
450.4500,1.37443375E+2,
450.600,1.09830612E+2,
450.7500,1.41856735E+2,
450.900,1.29837860E+2,
451.0500,1.31824661E+2,
451.200,1.52484329E+2,
451.3500,1.68381821E+2,
451.500,1.62040848E+2,
451.6500,1.62053864E+2,
451.800,1.85900162E+2,
451.9500,2.51064590E+2,
452.100,2.77276184E+2,
452.2500,2.66611725E+2,
452.400,2.82749329E+2,
452.5500,3.44117096E+2,
452.700,3.14635284E+2,
452.8500,3.10224823E+2,
453.00,3.69192078E+2,
453.1500,3.45331757E+2,
453.300,3.41612823E+2,
453.4500,3.66746948E+2,
453.600,3.59953735E+2,
453.7500,3.48765717E+2,
453.900,3.94260864E+2,
454.0500,4.71580963E+2,
454.200,5.00563995E+2,
454.3500,4.48987640E+2,
454.500,4.80659424E+2,
454.6500,5.07605591E+2,
454.800,5.42778809E+2,
454.9500,4.89532104E+2,
455.100,5.67848328E+2,
455.2500,5.28842834E+2,
455.400,6.00157043E+2,
455.5500,6.00141663E+2,
455.700,6.04259644E+2,
455.8500,6.65505188E+2,
456.00,7.23251770E+2,
456.1500,6.82052429E+2,
456.300,6.90777039E+2,
456.4500,7.60343750E+2,
456.600,7.17166809E+2,
456.7500,8.54990601E+2,
456.900,8.32597534E+2,
457.0500,8.59606140E+2,
457.200,8.18408569E+2,
457.3500,8.10890259E+2,
457.500,8.79529053E+2,
457.6500,8.93207520E+2,
457.800,8.40373901E+2,
457.9500,9.00245422E+2,
458.100,1.02278564E+3,
458.2500,9.40906067E+2,
458.400,9.70178711E+2,
458.5500,1.00160486E+3,
458.700,9.68487122E+2,
458.8500,1.01773859E+3,
459.00,9.80135864E+2,
459.1500,1.02786560E+3,
459.300,9.83679932E+2,
459.4500,9.42309448E+2,
459.600,1.01667511E+3,
459.7500,1.02946436E+3,
459.900,9.94365051E+2,
460.0500,1.00030396E+3,
460.200,1.03409949E+3,
460.3500,1.06877930E+3,
460.500,1.03216260E+3,
460.6500,1.02895972E+3,
460.800,1.05079761E+3,
460.9500,1.17090137E+3,
461.100,1.20028418E+3,
461.2500,1.20383118E+3,
461.400,1.20289941E+3,
461.5500,1.25663257E+3,
461.700,1.32778992E+3,
461.8500,1.29771631E+3,
462.00,1.41463318E+3,
462.1500,1.45561914E+3,
462.300,1.47773889E+3,
462.4500,1.52600781E+3,
462.600,1.50857703E+3,
462.7500,1.65660132E+3,
462.900,1.56627478E+3,
463.0500,1.54693640E+3,
463.200,1.48809998E+3,
463.3500,1.33699341E+3,
463.500,1.37886169E+3,
463.6500,1.37555103E+3,
463.800,1.29532288E+3,
463.9500,1.28692798E+3,
464.100,1.24577710E+3,
464.2500,1.25054871E+3,
464.400,1.22883069E+3,
464.5500,1.26007275E+3,
464.700,1.29752686E+3,
464.8500,1.25588660E+3,
465.00,1.21548193E+3,
465.1500,1.16718713E+3,
465.300,1.20282031E+3,
465.4500,1.19758411E+3,
465.600,1.31338867E+3,
465.7500,1.25072473E+3,
465.900,1.30784363E+3,
466.0500,1.35659448E+3,
466.200,1.32149072E+3,
466.3500,1.43036084E+3,
466.500,1.46245227E+3,
466.6500,1.60902637E+3,
466.800,1.80261243E+3,
466.9500,2.06566284E+3,
467.100,2.18022192E+3,
467.2500,2.31104932E+3,
467.400,2.45388037E+3,
467.5500,2.33316040E+3,
467.700,2.17079956E+3,
467.8500,2.11510303E+3,
468.00,1.97790271E+3,
468.1500,1.80973242E+3,
468.300,1.74885449E+3,
468.4500,1.68912427E+3,
468.600,1.63460315E+3,
468.7500,1.49387476E+3,
468.900,1.50662781E+3,
469.0500,1.49310120E+3,
469.200,1.52131409E+3,
469.3500,1.57782788E+3,
469.500,1.50683679E+3,
469.6500,1.54913953E+3,
469.800,1.61460815E+3,
469.9500,1.42874292E+3,
470.100,1.54680554E+3,
470.2500,1.41690039E+3,
470.400,1.46239856E+3,
470.5500,1.40215747E+3,
470.700,1.38323608E+3,
470.8500,1.32714050E+3,
471.00,1.32336475E+3,
471.1500,1.30979285E+3,
471.300,1.36551379E+3,
471.4500,1.37703320E+3,
471.600,1.30226367E+3,
471.7500,1.26064954E+3,
471.900,1.28323108E+3,
472.0500,1.31488647E+3,
472.200,1.31860901E+3,
472.3500,1.26823608E+3,
472.500,1.30401953E+3,
472.6500,1.36281995E+3,
472.800,1.49567993E+3,
472.9500,1.62548218E+3,
473.100,1.69129431E+3,
473.2500,1.91024329E+3,
473.400,2.05910571E+3,
473.5500,1.97483691E+3,
473.700,1.78855627E+3,
473.8500,1.60231897E+3,
474.00,1.45712732E+3,
474.1500,1.39510339E+3,
474.300,1.46308923E+3,
474.4500,1.36606519E+3,
474.600,1.38704797E+3,
474.7500,1.32502869E+3,
474.900,1.34801172E+3,
475.0500,1.31403394E+3,
475.200,1.35013916E+3,
475.3500,1.26122693E+3,
475.500,1.28532959E+3,
475.6500,1.35745154E+3,
475.800,1.37156006E+3,
475.9500,1.33464551E+3,
476.100,1.35681580E+3,
476.2500,1.42805554E+3,
476.400,1.37320398E+3,
476.5500,1.47149133E+3,
476.700,1.40661707E+3,
476.8500,1.34272559E+3,
477.00,1.39798486E+3,
477.1500,1.50046143E+3,
477.300,1.45270190E+3,
477.4500,1.50111975E+3,
477.600,1.54153857E+3,
477.7500,1.55891565E+3,
477.900,1.60036426E+3,
478.0500,1.59375024E+3,
478.200,1.62036499E+3,
478.3500,1.66104590E+3,
478.500,1.72685071E+3,
478.6500,1.70130347E+3,
478.800,1.69582983E+3,
478.9500,1.58181348E+3,
479.100,1.57640320E+3,
479.2500,1.62837036E+3,
479.400,1.65723572E+3,
479.5500,1.59753784E+3,
479.700,1.65460571E+3,
479.8500,1.68753833E+3,
480.00,1.65498120E+3,
480.1500,1.80899670E+3,
480.300,1.80072876E+3,
480.4500,1.90952319E+3,
480.600,2.02043005E+3,
480.7500,2.14860352E+3,
480.900,2.17380420E+3,
481.0500,2.15452441E+3,
481.200,2.06439526E+3,
481.3500,2.13102832E+3,
481.500,2.12988867E+3,
481.6500,2.11557813E+3,
481.800,2.10530444E+3,
481.9500,2.11630298E+3,
482.100,2.22066040E+3,
482.2500,2.09891650E+3,
482.400,2.07651953E+3,
482.5500,2.11603638E+3,
482.700,2.25513452E+3,
482.8500,2.39028711E+3,
483.00,2.31000830E+3,
483.1500,2.31941113E+3,
483.300,2.20973120E+3,
483.4500,2.16510303E+3,
483.600,2.12551587E+3,
483.7500,2.14501099E+3,
483.900,2.06251782E+3,
484.0500,2.06877930E+3,
484.200,1.97916003E+3,
484.3500,2.12240967E+3,
484.500,2.04906152E+3,
484.6500,1.96845667E+3,
484.800,1.95736133E+3,
484.9500,2.06814404E+3,
485.100,1.91676306E+3,
485.2500,1.94574744E+3,
485.400,2.02095178E+3,
485.5500,1.92062170E+3,
485.700,1.92189929E+3,
485.8500,1.88923425E+3,
486.00,1.95119849E+3,
486.1500,2.00814893E+3,
486.300,1.98375916E+3,
486.4500,1.95933020E+3,
486.600,2.05559692E+3,
486.7500,2.02084448E+3,
486.900,2.21440210E+3,
487.0500,2.32337134E+3,
487.200,2.44064063E+3,
487.3500,2.67709351E+3,
487.500,2.69215161E+3,
487.6500,2.97358911E+3,
487.800,3.50632056E+3,
487.9500,3.96807129E+3,
488.100,4.48215283E+3,
488.2500,5.15775195E+3,
488.400,5.82056152E+3,
488.5500,6.21576709E+3,
488.700,5.95066211E+3,
488.8500,5.66235400E+3,
489.00,5.43934521E+3,
489.1500,5.01544971E+3,
489.300,4.63585059E+3,
489.4500,4.36846924E+3,
489.600,4.33256104E+3,
489.7500,4.45541943E+3,
489.900,4.65683447E+3,
490.0500,5.04078516E+3,
490.200,5.41428418E+3,
490.3500,6.05973242E+3,
490.500,6.33597461E+3,
490.6500,7.09956689E+3,
490.800,7.45049805E+3,
490.9500,7.97220605E+3,
491.100,7.93452148E+3,
491.2500,8.47391113E+3,
491.400,8.65487402E+3,
491.5500,9.51313086E+3,
491.700,9.66881152E+3,
491.8500,1.01997021E+4,
492.00,1.02747334E+4,
492.1500,9.93090332E+3,
492.300,9.52928418E+3,
492.4500,9.27322266E+3,
492.600,8.70062695E+3,
492.7500,8.07929443E+3,
492.900,7.90418945E+3,
493.0500,7.42568652E+3,
493.200,7.21549609E+3,
493.3500,6.72062061E+3,
493.500,6.72371338E+3,
493.6500,6.44095117E+3,
493.800,6.13211084E+3,
493.9500,5.96057275E+3,
494.100,5.88600342E+3,
494.2500,5.86049854E+3,
494.400,5.93129395E+3,
494.5500,5.62931494E+3,
494.700,5.77184375E+3,
494.8500,5.69781201E+3,
495.00,5.65479297E+3,
495.1500,5.74840820E+3,
495.300,5.87548877E+3,
495.4500,5.94570215E+3,
495.600,5.88243311E+3,
495.7500,5.78131689E+3,
495.900,5.74043994E+3,
496.0500,5.66942773E+3,
496.200,5.66022998E+3,
496.3500,5.34492041E+3,
496.500,5.31482080E+3,
496.6500,5.37240381E+3,
496.800,5.10803174E+3,
496.9500,4.96148340E+3,
497.100,5.00606934E+3,
497.2500,4.81819238E+3,
497.400,4.76270654E+3,
497.5500,4.62432910E+3,
497.700,4.66445898E+3,
497.8500,4.58571533E+3,
498.00,4.72412842E+3,
498.1500,4.83445508E+3,
498.300,4.73819189E+3,
498.4500,4.96914502E+3,
498.600,4.65468799E+3,
498.7500,4.73456055E+3,
498.900,4.55763525E+3,
499.0500,4.52985254E+3,
499.200,4.40085352E+3,
499.3500,4.24297900E+3,
499.500,4.15863281E+3,
499.6500,3.91419897E+3,
499.800,4.01703613E+3,
499.9500,3.75212183E+3,
500.100,3.73005054E+3,
500.2500,3.45337158E+3,
500.400,3.45092749E+3,
500.5500,3.31762158E+3,
500.700,3.28950049E+3,
500.8500,3.23132324E+3,
501.00,3.00403979E+3,
501.1500,2.88537988E+3,
501.300,2.82775537E+3,
501.4500,2.72320386E+3,
501.600,2.78134619E+3,
501.7500,2.51352466E+3,
501.900,2.48663062E+3,
502.0500,2.40375879E+3,
502.200,2.51106177E+3,
502.3500,2.45271045E+3,
502.500,2.33817847E+3,
502.6500,2.32557983E+3,
502.800,2.26015381E+3,
502.9500,2.34301563E+3,
503.100,2.29218311E+3,
503.2500,2.24016431E+3,
503.400,2.30753638E+3,
503.5500,2.23736914E+3,
503.700,2.32516772E+3,
503.8500,2.22548853E+3,
504.00,2.23309497E+3,
504.1500,2.25437988E+3,
504.300,2.20656299E+3,
504.4500,2.31972705E+3,
504.600,2.39562012E+3,
504.7500,2.48186792E+3,
504.900,2.50570459E+3,
505.0500,2.71400830E+3,
505.200,2.63441431E+3,
505.3500,2.88312378E+3,
505.500,3.02382666E+3,
505.6500,3.10992920E+3,
505.800,3.11612598E+3,
505.9500,3.55839478E+3,
506.100,3.68537891E+3,
506.2500,4.11880176E+3,
506.400,4.23738916E+3,
506.5500,4.73298047E+3,
506.700,5.03859473E+3,
506.8500,5.56687305E+3,
507.00,6.10761768E+3,
507.1500,6.45502197E+3,
507.300,7.01085352E+3,
507.4500,7.12640381E+3,
507.600,7.15310059E+3,
507.7500,7.23423096E+3,
507.900,6.93077002E+3,
508.0500,6.79848047E+3,
508.200,6.29574072E+3,
508.3500,5.82215771E+3,
508.500,5.28591211E+3,
508.6500,4.92791406E+3,
508.800,4.52719238E+3,
508.9500,4.15598242E+3,
509.100,4.00708081E+3,
509.2500,3.76779346E+3,
509.400,3.51865576E+3,
509.5500,3.37915405E+3,
509.700,3.37776025E+3,
509.8500,3.19555762E+3,
510.00,3.27268872E+3,
510.1500,3.35918994E+3,
510.300,3.37990967E+3,
510.4500,3.40772485E+3,
510.600,3.54762012E+3,
510.7500,3.63345361E+3,
510.900,3.50675513E+3,
511.0500,3.44014453E+3,
511.200,3.26927148E+3,
511.3500,3.10162964E+3,
511.500,3.04632471E+3,
511.6500,2.53159082E+3,
511.800,2.39012109E+3,
511.9500,2.14970361E+3,
512.100,2.06959961E+3,
512.2500,1.96198401E+3,
512.400,1.86369556E+3,
512.5500,1.73776013E+3,
512.700,1.71909839E+3,
512.8500,1.65256311E+3,
513.00,1.59666809E+3,
513.1500,1.48326294E+3,
513.300,1.58310010E+3,
513.4500,1.42622131E+3,
513.600,1.49013855E+3,
513.7500,1.49162585E+3,
513.900,1.40641370E+3,
514.0500,1.33430505E+3,
514.200,1.36343994E+3,
514.3500,1.28875525E+3,
514.500,1.26831946E+3,
514.6500,1.23210303E+3,
514.800,1.20670984E+3,
514.9500,1.15821802E+3,
515.100,1.15818262E+3,
515.2500,1.18730859E+3,
515.400,1.17756177E+3,
515.5500,1.11542761E+3,
515.700,1.12386328E+3,
515.8500,1.14573279E+3,
516.00,1.07481628E+3,
516.1500,1.07345203E+3,
516.300,1.08554211E+3,
516.4500,1.05845105E+3,
516.600,1.02639600E+3,
516.7500,1.00041089E+3,
516.900,9.98944641E+2,
517.0500,9.82724731E+2,
517.200,1.01451215E+3,
517.3500,1.04143005E+3,
517.500,1.02398511E+3,
517.6500,9.50927063E+2,
517.800,9.12330505E+2,
517.9500,9.56563477E+2,
518.100,9.69932495E+2,
518.2500,9.89535217E+2,
518.400,9.89313599E+2,
518.5500,9.74176147E+2,
518.700,8.73179138E+2,
518.8500,9.72434998E+2,
519.00,9.19830933E+2,
519.1500,9.48257446E+2,
519.300,8.96802002E+2,
519.4500,9.74020264E+2,
519.600,8.53634216E+2,
519.7500,8.84601807E+2,
519.900,9.18139526E+2,
520.0500,8.60096741E+2,
520.200,9.38961914E+2,
520.3500,9.51301819E+2,
520.500,8.88082947E+2,
520.6500,8.37334717E+2,
520.800,9.19025330E+2,
520.9500,8.97260437E+2,
521.100,8.93148926E+2,
521.2500,8.80156616E+2,
521.400,9.00095032E+2,
521.5500,8.17276428E+2,
521.700,8.28291199E+2,
521.8500,8.99095093E+2,
522.00,8.42740356E+2,
522.1500,8.35966003E+2,
522.300,9.09539856E+2,
522.4500,8.75997559E+2,
522.600,8.10425476E+2,
522.7500,8.01017395E+2,
522.900,8.00553528E+2,
523.0500,8.34720093E+2,
523.200,8.52301880E+2,
523.3500,8.33938599E+2,
523.500,8.33541321E+2,
523.6500,8.71771057E+2,
523.800,8.17265137E+2,
523.9500,8.52971069E+2,
524.100,8.61633362E+2,
524.2500,7.64275269E+2,
524.400,7.81922546E+2,
524.5500,8.68289307E+2,
524.700,9.18512146E+2,
524.8500,9.14291687E+2,
525.00,8.11252502E+2,
525.1500,8.70646240E+2,
525.300,8.81955872E+2,
525.4500,7.42014038E+2,
525.600,8.81138000E+2,
525.7500,8.55895203E+2,
525.900,8.89459534E+2,
526.0500,8.82510376E+2,
526.200,9.20133972E+2,
526.3500,9.00099854E+2,
526.500,9.64082214E+2,
526.6500,9.26952515E+2,
526.800,9.66080139E+2,
526.9500,9.57854065E+2,
527.100,9.94523376E+2,
527.2500,1.06828137E+3,
527.400,9.08209900E+2,
527.5500,1.00717474E+3,
527.700,9.77836731E+2,
527.8500,1.05719861E+3,
528.00,1.13939050E+3,
528.1500,1.04233252E+3,
528.300,1.01825073E+3,
528.4500,9.64793030E+2,
528.600,9.61903442E+2,
528.7500,1.01643677E+3,
528.900,1.06440564E+3,
529.0500,1.09372778E+3,
529.200,1.08690930E+3,
529.3500,1.05860303E+3,
529.500,1.12828247E+3,
529.6500,1.12146594E+3,
529.800,1.11328210E+3,
529.9500,1.09564331E+3,
530.100,1.19532214E+3,
530.2500,1.07911316E+3,
530.400,1.15058203E+3,
530.5500,1.14098987E+3,
530.700,1.22892944E+3,
530.8500,1.17463110E+3,
531.00,1.26142725E+3,
531.1500,1.23696790E+3,
531.300,1.27776672E+3,
531.4500,1.35815503E+3,
531.600,1.39370789E+3,
531.7500,1.36107336E+3,
531.900,1.42949475E+3,
532.0500,1.40641858E+3,
532.200,1.37374963E+3,
532.3500,1.44383887E+3,
532.500,1.54427795E+3,
532.6500,1.47728003E+3,
532.800,1.50505212E+3,
532.9500,1.46952734E+3,
533.100,1.41603784E+3,
533.2500,1.42317993E+3,
533.400,1.43171509E+3,
533.5500,1.43472839E+3,
533.700,1.35602234E+3,
533.8500,1.35062537E+3,
534.00,1.38824634E+3,
534.1500,1.41623962E+3,
534.300,1.33854211E+3,
534.4500,1.42364417E+3,
534.600,1.31369214E+3,
534.7500,1.33891248E+3,
534.900,1.28311670E+3,
535.0500,1.30554553E+3,
535.200,1.26917603E+3,
535.3500,1.37155896E+3,
535.500,1.30007153E+3,
535.6500,1.40270557E+3,
535.800,1.38033057E+3,
535.9500,1.35790198E+3,
536.100,1.33684058E+3,
536.2500,1.43855444E+3,
536.400,1.46275732E+3,
536.5500,1.52379248E+3,
536.700,1.42915283E+3,
536.8500,1.47184070E+3,
537.00,1.50751929E+3,
537.1500,1.57318030E+3,
537.300,1.73003735E+3,
537.4500,1.64937964E+3,
537.600,1.71968188E+3,
537.7500,1.65737439E+3,
537.900,1.67352393E+3,
538.0500,1.56523108E+3,
538.200,1.58704260E+3,
538.3500,1.64904663E+3,
538.500,1.53604517E+3,
538.6500,1.48458350E+3,
538.800,1.47472375E+3,
538.9500,1.43891125E+3,
539.100,1.43763562E+3,
539.2500,1.34252637E+3,
539.400,1.34113672E+3,
539.5500,1.29778040E+3,
539.700,1.27170447E+3,
539.8500,1.25136487E+3,
540.00,1.24113684E+3,
540.1500,1.28327197E+3,
540.300,1.21782898E+3,
540.4500,1.22215088E+3,
540.600,1.19731042E+3,
540.7500,1.20452832E+3,
540.900,1.28630603E+3,
541.0500,1.25120447E+3,
541.200,1.18673621E+3,
541.3500,1.33333337E+3,
541.500,1.30551257E+3,
541.6500,1.27468213E+3,
541.800,1.29087512E+3,
541.9500,1.28057678E+3,
542.100,1.36024487E+3,
542.2500,1.30863770E+3,
542.400,1.32049170E+3,
542.5500,1.40638684E+3,
542.700,1.38131677E+3,
542.8500,1.35469958E+3,
543.00,1.34881311E+3,
543.1500,1.34439893E+3,
543.300,1.39505566E+3,
543.4500,1.29229749E+3,
543.600,1.31166345E+3,
543.7500,1.38634241E+3,
543.900,1.32209546E+3,
544.0500,1.32956311E+3,
544.200,1.34003455E+3,
544.3500,1.31901160E+3,
544.500,1.22432690E+3,
544.6500,1.22417432E+3,
544.800,1.21197144E+3,
544.9500,1.24344714E+3,
545.100,1.24785327E+3,
545.2500,1.23566064E+3,
545.400,1.44876660E+3,
545.5500,1.29596179E+3,
545.700,1.32923816E+3,
545.8500,1.27154187E+3,
546.00,1.29877832E+3,
546.1500,1.24405396E+3,
546.300,1.26532568E+3,
546.4500,1.30341284E+3,
546.600,1.28969153E+3,
546.7500,1.32177454E+3,
546.900,1.20400220E+3,
547.0500,1.35554712E+3,
547.200,1.25447351E+3,
547.3500,1.28519507E+3,
547.500,1.21759558E+3,
547.6500,1.31144714E+3,
547.800,1.31921814E+3,
547.9500,1.30540186E+3,
548.100,1.34871155E+3,
548.2500,1.28384729E+3,
548.400,1.40001672E+3,
548.5500,1.38001135E+3,
548.700,1.40186963E+3,
548.8500,1.31030786E+3,
549.00,1.38036548E+3,
549.1500,1.38512744E+3,
549.300,1.38521436E+3,
549.4500,1.38373535E+3,
549.600,1.23682910E+3,
549.7500,1.41988538E+3,
549.900,1.39491577E+3,
550.0500,1.47815149E+3,
550.200,1.52073083E+3,
550.3500,1.51621777E+3,
550.500,1.59042212E+3,
550.6500,1.68055920E+3,
550.800,1.68251086E+3,
550.9500,1.70974475E+3,
551.100,1.65319458E+3,
551.2500,1.65194458E+3,
551.400,1.60311548E+3,
551.5500,1.63989111E+3,
551.700,1.74985608E+3,
551.8500,1.74072986E+3,
552.00,1.75387781E+3,
552.1500,1.70332922E+3,
552.300,1.66223364E+3,
552.4500,1.57147681E+3,
552.600,1.59413733E+3,
552.7500,1.52550659E+3,
552.900,1.51285986E+3,
553.0500,1.46326331E+3,
553.200,1.33801563E+3,
553.3500,1.58440259E+3,
553.500,1.38643750E+3,
553.6500,1.35907813E+3,
553.800,1.26215405E+3,
553.9500,1.43034851E+3,
554.100,1.41103625E+3,
554.2500,1.39329858E+3,
554.400,1.36739294E+3,
554.5500,1.42759277E+3,
554.700,1.34467664E+3,
554.8500,1.46529187E+3,
555.00,1.47359363E+3,
555.1500,1.45902795E+3,
555.300,1.45587073E+3,
555.4500,1.39210449E+3,
555.600,1.33473816E+3,
555.7500,1.46766455E+3,
555.900,1.32641528E+3,
556.0500,1.34939075E+3,
556.200,1.42680322E+3,
556.3500,1.38232813E+3,
556.500,1.29314978E+3,
556.6500,1.30957788E+3,
556.800,1.39556885E+3,
556.9500,1.30275623E+3,
557.100,1.39558997E+3,
557.2500,1.40225537E+3,
557.400,1.41392261E+3,
557.5500,1.25906775E+3,
557.700,1.47900916E+3,
557.8500,1.39897461E+3,
558.00,1.26525842E+3,
558.1500,1.35215479E+3,
558.300,1.30186584E+3,
558.4500,1.46114368E+3,
558.600,1.45956299E+3,
558.7500,1.40920532E+3,
558.900,1.29979224E+3,
559.0500,1.41769556E+3,
559.200,1.33507043E+3,
559.3500,1.39756702E+3,
559.500,1.48728577E+3,
559.6500,1.37053967E+3,
559.800,1.28742163E+3,
559.9500,1.24825073E+3,
560.100,1.23788647E+3,
560.2500,1.20876526E+3,
560.400,1.23411487E+3,
560.5500,1.19466711E+3,
560.700,1.18075073E+3,
560.8500,1.20614441E+3,
561.00,1.16650415E+3,
561.1500,1.24679822E+3,
561.300,1.06628809E+3,
561.4500,1.06069067E+3,
561.600,1.13424841E+3,
561.7500,9.89128967E+2,
561.900,1.01446204E+3,
562.0500,9.48306213E+2,
562.200,1.04801978E+3,
562.3500,1.09602356E+3,
562.500,9.62116333E+2,
562.6500,9.59792175E+2,
562.800,9.88736145E+2,
562.9500,9.67293945E+2,
563.100,9.17978271E+2,
563.2500,8.92977905E+2,
563.400,9.79674438E+2,
563.5500,8.63758911E+2,
563.700,8.19327454E+2,
563.8500,8.90471680E+2,
564.00,7.93302368E+2,
564.1500,8.48850342E+2,
564.300,8.02474121E+2,
564.4500,7.84165833E+2,
564.600,8.08153259E+2,
564.7500,8.16299561E+2,
564.900,8.24464600E+2,
565.0500,7.52918579E+2,
565.200,7.52123413E+2,
565.3500,8.13489075E+2,
565.500,7.87865173E+2,
565.6500,7.51487549E+2,
565.800,7.57805908E+2,
565.9500,7.40928345E+2,
566.100,7.86524719E+2,
566.2500,8.03569763E+2,
566.400,8.27819885E+2,
566.5500,8.18039185E+2,
566.700,7.41778015E+2,
566.8500,8.01996155E+2,
567.00,7.90340881E+2,
567.1500,8.45344727E+2,
567.300,7.77764343E+2,
567.4500,7.98549988E+2,
567.600,8.12146057E+2,
567.7500,8.51123779E+2,
567.900,8.26734009E+2,
568.0500,8.00491028E+2,
568.200,7.59687134E+2,
568.3500,8.09762817E+2,
568.500,8.14411133E+2,
568.6500,8.48255554E+2,
568.800,8.63915161E+2,
568.9500,8.33893311E+2,
569.100,8.23962463E+2,
569.2500,8.36018066E+2,
569.400,8.29744263E+2,
569.5500,8.67564026E+2,
569.700,8.85233093E+2,
569.8500,8.78987610E+2,
570.00,9.04089355E+2,
570.1500,8.44226257E+2,
570.300,8.72992798E+2,
570.4500,9.09233704E+2,
570.600,7.84257568E+2,
570.7500,8.65022644E+2,
570.900,7.52695068E+2,
571.0500,8.39176819E+2,
571.200,8.06604614E+2,
571.3500,8.26173523E+2,
571.500,7.58031677E+2,
571.6500,7.64500244E+2,
571.800,7.63495056E+2,
571.9500,7.68105774E+2,
572.100,7.50242188E+2,
572.2500,7.69903015E+2,
572.400,7.68927185E+2,
572.5500,7.28419250E+2,
572.700,8.59296814E+2,
572.8500,8.16907593E+2,
573.00,8.27303955E+2,
573.1500,7.69698120E+2,
573.300,8.19875000E+2,
573.4500,7.41258484E+2,
573.600,7.76333435E+2,
573.7500,8.32396240E+2,
573.900,7.95357971E+2,
574.0500,7.60132507E+2,
574.200,7.95398010E+2,
574.3500,7.65814697E+2,
574.500,7.99255310E+2,
574.6500,7.35139404E+2,
574.800,7.41783569E+2,
574.9500,7.86823669E+2,
575.100,8.28132385E+2,
575.2500,8.04133301E+2,
575.400,7.99334290E+2,
575.5500,8.67801025E+2,
575.700,8.43753906E+2,
575.8500,7.79049255E+2,
576.00,7.85797424E+2,
576.1500,7.53822388E+2,
576.300,7.70270813E+2,
576.4500,8.58633972E+2,
576.600,8.03281189E+2,
576.7500,8.10105835E+2,
576.900,8.75437012E+2,
577.0500,7.69130859E+2,
577.200,8.99042175E+2,
577.3500,8.33583313E+2,
577.500,8.32615601E+2,
577.6500,8.64987366E+2,
577.800,9.74017944E+2,
577.9500,9.08324219E+2,
578.100,1.02943823E+3,
578.2500,9.83312317E+2,
578.400,9.33133301E+2,
578.5500,9.49987732E+2,
578.700,9.21400940E+2,
578.8500,9.10561584E+2,
579.00,9.76981262E+2,
579.1500,9.64194336E+2,
579.300,9.25554565E+2,
579.4500,9.32558472E+2,
579.600,9.87350098E+2,
579.7500,9.84468323E+2,
579.900,9.05764038E+2,
580.0500,1.01663721E+3,
580.200,9.91812622E+2,
580.3500,9.66927307E+2,
580.500,9.03901123E+2,
580.6500,1.05141162E+3,
580.800,8.99943665E+2,
580.9500,9.02981812E+2,
581.100,9.58401245E+2,
581.2500,9.97836060E+2,
581.400,9.66723938E+2,
581.5500,1.09111963E+3,
581.700,1.03576135E+3,
581.8500,1.01672498E+3,
582.00,1.06455530E+3,
582.1500,1.06584229E+3,
582.300,1.02240991E+3,
582.4500,9.97185852E+2,
582.600,1.06562292E+3,
582.7500,1.06282190E+3,
582.900,1.07226563E+3,
583.0500,1.07969006E+3,
583.200,1.05438782E+3,
583.3500,1.07001660E+3,
583.500,1.07952246E+3,
583.6500,9.98636780E+2,
583.800,1.07184766E+3,
583.9500,1.13081409E+3,
584.100,1.08681677E+3,
584.2500,1.01793695E+3,
584.400,1.07292395E+3,
584.5500,1.20462219E+3,
584.700,1.09003247E+3,
584.8500,1.12454712E+3,
585.00,1.11344055E+3,
585.1500,1.16468433E+3,
585.300,1.26810193E+3,
585.4500,1.22791553E+3,
585.600,1.18971570E+3,
585.7500,1.23709875E+3,
585.900,1.22182544E+3,
586.0500,1.16041748E+3,
586.200,1.22676025E+3,
586.3500,1.32264331E+3,
586.500,1.20015039E+3,
586.6500,1.26254712E+3,
586.800,1.33982813E+3,
586.9500,1.35401062E+3,
587.100,1.37454797E+3,
587.2500,1.34016479E+3,
587.400,1.37553491E+3,
587.5500,1.47453674E+3,
587.700,1.55891113E+3,
587.8500,1.57552209E+3,
588.00,1.63255420E+3,
588.1500,1.51735840E+3,
588.300,1.49350842E+3,
588.4500,1.60610986E+3,
588.600,1.67198206E+3,
588.7500,1.65248706E+3,
588.900,1.69072815E+3,
589.0500,1.62195032E+3,
589.200,1.64531079E+3,
589.3500,1.87489380E+3,
589.500,1.77603455E+3,
589.6500,1.67263342E+3,
589.800,1.71122607E+3,
589.9500,1.76932422E+3,
590.100,1.84279651E+3,
590.2500,1.78672144E+3,
590.400,1.79763989E+3,
590.5500,1.94736584E+3,
590.700,1.94764490E+3,
590.8500,2.02400745E+3,
591.00,1.95253638E+3,
591.1500,2.15993286E+3,
591.300,2.03395447E+3,
591.4500,2.29441968E+3,
591.600,2.19015527E+3,
591.7500,2.31564600E+3,
591.900,2.29228857E+3,
592.0500,2.57410620E+3,
592.200,2.44090063E+3,
592.3500,2.83356323E+3,
592.500,2.86565649E+3,
592.6500,2.93092432E+3,
592.800,2.95214380E+3,
592.9500,3.01986743E+3,
593.100,3.03016650E+3,
593.2500,3.21790454E+3,
593.400,3.30617041E+3,
593.5500,3.20122729E+3,
593.700,3.30747021E+3,
593.8500,3.18888501E+3,
594.00,3.21279517E+3,
594.1500,3.41357520E+3,
594.300,3.35314307E+3,
594.4500,3.23206909E+3,
594.600,3.22504736E+3,
594.7500,3.29883838E+3,
594.900,3.30310669E+3,
595.0500,3.26015186E+3,
595.200,3.23298096E+3,
595.3500,3.16282910E+3,
595.500,3.05178711E+3,
595.6500,3.21659766E+3,
595.800,3.32063599E+3,
595.9500,3.21613403E+3,
596.100,3.23859375E+3,
596.2500,3.27247168E+3,
596.400,3.41808667E+3,
596.5500,3.40206812E+3,
596.700,3.42255518E+3,
596.8500,3.43850586E+3,
597.00,3.63316675E+3,
597.1500,3.55990796E+3,
597.300,3.73448975E+3,
597.4500,3.98080786E+3,
597.600,3.85240869E+3,
597.7500,3.92425781E+3,
597.900,4.11402197E+3,
598.0500,4.08464502E+3,
598.200,4.33291699E+3,
598.3500,4.29675000E+3,
598.500,4.31152637E+3,
598.6500,4.40764941E+3,
598.800,4.68080957E+3,
598.9500,4.91738330E+3,
599.100,4.52724463E+3,
599.2500,4.75736670E+3,
599.400,4.63028125E+3,
599.5500,4.82129736E+3,
599.700,4.93073779E+3,
599.8500,4.76576563E+3,
600.00,4.89418799E+3,
600.1500,5.06123975E+3,
600.300,5.02600635E+3,
600.4500,5.20312695E+3,
600.600,5.07102930E+3,
600.7500,5.18712109E+3,
600.900,5.10674805E+3,
601.0500,5.20678418E+3,
601.200,5.31469043E+3,
601.3500,5.44672070E+3,
601.500,5.48849512E+3,
601.6500,5.64743701E+3,
601.800,5.55083008E+3,
601.9500,5.66957422E+3,
602.100,5.60873584E+3,
602.2500,6.02846289E+3,
602.400,5.99928320E+3,
602.5500,6.12188379E+3,
602.700,6.41630078E+3,
602.8500,6.57131982E+3,
603.00,6.96175732E+3,
603.1500,7.14451563E+3,
603.300,7.68980273E+3,
603.4500,7.92038770E+3,
603.600,8.11751221E+3,
603.7500,8.15167725E+3,
603.900,8.70166211E+3,
604.0500,8.66567480E+3,
604.200,9.02656543E+3,
604.3500,9.26327051E+3,
604.500,9.32360352E+3,
604.6500,9.40132031E+3,
604.800,9.50634570E+3,
604.9500,9.35481445E+3,
605.100,9.52190820E+3,
605.2500,1.02319199E+4,
605.400,1.02841768E+4,
605.5500,1.03887031E+4,
605.700,1.10607236E+4,
605.8500,1.11118086E+4,
606.00,1.16021377E+4,
606.1500,1.22321074E+4,
606.300,1.22332549E+4,
606.4500,1.32344766E+4,
606.600,1.29709688E+4,
606.7500,1.35312549E+4,
606.900,1.31917578E+4,
607.0500,1.35094951E+4,
607.200,1.33561416E+4,
607.3500,1.32123701E+4,
607.500,1.33113203E+4,
607.6500,1.32379834E+4,
607.800,1.36395928E+4,
607.9500,1.37089688E+4,
608.100,1.38013564E+4,
608.2500,1.42871074E+4,
608.400,1.49584023E+4,
608.5500,1.45279238E+4,
608.700,1.53015469E+4,
608.8500,1.49677803E+4,
609.00,1.54047217E+4,
609.1500,1.57226143E+4,
609.300,1.48543164E+4,
609.4500,1.56452227E+4,
609.600,1.59622031E+4,
609.7500,1.57071016E+4,
609.900,1.66379043E+4,
610.0500,1.68123945E+4,
610.200,1.69698164E+4,
610.3500,1.74303457E+4,
610.500,1.78034277E+4,
610.6500,1.85860273E+4,
610.800,1.89069551E+4,
610.9500,1.96989531E+4,
611.100,2.00382109E+4,
611.2500,2.02466777E+4,
611.400,2.08515547E+4,
611.5500,2.07155801E+4,
611.700,2.09073613E+4,
611.8500,2.11818457E+4,
612.00,2.08011934E+4,
612.1500,2.07751934E+4,
612.300,1.94277207E+4,
612.4500,1.96608008E+4,
612.600,1.93066406E+4,
612.7500,1.82581191E+4,
612.900,1.79192910E+4,
613.0500,1.83796016E+4,
613.200,1.70751484E+4,
613.3500,1.64236152E+4,
613.500,1.63418271E+4,
613.6500,1.58274287E+4,
613.800,1.53654307E+4,
613.9500,1.51079199E+4,
614.100,1.55779082E+4,
614.2500,1.51252119E+4,
614.400,1.47118184E+4,
614.5500,1.51755195E+4,
614.700,1.47251797E+4,
614.8500,1.48454072E+4,
615.00,1.48233877E+4,
615.1500,1.40794805E+4,
615.300,1.46288477E+4,
615.4500,1.42953633E+4,
615.600,1.45542188E+4,
615.7500,1.37713594E+4,
615.900,1.43624951E+4,
616.0500,1.42036572E+4,
616.200,1.41555039E+4,
616.3500,1.41767217E+4,
616.500,1.40501465E+4,
616.6500,1.36884287E+4,
616.800,1.36528135E+4,
616.9500,1.35637764E+4,
617.100,1.38088857E+4,
617.2500,1.36668281E+4,
617.400,1.38059854E+4,
617.5500,1.31863145E+4,
617.700,1.34607148E+4,
617.8500,1.29996338E+4,
618.00,1.33539756E+4,
618.1500,1.30396699E+4,
618.300,1.31085322E+4,
618.4500,1.30635127E+4,
618.600,1.28725361E+4,
618.7500,1.29813848E+4,
618.900,1.32482920E+4,
619.0500,1.34157363E+4,
619.200,1.36100635E+4,
619.3500,1.37963809E+4,
619.500,1.34547158E+4,
619.6500,1.39393789E+4,
619.800,1.42169971E+4,
619.9500,1.42748555E+4,
620.100,1.50923301E+4,
620.2500,1.53443477E+4,
620.400,1.52964385E+4,
620.5500,1.53828408E+4,
620.700,1.50093564E+4,
620.8500,1.47225186E+4,
621.00,1.49375908E+4,
621.1500,1.44516201E+4,
621.300,1.36449854E+4,
621.4500,1.33086143E+4,
621.600,1.36405566E+4,
621.7500,1.32494189E+4,
621.900,1.30738906E+4,
622.0500,1.24299248E+4,
622.200,1.24697773E+4,
622.3500,1.20374180E+4,
622.500,1.14268066E+4,
622.6500,1.15129385E+4,
622.800,1.10463887E+4,
622.9500,1.12223662E+4,
623.100,1.08140273E+4,
623.2500,1.08755361E+4,
623.400,1.07344619E+4,
623.5500,9.98041797E+3,
623.700,1.01864277E+4,
623.8500,1.03140137E+4,
624.00,1.00671191E+4,
624.1500,9.87477637E+3,
624.300,9.74285742E+3,
624.4500,9.67478125E+3,
624.600,9.71693652E+3,
624.7500,9.62387012E+3,
624.900,9.30549609E+3,
625.0500,9.37504004E+3,
625.200,9.72352539E+3,
625.3500,9.44116992E+3,
625.500,9.24463184E+3,
625.6500,9.27436523E+3,
625.800,9.28545996E+3,
625.9500,9.31529883E+3,
626.100,9.37664746E+3,
626.2500,8.97137012E+3,
626.400,9.26776953E+3,
626.5500,8.99276953E+3,
626.700,8.60955273E+3,
626.8500,8.47742871E+3,
627.00,8.88569043E+3,
627.1500,8.13868164E+3,
627.300,8.42075781E+3,
627.4500,7.97537061E+3,
627.600,8.18483008E+3,
627.7500,8.33437207E+3,
627.900,8.01735645E+3,
628.0500,7.65427539E+3,
628.200,7.82941113E+3,
628.3500,7.50967529E+3,
628.500,7.50138232E+3,
628.6500,7.58992188E+3,
628.800,6.99598291E+3,
628.9500,7.30429102E+3,
629.100,6.95122803E+3,
629.2500,7.00364990E+3,
629.400,6.96820850E+3,
629.5500,6.79537402E+3,
629.700,6.76587891E+3,
629.8500,6.55585840E+3,
630.00,6.96274463E+3,
630.1500,6.67997803E+3,
630.300,6.31690479E+3,
630.4500,6.37214307E+3,
630.600,6.36133301E+3,
630.7500,6.49975635E+3,
630.900,6.94785596E+3,
631.0500,6.67163135E+3,
631.200,6.57135547E+3,
631.3500,6.64119092E+3,
631.500,6.83189551E+3,
631.6500,6.72789063E+3,
631.800,6.87572363E+3,
631.9500,7.03423242E+3,
632.100,7.10557031E+3,
632.2500,6.93692725E+3,
632.400,7.00832129E+3,
632.5500,7.38570996E+3,
632.700,7.69989795E+3,
632.8500,7.37406738E+3,
633.00,7.55612012E+3,
633.1500,7.53668750E+3,
633.300,7.97001270E+3,
633.4500,7.94780713E+3,
633.600,7.51215088E+3,
633.7500,7.50614111E+3,
633.900,7.13354883E+3,
634.0500,7.64642041E+3,
634.200,7.40803613E+3,
634.3500,7.38084814E+3,
634.500,7.41625195E+3,
634.6500,7.25971240E+3,
634.800,7.22846924E+3,
634.9500,7.10944043E+3,
635.100,7.48195313E+3,
635.2500,7.01837891E+3,
635.400,7.32881152E+3,
635.5500,6.91245605E+3,
635.700,6.71394531E+3,
635.8500,6.82329590E+3,
636.00,6.70550781E+3,
636.1500,6.69802783E+3,
636.300,6.48340576E+3,
636.4500,6.25356396E+3,
636.600,6.28443604E+3,
636.7500,6.06753271E+3,
636.900,6.72446436E+3,
637.0500,5.95192969E+3,
637.200,5.92430762E+3,
637.3500,6.00157764E+3,
637.500,6.01380713E+3,
637.6500,5.61511328E+3,
637.800,5.71036182E+3,
637.9500,5.96299805E+3,
638.100,5.68954053E+3,
638.2500,5.64583252E+3,
638.400,5.87008838E+3,
638.5500,5.55045898E+3,
638.700,5.39181641E+3,
638.8500,5.29533691E+3,
639.00,5.46873975E+3,
639.1500,5.29440088E+3,
639.300,5.14534082E+3,
639.4500,5.37936523E+3,
639.600,5.12157129E+3,
639.7500,5.37889404E+3,
639.900,5.35988428E+3,
640.0500,5.13810107E+3,
640.200,5.14150732E+3,
640.3500,5.33349561E+3,
640.500,5.41287744E+3,
640.6500,5.27287451E+3,
640.800,5.33343066E+3,
640.9500,5.51976514E+3,
641.100,5.21889307E+3,
641.2500,5.20705664E+3,
641.400,5.19514941E+3,
641.5500,4.95296582E+3,
641.700,4.74818555E+3,
641.8500,4.98173193E+3,
642.00,4.54442920E+3,
642.1500,4.40696338E+3,
642.300,4.16808154E+3,
642.4500,4.22736084E+3,
642.600,4.21288770E+3,
642.7500,4.08908423E+3,
642.900,3.78097363E+3,
643.0500,3.76930981E+3,
643.200,3.58086523E+3,
643.3500,3.67490454E+3,
643.500,3.44600854E+3,
643.6500,3.54803101E+3,
643.800,2.88631616E+3,
643.9500,3.03517505E+3,
644.100,3.12500171E+3,
644.2500,3.10761743E+3,
644.400,3.18197607E+3,
644.5500,3.14460352E+3,
644.700,2.79034570E+3,
644.8500,2.78009644E+3,
645.00,2.75771411E+3,
645.1500,2.59419946E+3,
645.300,2.78980908E+3,
645.4500,2.55675122E+3,
645.600,2.71655518E+3,
645.7500,2.57183325E+3,
645.900,2.66300879E+3,
646.0500,2.39903857E+3,
646.200,2.60501636E+3,
646.3500,2.59432397E+3,
646.500,2.41901343E+3,
646.6500,2.56864038E+3,
646.800,2.53709766E+3,
646.9500,2.45571411E+3,
647.100,2.26600342E+3,
647.2500,2.33746118E+3,
647.400,2.40505200E+3,
647.5500,2.68178223E+3,
647.700,2.48246875E+3,
647.8500,2.41652759E+3,
648.00,2.39653857E+3,
648.1500,2.37635913E+3,
648.300,2.32652222E+3,
648.4500,2.21722705E+3,
648.600,2.37883716E+3,
648.7500,2.32440674E+3,
648.900,2.29528638E+3,
649.0500,2.20629712E+3,
649.200,2.25807861E+3,
649.3500,2.46007544E+3,
649.500,2.40522607E+3,
649.6500,2.22100415E+3,
649.800,2.31204053E+3,
649.9500,2.42939868E+3,
650.100,2.22679907E+3,
650.2500,2.25781763E+3,
650.400,2.24109741E+3,
650.5500,2.37693555E+3,
650.700,2.25985059E+3,
650.8500,2.69421484E+3,
651.00,2.88024194E+3,
651.1500,2.99681323E+3,
651.300,3.10948486E+3,
651.4500,3.30223242E+3,
651.600,3.94777344E+3,
651.7500,3.98340552E+3,
651.900,4.83370459E+3,
652.0500,5.02756055E+3,
652.200,4.99862012E+3,
652.3500,4.82164648E+3,
652.500,4.90433984E+3,
652.6500,4.76232520E+3,
652.800,4.03767310E+3,
652.9500,3.66694678E+3,
653.100,3.74315479E+3,
653.2500,3.33370459E+3,
653.400,3.22738745E+3,
653.5500,3.03388940E+3,
653.700,2.44170630E+3,
653.8500,2.64424609E+3,
654.00,2.57210132E+3,
654.1500,2.42605908E+3,
654.300,2.43621069E+3,
654.4500,2.48802246E+3,
654.600,2.41954370E+3,
654.7500,2.34609399E+3,
654.900,2.72396509E+3,
655.0500,2.42684717E+3,
655.200,2.55405786E+3,
655.3500,2.71466064E+3,
655.500,2.61752783E+3,
655.6500,2.40218237E+3,
655.800,2.45964600E+3,
655.9500,2.61673779E+3,
656.100,2.48047534E+3,
656.2500,2.49093384E+3,
656.400,2.36802051E+3,
656.5500,2.18721826E+3,
656.700,2.32627710E+3,
656.8500,2.37001221E+3,
657.00,2.12541895E+3,
657.1500,2.09663110E+3,
657.300,2.04837061E+3,
657.4500,2.00956348E+3,
657.600,2.12587915E+3,
657.7500,2.04326587E+3,
657.900,2.36498877E+3,
658.0500,2.13102612E+3,
658.200,2.07726318E+3,
658.3500,2.12635986E+3,
658.500,2.23966919E+3,
658.6500,2.17094775E+3,
658.800,2.14145166E+3,
658.9500,2.11676733E+3,
659.100,1.72920496E+3,
659.2500,1.76315894E+3,
659.400,1.98697668E+3,
659.5500,1.89157043E+3,
659.700,1.77062891E+3,
659.8500,1.80496765E+3,
660.00,1.75882520E+3,
660.1500,1.60136926E+3,
660.300,1.67607983E+3,
660.4500,1.89834009E+3,
660.600,1.70953198E+3,
660.7500,1.70341443E+3,
660.900,1.85062769E+3,
661.0500,1.71159644E+3,
661.200,1.72092493E+3,
661.3500,1.94142517E+3,
661.500,1.72936523E+3,
661.6500,1.98717688E+3,
661.800,1.90385730E+3,
661.9500,1.92932983E+3,
662.100,2.16868018E+3,
662.2500,2.16359082E+3,
662.400,2.05368726E+3,
662.5500,2.13229541E+3,
662.700,2.22708130E+3,
662.8500,2.22204126E+3,
663.00,2.05294214E+3,
663.1500,1.92535852E+3,
663.300,1.81840527E+3,
663.4500,1.73224304E+3,
663.600,1.70976465E+3,
663.7500,1.84249390E+3,
663.900,1.61076025E+3,
664.0500,1.64696338E+3,
664.200,1.30021790E+3,
664.3500,1.48178772E+3,
664.500,1.27933508E+3,
664.6500,1.24435791E+3,
664.800,1.14384229E+3,
664.9500,1.21755908E+3,
665.100,1.09457996E+3,
665.2500,1.20140955E+3,
665.400,1.02829785E+3,
665.5500,1.16853845E+3,
665.700,9.83463257E+2,
665.8500,9.63647766E+2,
666.00,1.01590125E+3,
666.1500,9.57116089E+2,
666.300,9.76134277E+2,
666.4500,1.02878809E+3,
666.600,8.57503784E+2,
666.7500,1.00000323E+3,
666.900,9.06660950E+2,
667.0500,9.76575439E+2,
667.200,8.14837341E+2,
667.3500,9.64286560E+2,
667.500,8.75642700E+2,
667.6500,8.83461792E+2,
667.800,9.37021362E+2,
667.9500,8.01833984E+2,
668.100,8.26791504E+2,
668.2500,8.17358582E+2,
668.400,7.79022156E+2,
668.5500,6.88421326E+2,
668.700,7.94549255E+2,
668.8500,8.08179810E+2,
669.00,7.98559265E+2,
669.1500,7.94803955E+2,
669.300,7.67585510E+2,
669.4500,7.93094910E+2,
669.600,8.36403503E+2,
669.7500,5.84654785E+2,
669.900,7.63821594E+2,
670.0500,6.23339661E+2,
670.200,7.49948975E+2,
670.3500,6.38514709E+2,
670.500,7.41882874E+2,
670.6500,7.49810181E+2,
670.800,6.01407410E+2,
670.9500,5.66794495E+2,
671.100,5.44039490E+2,
671.2500,6.66579163E+2,
671.400,6.01403992E+2,
671.5500,5.54171448E+2,
671.700,5.31122925E+2,
671.8500,6.11996338E+2,
672.00,6.07375977E+2,
672.1500,7.13374023E+2,
672.300,6.96584961E+2,
672.4500,6.11742188E+2,
672.600,4.70743591E+2,
672.7500,6.58134460E+2,
672.900,6.84605286E+2,
673.0500,7.42404236E+2,
673.200,8.00507751E+2,
673.3500,5.51696838E+2,
673.500,6.34748779E+2,
673.6500,7.81206360E+2,
673.800,5.36816895E+2,
673.9500,7.15402039E+2,
674.100,6.60077637E+2,
674.2500,5.47221680E+2,
674.400,6.50682678E+2,
674.5500,7.03502563E+2,
674.700,5.83471680E+2,
674.8500,6.68524475E+2,
675.00,6.50895874E+2,
675.1500,6.65506104E+2,
675.300,6.08929688E+2,
675.4500,6.49479187E+2,
675.600,5.79537415E+2,
675.7500,4.89643158E+2,
675.900,7.00374329E+2,
676.0500,7.48142212E+2,
676.200,6.77736694E+2,
676.3500,7.05914856E+2,
676.500,6.41631653E+2,
676.6500,7.49444092E+2,
676.800,7.11526550E+2,
676.9500,5.26723389E+2,
677.100,5.81599915E+2,
677.2500,6.97090698E+2,
677.400,5.84692200E+2,
677.5500,5.59291260E+2,
677.700,6.14829773E+2,
677.8500,5.75819458E+2,
678.00,4.75466797E+2,
678.1500,5.72046204E+2,
678.300,6.69125244E+2,
678.4500,6.50333374E+2,
678.600,6.38302734E+2,
678.7500,5.36747925E+2,
678.900,5.31250916E+2,
679.0500,7.33229248E+2,
679.200,7.21236572E+2,
679.3500,6.39650635E+2,
679.500,5.50672485E+2,
679.6500,5.31119446E+2,
679.800,6.72607910E+2,
679.9500,5.83018921E+2,
680.100,4.31057709E+2,
680.2500,5.73970459E+2,
680.400,5.04502441E+2,
680.5500,3.91893341E+2,
680.700,6.28767456E+2,
680.8500,5.80356812E+2,
681.00,6.17891418E+2,
681.1500,5.54744019E+2,
681.300,5.92384766E+2,
681.4500,5.72278015E+2,
681.600,4.64890167E+2,
681.7500,6.99250793E+2,
681.900,7.81516541E+2,
682.0500,7.03090515E+2,
682.200,5.65462524E+2,
682.3500,7.14263184E+2,
682.500,6.57129456E+2,
682.6500,6.73717773E+2,
682.800,7.49779480E+2,
682.9500,6.17828125E+2,
683.100,7.09058411E+2,
683.2500,5.98705811E+2,
683.400,7.12875122E+2,
683.5500,5.04116516E+2,
683.700,5.96006775E+2,
683.8500,7.18648010E+2,
684.00,8.04021606E+2,
684.1500,7.14927246E+2,
684.300,6.63476074E+2,
684.4500,5.81156921E+2,
684.600,6.28735352E+2,
684.7500,6.61191895E+2,
684.900,6.62985413E+2,
685.0500,7.18892456E+2,
685.200,6.82085876E+2,
685.3500,6.83935303E+2,
685.500,7.09170044E+2,
685.6500,7.18910583E+2,
685.800,6.66015015E+2,
685.9500,6.52113342E+2,
686.100,9.29615601E+2,
686.2500,7.26749268E+2,
686.400,7.04958557E+2,
686.5500,8.26006592E+2,
686.700,7.56575562E+2,
686.8500,7.18704041E+2,
687.00,8.64791016E+2,
687.1500,8.91253906E+2,
687.300,7.97085083E+2,
687.4500,8.80012573E+2,
687.600,9.79582703E+2,
687.7500,8.03683960E+2,
687.900,5.86109009E+2,
688.0500,8.81586304E+2,
688.200,1.03953906E+3,
688.3500,9.93159729E+2,
688.500,9.71210083E+2,
688.6500,8.50094849E+2,
688.800,9.10378113E+2,
688.9500,7.22020081E+2,
689.100,9.07071960E+2,
689.2500,9.59601929E+2,
689.400,8.45072632E+2,
689.5500,8.55760254E+2,
689.700,8.24440369E+2,
689.8500,7.33895203E+2,
690.00,7.52813477E+2,
690.1500,1.05169397E+3,
690.300,8.24915833E+2,
690.4500,7.84508606E+2,
690.600,7.52428223E+2,
690.7500,6.60155884E+2,
690.900,7.82297363E+2,
691.0500,9.13721069E+2,
691.200,9.59434326E+2,
691.3500,9.10052673E+2,
691.500,9.03850037E+2,
691.6500,1.01961499E+3,
691.800,9.43759705E+2,
691.9500,9.63872375E+2,
692.100,7.82003784E+2,
692.2500,8.01778442E+2,
692.400,1.09554504E+3,
692.5500,8.23923828E+2,
692.700,1.10159839E+3,
692.8500,8.28481079E+2,
693.00,1.02729822E+3,
693.1500,8.15130615E+2,
693.300,1.14071362E+3,
693.4500,9.09668701E+2,
693.600,1.11085278E+3,
693.7500,1.10484570E+3,
693.900,1.08063928E+3,
694.0500,1.03808069E+3,
694.200,9.31369507E+2,
694.3500,1.12621960E+3,
694.500,9.73242188E+2,
694.6500,1.09562183E+3,
694.800,1.00632611E+3,
694.9500,1.21278601E+3,
695.100,1.00265643E+3,
695.2500,1.00548578E+3,
695.400,8.77617798E+2,
695.5500,1.07671545E+3,
695.700,1.06098462E+3,
695.8500,1.08282129E+3,
696.00,1.00090784E+3,
696.1500,1.05107617E+3,
696.300,1.12051147E+3,
696.4500,1.10463171E+3,
696.600,1.21279956E+3,
696.7500,1.08215796E+3,
696.900,1.18126111E+3,
697.0500,1.25199353E+3,
697.200,1.42928613E+3,
697.3500,1.25892554E+3,
697.500,1.09732532E+3,
697.6500,1.13931689E+3,
697.800,1.26941553E+3,
697.9500,1.00855945E+3,
698.100,1.13900928E+3,
698.2500,1.20125586E+3,
698.400,1.14535913E+3,
698.5500,1.19805603E+3,
698.700,1.19146960E+3,
698.8500,9.95662964E+2,
699.00,1.25804065E+3,
699.1500,1.19151599E+3,
699.300,1.04427600E+3,
699.4500,1.15800635E+3,
699.600,1.06031311E+3,
699.7500,1.32662781E+3,
699.900,1.10697778E+3,
700.0500,1.15084424E+3,
700.200,1.20511914E+3,
700.3500,1.17775818E+3,
700.500,1.15023840E+3,
700.6500,1.05046875E+3,
700.800,1.04307947E+3,
700.9500,9.21724854E+2,
701.100,1.14232300E+3,
701.2500,1.28077136E+3,
701.400,1.12761816E+3,
701.5500,1.09925708E+3,
701.700,1.17571399E+3,
701.8500,1.04206067E+3,
702.00,8.86568115E+2,
702.1500,1.40753406E+3,
702.300,1.23094800E+3,
702.4500,1.06404004E+3,
702.600,1.53637549E+3,
702.7500,1.11261768E+3,
702.900,1.19073425E+3,
703.0500,1.15099060E+3,
703.200,1.32686072E+3,
703.3500,1.16836035E+3,
703.500,1.50800159E+3,
703.6500,1.30558167E+3,
703.800,1.34203479E+3,
703.9500,1.20362000E+3,
704.100,1.11935181E+3,
704.2500,1.48589001E+3,
704.400,1.53446228E+3,
704.5500,1.37294092E+3,
704.700,1.52139514E+3,
704.8500,1.39227039E+3,
705.00,1.45228064E+3,
705.1500,1.32213989E+3,
705.300,1.30359290E+3,
705.4500,1.46527258E+3,
705.600,1.19832007E+3,
705.7500,1.20189417E+3,
705.900,1.34195410E+3,
706.0500,1.60827795E+3,
706.200,1.49859143E+3,
706.3500,1.43414355E+3,
706.500,1.55341821E+3,
706.6500,1.63876587E+3,
706.800,1.26162207E+3,
706.9500,1.40463916E+3,
707.100,1.49025818E+3,
707.2500,1.33115039E+3,
707.400,1.37019006E+3,
707.5500,1.55039294E+3,
707.700,1.59029248E+3,
707.8500,1.59497241E+3,
708.00,1.69446680E+3,
708.1500,1.54487378E+3,
708.300,1.59700879E+3,
708.4500,1.39843933E+3,
708.600,1.67819238E+3,
708.7500,1.73114502E+3,
708.900,1.80851160E+3,
709.0500,1.39048914E+3,
709.200,1.70958752E+3,
709.3500,1.28878723E+3,
709.500,1.54840002E+3,
709.6500,1.19815027E+3,
709.800,1.74092310E+3,
709.9500,1.49988855E+3,
710.100,1.22045886E+3,
710.2500,1.40920007E+3,
710.400,1.62375403E+3,
710.5500,1.41688708E+3,
710.700,1.39582776E+3,
710.8500,1.47461877E+3,
711.00,1.20296765E+3,
711.1500,1.24401587E+3,
711.300,1.10887244E+3,
711.4500,1.52895459E+3,
711.600,1.16575696E+3,
711.7500,1.80434924E+3,
711.900,1.66923425E+3,
712.0500,1.43114612E+3,
712.200,1.75558093E+3,
712.3500,1.42645557E+3,
712.500,1.40474670E+3,
712.6500,1.34413501E+3,
712.800,1.17947778E+3,
712.9500,1.39082397E+3,
713.100,1.52508862E+3,
713.2500,1.12413757E+3,
713.400,1.19282263E+3,
713.5500,1.45905457E+3,
713.700,1.51586902E+3,
713.8500,1.34828101E+3,
714.00,1.36532227E+3,
714.1500,1.08996350E+3,
714.300,1.26625916E+3,
714.4500,1.25640247E+3,
714.600,1.17946948E+3,
714.7500,1.18274451E+3,
714.900,1.22646619E+3,
715.0500,1.33803796E+3,
715.200,1.42320667E+3,
715.3500,1.71275781E+3,
715.500,1.62225989E+3,
715.6500,1.40818762E+3,
715.800,1.74131689E+3,
715.9500,1.55383362E+3,
716.100,1.46183813E+3,
716.2500,1.23100317E+3,
716.400,1.67854175E+3,
716.5500,1.43305420E+3,
716.700,1.57682666E+3,
716.8500,1.31557263E+3,
717.00,1.41772302E+3,
717.1500,1.37961572E+3,
717.300,1.17185278E+3,
717.4500,1.37350745E+3,
717.600,1.07929114E+3,
717.7500,1.35305615E+3,
717.900,1.21417175E+3,
718.0500,1.54719763E+3,
718.200,1.06315808E+3,
718.3500,1.26792639E+3,
718.500,1.27157129E+3,
718.6500,1.28972351E+3,
718.800,1.32250476E+3,
718.9500,1.25344446E+3,
719.100,1.08162964E+3,
719.2500,1.12868640E+3,
719.400,1.42590869E+3,
719.5500,1.37101184E+3,
719.700,1.41928345E+3,
719.8500,1.02302887E+3,
720.00,1.36794556E+3,
720.1500,1.14816528E+3,
720.300,1.24115295E+3,
720.4500,1.34966064E+3,
720.600,1.38358545E+3,
720.7500,1.28196008E+3,
720.900,1.13437354E+3,
721.0500,1.45612085E+3,
721.200,1.12557141E+3,
721.3500,1.14398145E+3,
721.500,1.31544849E+3,
721.6500,1.22711365E+3,
721.800,1.33824036E+3,
721.9500,1.29573315E+3,
722.100,1.25291785E+3,
722.2500,1.13227588E+3,
722.400,1.39979773E+3,
722.5500,1.26328650E+3,
722.700,1.18857263E+3,
722.8500,1.25458057E+3,
723.00,1.11651501E+3,
723.1500,1.48233911E+3,
723.300,1.32835181E+3,
723.4500,1.28450085E+3,
723.600,1.36761719E+3,
723.7500,1.14819763E+3,
723.900,1.55122791E+3,
724.0500,1.17073645E+3,
724.200,9.97207214E+2,
724.3500,1.37110754E+3,
724.500,1.13242871E+3,
724.6500,1.39531909E+3,
724.800,1.10648926E+3,
724.9500,1.19131274E+3,
725.100,1.17839307E+3,
725.2500,1.08330847E+3,
725.400,1.23458752E+3,
725.5500,1.51880408E+3,
725.700,1.27485071E+3,
725.8500,1.27854346E+3,
726.00,1.36551440E+3,
726.1500,1.51963013E+3,
726.300,1.57412512E+3,
726.4500,1.24267993E+3,
726.600,1.39772949E+3,
726.7500,1.23278320E+3,
726.900,1.20238269E+3,
727.0500,1.03591785E+3,
727.200,1.10688037E+3,
727.3500,1.22945569E+3,
727.500,1.02736780E+3,
727.6500,1.13322095E+3,
727.800,1.20521765E+3,
727.9500,1.07042700E+3,
728.100,1.02142499E+3,
728.2500,1.16309338E+3,
728.400,9.39984131E+2,
728.5500,9.77467529E+2,
728.700,1.08516284E+3,
728.8500,8.42431458E+2,
729.00,1.14392615E+3,
729.1500,8.47108887E+2,
729.300,9.20270264E+2,
729.4500,9.40596497E+2,
729.600,1.12120447E+3,
729.7500,1.07081274E+3,
729.900,1.05592786E+3,
730.0500,9.87122681E+2,
730.200,7.73954712E+2,
730.3500,8.66419556E+2,
730.500,7.42185303E+2,
730.6500,1.18000867E+3,
730.800,9.83127502E+2,
730.9500,1.09550159E+3,
731.100,1.13521045E+3,
731.2500,6.79357605E+2,
731.400,1.12315698E+3,
731.5500,9.78591064E+2,
731.700,8.70240295E+2,
731.8500,1.15119922E+3,
732.00,1.24753381E+3,
732.1500,1.00824579E+3,
732.300,1.10463977E+3,
732.4500,9.38719727E+2,
732.600,1.09192407E+3,
732.7500,9.06161255E+2,
732.900,8.51879700E+2,
733.0500,9.87140564E+2,
733.200,1.23741479E+3,
733.3500,1.54637415E+3,
733.500,9.95547607E+2,
733.6500,1.03677234E+3,
733.800,1.34778186E+3,
733.9500,1.27437964E+3,
734.100,1.54913306E+3,
734.2500,1.39823792E+3,
734.400,1.75284290E+3,
734.5500,1.56258411E+3,
734.700,1.66504785E+3,
734.8500,2.02348987E+3,
735.00,1.91114209E+3,
735.1500,2.13393262E+3,
735.300,2.14001782E+3,
735.4500,2.16599878E+3,
735.600,1.77362280E+3,
735.7500,1.93858179E+3,
735.900,1.50319971E+3,
736.0500,1.98983972E+3,
736.200,1.63253992E+3,
736.3500,1.13178503E+3,
736.500,1.45917334E+3,
736.6500,1.30063293E+3,
736.800,1.67105115E+3,
736.9500,1.59394360E+3,
737.100,1.45478162E+3,
737.2500,1.62295862E+3,
737.400,1.66842932E+3,
737.5500,1.38369617E+3,
737.700,1.73936023E+3,
737.8500,1.97232861E+3,
738.00,1.89427734E+3,
738.1500,1.94083984E+3,
738.300,1.71563843E+3,
738.4500,1.92977148E+3,
738.600,2.37631323E+3,
738.7500,2.48779956E+3,
738.900,3.12827368E+3,
739.0500,2.88204175E+3,
739.200,3.10205933E+3,
739.3500,3.21670386E+3,
739.500,3.33193677E+3,
739.6500,3.06230078E+3,
739.800,3.19917822E+3,
739.9500,3.05690479E+3,
740.100,2.39605078E+3,
740.2500,3.13863086E+3,
740.400,2.66979834E+3,
740.5500,2.24188062E+3,
740.700,1.85522925E+3,
740.8500,1.77283545E+3,
741.00,1.47049768E+3,
741.1500,1.80471582E+3,
741.300,1.03728735E+3,
741.4500,1.28362158E+3,
741.600,1.06526917E+3,
741.7500,9.79222534E+2,
741.900,1.18281567E+3,
742.0500,1.16371289E+3,
742.200,1.09955493E+3,
742.3500,8.55035522E+2,
742.500,6.09179504E+2,
742.6500,8.37078308E+2,
742.800,9.07419250E+2,
742.9500,8.64403625E+2,
743.100,6.84293030E+2,
743.2500,9.14894409E+2,
743.400,5.27510010E+2,
743.5500,7.12947205E+2,
743.700,6.22663818E+2,
743.8500,5.31879517E+2,
744.00,5.10158417E+2,
744.1500,6.51097595E+2,
744.300,5.82954468E+2,
744.4500,5.61195129E+2,
744.600,5.62760193E+2,
744.7500,5.87845398E+2,
744.900,6.60228027E+2,
745.0500,5.67480469E+2,
745.200,7.11288696E+2,
745.3500,8.79655518E+2,
745.500,7.86705994E+2,
745.6500,6.45434021E+2,
745.800,6.47205566E+2,
745.9500,6.73020508E+2,
746.100,5.06110107E+2,
746.2500,8.21565918E+2,
746.400,9.44860291E+2,
746.5500,7.77308044E+2,
746.700,7.06289124E+2,
746.8500,9.03501465E+2,
747.00,7.58984009E+2,
747.1500,9.08128296E+2,
747.300,7.13540405E+2,
747.4500,8.63305908E+2,
747.600,8.40722351E+2,
747.7500,1.09069775E+3,
747.900,3.72754211E+2,
748.0500,4.48416138E+2,
748.200,7.49209778E+2,
748.3500,7.76101013E+2,
748.500,4.51756561E+2,
748.6500,6.03837463E+2,
748.800,2.77446228E+2,
748.9500,5.81557129E+2,
749.100,6.84475830E+2,
749.2500,6.60882263E+2,
749.400,6.11674133E+2,
749.5500,6.89972229E+2,
749.700,5.63703552E+2,
749.8500,4.62447174E+2,
750.00,4.89447479E+2,
