Labels,32C_86_450K,
Type,Emission Scan,
Comment,,
Start,470.00,
Stop,750.0500,
Step,0.150,
Fixed/Offset,450.00,
Xaxis,Wavelength,
Yaxis,Counts,
Scan Corr. by File,True,
Corr. by Ref. Det.,False,
Fixed/Offset Corr. by File,False,
Repeats,1,
Dwell Time,0.20,
Lamp,Xe,
Temp,28.150,
Scan Polariser,None,
Scan Slit,0.2520,
Fixed/Offset Polariser,None,
Fixed/Offset Slit,2.9970,
Detector,Red PMT,

470.00,2.64493359E+3,
470.1500,2.61715552E+3,
470.300,2.53803198E+3,
470.4500,2.48821069E+3,
470.600,2.59041895E+3,
470.7500,2.43201489E+3,
470.900,2.35522314E+3,
471.0500,2.39822485E+3,
471.200,2.31795361E+3,
471.3500,2.32107544E+3,
471.500,2.28807202E+3,
471.6500,2.20895288E+3,
471.800,2.08377051E+3,
471.9500,2.26942993E+3,
472.100,2.21770752E+3,
472.2500,2.13507104E+3,
472.400,2.24079053E+3,
472.5500,2.28237231E+3,
472.700,2.26286182E+3,
472.8500,2.39652271E+3,
473.00,2.35197974E+3,
473.1500,2.62490820E+3,
473.300,2.85975269E+3,
473.4500,2.80540063E+3,
473.600,2.77707251E+3,
473.7500,2.55569946E+3,
473.900,2.30037183E+3,
474.0500,2.30719141E+3,
474.200,2.19015259E+3,
474.3500,2.14312109E+3,
474.500,2.11709155E+3,
474.6500,2.00106030E+3,
474.800,2.05803540E+3,
474.9500,2.03000867E+3,
475.100,2.10710864E+3,
475.2500,2.09927026E+3,
475.400,2.14444043E+3,
475.5500,1.95855200E+3,
475.700,1.97470667E+3,
475.8500,1.99886658E+3,
476.00,2.10306982E+3,
476.1500,2.02531091E+3,
476.300,1.99956995E+3,
476.4500,2.08292114E+3,
476.600,2.05417529E+3,
476.7500,1.93931714E+3,
476.900,2.11180884E+3,
477.0500,1.88481494E+3,
477.200,1.92129248E+3,
477.3500,2.03493311E+3,
477.500,2.07646631E+3,
477.6500,2.10799097E+3,
477.800,2.06934644E+3,
477.9500,2.17207861E+3,
478.100,2.04532178E+3,
478.2500,2.10419800E+3,
478.400,2.02960925E+3,
478.5500,2.01822583E+3,
478.700,2.13138062E+3,
478.8500,2.03662231E+3,
479.00,2.06341357E+3,
479.1500,2.09446094E+3,
479.300,2.02493762E+3,
479.4500,2.01673889E+3,
479.600,2.05182056E+3,
479.7500,2.09800684E+3,
479.900,2.07369385E+3,
480.0500,2.10583130E+3,
480.200,2.11686328E+3,
480.3500,2.18541138E+3,
480.500,2.23382739E+3,
480.6500,2.28733105E+3,
480.800,2.31258887E+3,
480.9500,2.33685352E+3,
481.100,2.27920068E+3,
481.2500,2.31353687E+3,
481.400,2.30944019E+3,
481.5500,2.20510303E+3,
481.700,2.21411646E+3,
481.8500,2.32446069E+3,
482.00,2.34771289E+3,
482.1500,2.25243457E+3,
482.300,2.28896460E+3,
482.4500,2.20878979E+3,
482.600,2.16509717E+3,
482.7500,2.32557178E+3,
482.900,2.26561963E+3,
483.0500,2.27585498E+3,
483.200,2.20180664E+3,
483.3500,2.17450073E+3,
483.500,2.18484668E+3,
483.6500,2.18704517E+3,
483.800,2.15151270E+3,
483.9500,2.13838159E+3,
484.100,2.15188989E+3,
484.2500,2.06230127E+3,
484.400,2.05334033E+3,
484.5500,2.02697693E+3,
484.700,2.06299854E+3,
484.8500,2.01509460E+3,
485.00,2.06548389E+3,
485.1500,2.08328223E+3,
485.300,2.06108643E+3,
485.4500,1.98752429E+3,
485.600,2.10082520E+3,
485.7500,2.12792017E+3,
485.900,2.03263416E+3,
486.0500,2.04119861E+3,
486.200,2.12809375E+3,
486.3500,2.24499194E+3,
486.500,2.19082056E+3,
486.6500,2.15101904E+3,
486.800,2.33322070E+3,
486.9500,2.27381030E+3,
487.100,2.17491187E+3,
487.2500,2.44837012E+3,
487.400,2.50470801E+3,
487.5500,2.61083569E+3,
487.700,2.64140698E+3,
487.8500,2.96451636E+3,
488.00,2.84689990E+3,
488.1500,3.13714282E+3,
488.300,3.23339966E+3,
488.4500,3.24138965E+3,
488.600,3.33675146E+3,
488.7500,3.32813770E+3,
488.900,3.39239502E+3,
489.0500,3.17553052E+3,
489.200,3.21193872E+3,
489.3500,3.15867163E+3,
489.500,3.23371631E+3,
489.6500,3.13546582E+3,
489.800,3.18966992E+3,
489.9500,3.28576343E+3,
490.100,3.25778418E+3,
490.2500,3.50641504E+3,
490.400,3.72082715E+3,
490.5500,3.89674609E+3,
490.700,4.03932959E+3,
490.8500,4.26615674E+3,
491.00,4.42813184E+3,
491.1500,4.51604395E+3,
491.300,4.67675049E+3,
491.4500,4.69542383E+3,
491.600,4.85651416E+3,
491.7500,4.95979053E+3,
491.900,4.83710645E+3,
492.0500,4.82207129E+3,
492.200,4.72128125E+3,
492.3500,4.52497559E+3,
492.500,4.35695313E+3,
492.6500,4.24274854E+3,
492.800,4.12409424E+3,
492.9500,4.09131006E+3,
493.100,4.09774414E+3,
493.2500,4.08179102E+3,
493.400,3.92200000E+3,
493.5500,3.92717749E+3,
493.700,3.88967627E+3,
493.8500,3.97808594E+3,
494.00,3.67555713E+3,
494.1500,3.79275708E+3,
494.300,3.79562109E+3,
494.4500,3.91734741E+3,
494.600,3.79703833E+3,
494.7500,3.76340967E+3,
494.900,3.74796362E+3,
495.0500,3.79268408E+3,
495.200,3.87196533E+3,
495.3500,3.85453491E+3,
495.500,3.86613257E+3,
495.6500,3.89066431E+3,
495.800,3.94972607E+3,
495.9500,3.78764941E+3,
496.100,3.92901660E+3,
496.2500,3.78969165E+3,
496.400,3.93031055E+3,
496.5500,3.93797510E+3,
496.700,3.78742358E+3,
496.8500,3.70059277E+3,
497.00,3.77642627E+3,
497.1500,3.72879932E+3,
497.300,3.72565649E+3,
497.4500,3.62997681E+3,
497.600,3.60165259E+3,
497.7500,3.65504443E+3,
497.900,3.50006372E+3,
498.0500,3.53270239E+3,
498.200,3.55122388E+3,
498.3500,3.43734766E+3,
498.500,3.46345410E+3,
498.6500,3.36461401E+3,
498.800,3.38957861E+3,
498.9500,3.41567383E+3,
499.100,3.45062915E+3,
499.2500,3.40533179E+3,
499.400,3.27514136E+3,
499.5500,3.22296460E+3,
499.700,3.14530835E+3,
499.8500,3.17681738E+3,
500.00,3.13100659E+3,
500.1500,3.10727954E+3,
500.300,3.00378052E+3,
500.4500,2.99649683E+3,
500.600,3.05795459E+3,
500.7500,2.85196533E+3,
500.900,2.97671582E+3,
501.0500,2.94375098E+3,
501.200,2.88733301E+3,
501.3500,2.95557788E+3,
501.500,2.79869727E+3,
501.6500,2.75871143E+3,
501.800,2.88618896E+3,
501.9500,2.72992798E+3,
502.100,2.69871143E+3,
502.2500,2.79061816E+3,
502.400,2.64394385E+3,
502.5500,2.66863623E+3,
502.700,2.69785278E+3,
502.8500,2.60350659E+3,
503.00,2.66643604E+3,
503.1500,2.56188452E+3,
503.300,2.66443311E+3,
503.4500,2.60477905E+3,
503.600,2.62288257E+3,
503.7500,2.61728638E+3,
503.900,2.59358105E+3,
504.0500,2.63775391E+3,
504.200,2.63336133E+3,
504.3500,2.64595459E+3,
504.500,2.73344971E+3,
504.6500,2.84721411E+3,
504.800,3.00095728E+3,
504.9500,2.94675928E+3,
505.100,2.92208057E+3,
505.2500,3.01589478E+3,
505.400,3.05054395E+3,
505.5500,3.08067651E+3,
505.700,3.10056665E+3,
505.8500,3.20169409E+3,
506.00,3.13240210E+3,
506.1500,3.52837988E+3,
506.300,3.33551611E+3,
506.4500,3.59462451E+3,
506.600,3.64390503E+3,
506.7500,3.88189380E+3,
506.900,3.94876904E+3,
507.0500,4.10459521E+3,
507.200,4.30938818E+3,
507.3500,4.46492090E+3,
507.500,4.20466846E+3,
507.6500,4.24467822E+3,
507.800,4.03924609E+3,
507.9500,3.93192529E+3,
508.100,3.93591064E+3,
508.2500,3.67861206E+3,
508.400,3.49169556E+3,
508.5500,3.42775806E+3,
508.700,3.12599414E+3,
508.8500,3.01837158E+3,
509.00,3.15919141E+3,
509.1500,2.98467798E+3,
509.300,2.91274854E+3,
509.4500,2.92965845E+3,
509.600,2.86571460E+3,
509.7500,2.77347729E+3,
509.900,2.76677759E+3,
510.0500,2.60719409E+3,
510.200,2.68605103E+3,
510.3500,2.56602393E+3,
510.500,2.59664038E+3,
510.6500,2.64263940E+3,
510.800,2.71587109E+3,
510.9500,2.50912061E+3,
511.100,2.52913672E+3,
511.2500,2.39408496E+3,
511.400,2.33699561E+3,
511.5500,2.19320508E+3,
511.700,2.13106689E+3,
511.8500,2.02127673E+3,
512.00,1.88511743E+3,
512.1500,1.96787830E+3,
512.300,1.88753564E+3,
512.4500,1.95851440E+3,
512.600,1.87441296E+3,
512.7500,1.86304309E+3,
512.900,1.81097473E+3,
513.0500,1.86540198E+3,
513.200,1.82533765E+3,
513.3500,1.84876831E+3,
513.500,1.72452612E+3,
513.6500,1.65292200E+3,
513.800,1.69066870E+3,
513.9500,1.62851062E+3,
514.100,1.78571692E+3,
514.2500,1.68376453E+3,
514.400,1.67946204E+3,
514.5500,1.59773474E+3,
514.700,1.70470837E+3,
514.8500,1.66645654E+3,
515.00,1.51286694E+3,
515.1500,1.67592578E+3,
515.300,1.53782166E+3,
515.4500,1.69270569E+3,
515.600,1.62497729E+3,
515.7500,1.61075867E+3,
515.900,1.67584216E+3,
516.0500,1.51868689E+3,
516.200,1.60949341E+3,
516.3500,1.58172229E+3,
516.500,1.60413501E+3,
516.6500,1.57015845E+3,
516.800,1.63679480E+3,
516.9500,1.62858240E+3,
517.100,1.65483899E+3,
517.2500,1.47179004E+3,
517.400,1.70507434E+3,
517.5500,1.60190674E+3,
517.700,1.58500183E+3,
517.8500,1.63359656E+3,
518.00,1.63153125E+3,
518.1500,1.65428687E+3,
518.300,1.56668164E+3,
518.4500,1.56829480E+3,
518.600,1.55747388E+3,
518.7500,1.58270923E+3,
518.900,1.63414661E+3,
519.0500,1.51987903E+3,
519.200,1.57016968E+3,
519.3500,1.60681506E+3,
519.500,1.66479578E+3,
519.6500,1.65778259E+3,
519.800,1.67456165E+3,
519.9500,1.66251135E+3,
520.100,1.58892773E+3,
520.2500,1.75160022E+3,
520.400,1.62257849E+3,
520.5500,1.67977100E+3,
520.700,1.58444031E+3,
520.8500,1.76293457E+3,
521.00,1.65230420E+3,
521.1500,1.75022400E+3,
521.300,1.63424243E+3,
521.4500,1.66004883E+3,
521.600,1.58307104E+3,
521.7500,1.62665601E+3,
521.900,1.65760400E+3,
522.0500,1.70516370E+3,
522.200,1.61514233E+3,
522.3500,1.64998352E+3,
522.500,1.56353857E+3,
522.6500,1.57409180E+3,
522.800,1.61025916E+3,
522.9500,1.61190027E+3,
523.100,1.60462073E+3,
523.2500,1.56781873E+3,
523.400,1.60034363E+3,
523.5500,1.50553833E+3,
523.700,1.62049585E+3,
523.8500,1.57578870E+3,
524.00,1.70137830E+3,
524.1500,1.65927051E+3,
524.300,1.75289697E+3,
524.4500,1.62526782E+3,
524.600,1.64774194E+3,
524.7500,1.61834705E+3,
524.900,1.70320984E+3,
525.0500,1.65297021E+3,
525.200,1.61951013E+3,
525.3500,1.67328687E+3,
525.500,1.74412708E+3,
525.6500,1.68452148E+3,
525.800,1.80648071E+3,
525.9500,1.82923730E+3,
526.100,1.89137866E+3,
526.2500,1.90384497E+3,
526.400,1.68138220E+3,
526.5500,1.86839075E+3,
526.700,1.83349963E+3,
526.8500,1.96310706E+3,
527.00,1.91768335E+3,
527.1500,1.98188464E+3,
527.300,1.98809790E+3,
527.4500,1.99564099E+3,
527.600,2.16206909E+3,
527.7500,2.08365259E+3,
527.900,2.16959497E+3,
528.0500,2.13618872E+3,
528.200,2.30359375E+3,
528.3500,2.27696729E+3,
528.500,2.33825635E+3,
528.6500,2.39033423E+3,
528.800,2.22605981E+3,
528.9500,2.29951172E+3,
529.100,2.31817383E+3,
529.2500,2.33282983E+3,
529.400,2.32603247E+3,
529.5500,2.37967456E+3,
529.700,2.36886011E+3,
529.8500,2.29740942E+3,
530.00,2.31477197E+3,
530.1500,2.39285571E+3,
530.300,2.33463916E+3,
530.4500,2.42642017E+3,
530.600,2.33424634E+3,
530.7500,2.33539136E+3,
530.900,2.35552612E+3,
531.0500,2.27111719E+3,
531.200,2.38780029E+3,
531.3500,2.45163452E+3,
531.500,2.45291406E+3,
531.6500,2.33550122E+3,
531.800,2.32571167E+3,
531.9500,2.25574121E+3,
532.100,2.18431909E+3,
532.2500,2.23882422E+3,
532.400,2.26738013E+3,
532.5500,2.23968701E+3,
532.700,2.35352148E+3,
532.8500,2.14693286E+3,
533.00,2.18374414E+3,
533.1500,2.25659497E+3,
533.300,2.23707935E+3,
533.4500,2.20230493E+3,
533.600,2.08854858E+3,
533.7500,2.26135254E+3,
533.900,2.17929419E+3,
534.0500,2.25537036E+3,
534.200,2.18564697E+3,
534.3500,2.11853735E+3,
534.500,2.17947266E+3,
534.6500,2.16799146E+3,
534.800,2.11457349E+3,
534.9500,2.17987964E+3,
535.100,2.10252637E+3,
535.2500,2.17773706E+3,
535.400,2.24889722E+3,
535.5500,2.17694702E+3,
535.700,2.30026978E+3,
535.8500,2.21271606E+3,
536.00,2.21373804E+3,
536.1500,2.20773120E+3,
536.300,2.20028760E+3,
536.4500,2.10092334E+3,
536.600,2.40612451E+3,
536.7500,2.30533374E+3,
536.900,2.52063232E+3,
537.0500,2.35869702E+3,
537.200,2.46941748E+3,
537.3500,2.40673853E+3,
537.500,2.33251147E+3,
537.6500,2.30232764E+3,
537.800,2.26206860E+3,
537.9500,2.18454077E+3,
538.100,2.28431787E+3,
538.2500,2.29691260E+3,
538.400,2.31813354E+3,
538.5500,2.21875854E+3,
538.700,2.27442554E+3,
538.8500,2.15317334E+3,
539.00,2.22184180E+3,
539.1500,2.09162598E+3,
539.300,2.05064258E+3,
539.4500,2.05148755E+3,
539.600,2.24047827E+3,
539.7500,2.11546143E+3,
539.900,2.04963110E+3,
540.0500,2.03451001E+3,
540.200,2.05722705E+3,
540.3500,1.97373047E+3,
540.500,2.03138672E+3,
540.6500,2.02497559E+3,
540.800,1.95573389E+3,
540.9500,1.98868604E+3,
541.100,1.96757104E+3,
541.2500,2.16187134E+3,
541.400,2.07634595E+3,
541.5500,2.13311255E+3,
541.700,2.11940625E+3,
541.8500,2.13510742E+3,
542.00,2.07123218E+3,
542.1500,2.04705469E+3,
542.300,2.10112305E+3,
542.4500,2.07542822E+3,
542.600,2.15629395E+3,
542.7500,1.95266711E+3,
542.900,2.18199854E+3,
543.0500,1.94374060E+3,
543.200,1.97272913E+3,
543.3500,1.98539001E+3,
543.500,1.96676123E+3,
543.6500,1.99585156E+3,
543.800,1.99510815E+3,
543.9500,1.93451160E+3,
544.100,1.92468640E+3,
544.2500,1.87884094E+3,
544.400,2.00401624E+3,
544.5500,2.01674939E+3,
544.700,2.01596497E+3,
544.8500,1.92480310E+3,
545.00,1.98421082E+3,
545.1500,2.00304993E+3,
545.300,1.89347375E+3,
545.4500,1.81692871E+3,
545.600,1.83864868E+3,
545.7500,1.90438184E+3,
545.900,1.90801990E+3,
546.0500,1.92386633E+3,
546.200,1.96114954E+3,
546.3500,1.98175549E+3,
546.500,1.90480066E+3,
546.6500,1.97881470E+3,
546.800,1.93222961E+3,
546.9500,1.79676208E+3,
547.100,1.89395117E+3,
547.2500,1.97607141E+3,
547.400,1.97236365E+3,
547.5500,1.97632654E+3,
547.700,1.95565503E+3,
547.8500,2.00276038E+3,
548.00,1.98359766E+3,
548.1500,2.04166614E+3,
548.300,1.86465613E+3,
548.4500,1.95059277E+3,
548.600,1.88781287E+3,
548.7500,1.99882056E+3,
548.900,1.97791699E+3,
549.0500,2.03167126E+3,
549.200,1.98889038E+3,
549.3500,2.02870581E+3,
549.500,1.94205603E+3,
549.6500,2.09139404E+3,
549.800,2.00772705E+3,
549.9500,2.02420483E+3,
550.100,2.23222144E+3,
550.2500,2.10282129E+3,
550.400,2.05335547E+3,
550.5500,2.18964819E+3,
550.700,2.10860986E+3,
550.8500,2.17737231E+3,
551.00,2.18938013E+3,
551.1500,2.16818506E+3,
551.300,2.01700537E+3,
551.4500,2.18272607E+3,
551.600,2.12965991E+3,
551.7500,2.02399658E+3,
551.900,2.06452539E+3,
552.0500,2.05098413E+3,
552.200,2.02788965E+3,
552.3500,2.01591248E+3,
552.500,1.97511353E+3,
552.6500,1.90538953E+3,
552.800,1.79381287E+3,
552.9500,1.92431323E+3,
553.100,2.02305505E+3,
553.2500,1.84052405E+3,
553.400,1.77512695E+3,
553.5500,1.83213293E+3,
553.700,1.87958386E+3,
553.8500,1.82043738E+3,
554.00,1.80322717E+3,
554.1500,1.83785107E+3,
554.300,1.76707764E+3,
554.4500,1.77248401E+3,
554.600,1.74536194E+3,
554.7500,1.73608350E+3,
554.900,1.75938660E+3,
555.0500,1.74518604E+3,
555.200,1.82083691E+3,
555.3500,1.80501855E+3,
555.500,1.78751868E+3,
555.6500,1.80933899E+3,
555.800,1.81806360E+3,
555.9500,1.81364966E+3,
556.100,1.83228528E+3,
556.2500,1.81141370E+3,
556.400,2.10732568E+3,
556.5500,1.93636707E+3,
556.700,1.93371863E+3,
556.8500,1.86149670E+3,
557.00,1.82225964E+3,
557.1500,1.82611902E+3,
557.300,1.82499231E+3,
557.4500,1.94700122E+3,
557.600,2.01098035E+3,
557.7500,2.03340479E+3,
557.900,2.06088501E+3,
558.0500,2.07674023E+3,
558.200,2.11443945E+3,
558.3500,2.17903979E+3,
558.500,2.07261133E+3,
558.6500,2.28180664E+3,
558.800,2.14830811E+3,
558.9500,2.09027490E+3,
559.100,2.14850610E+3,
559.2500,2.10052515E+3,
559.400,2.15892603E+3,
559.5500,2.10743433E+3,
559.700,2.05919824E+3,
559.8500,2.16355371E+3,
560.00,2.21039502E+3,
560.1500,2.24033789E+3,
560.300,2.10513452E+3,
560.4500,2.26460522E+3,
560.600,2.19566943E+3,
560.7500,2.22912524E+3,
560.900,2.19761621E+3,
561.0500,2.27568140E+3,
561.200,2.28528247E+3,
561.3500,2.29146021E+3,
561.500,2.33204150E+3,
561.6500,2.27628809E+3,
561.800,2.38071387E+3,
561.9500,2.37492041E+3,
562.100,2.36220874E+3,
562.2500,2.35985010E+3,
562.400,2.16867017E+3,
562.5500,2.24062695E+3,
562.700,2.21898877E+3,
562.8500,2.08603320E+3,
563.00,2.04499841E+3,
563.1500,2.14517676E+3,
563.300,2.07285986E+3,
563.4500,2.09469336E+3,
563.600,2.14280981E+3,
563.7500,1.87928674E+3,
563.900,1.93425403E+3,
564.0500,1.95604993E+3,
564.200,1.76175671E+3,
564.3500,1.71130078E+3,
564.500,1.72769666E+3,
564.6500,1.65409814E+3,
564.800,1.71110132E+3,
564.9500,1.73108081E+3,
565.100,1.60574011E+3,
565.2500,1.58830530E+3,
565.400,1.52994910E+3,
565.5500,1.46787537E+3,
565.700,1.49471362E+3,
565.8500,1.45739551E+3,
566.00,1.46998853E+3,
566.1500,1.41809607E+3,
566.300,1.43589880E+3,
566.4500,1.38741614E+3,
566.600,1.45725916E+3,
566.7500,1.50749902E+3,
566.900,1.51108105E+3,
567.0500,1.35977563E+3,
567.200,1.46235181E+3,
567.3500,1.50197876E+3,
567.500,1.38806702E+3,
567.6500,1.38607227E+3,
567.800,1.31160193E+3,
567.9500,1.41288477E+3,
568.100,1.43094946E+3,
568.2500,1.37273047E+3,
568.400,1.50186694E+3,
568.5500,1.49643738E+3,
568.700,1.41251672E+3,
568.8500,1.41974219E+3,
569.00,1.45991187E+3,
569.1500,1.37935291E+3,
569.300,1.51867969E+3,
569.4500,1.40859412E+3,
569.600,1.35522498E+3,
569.7500,1.50424512E+3,
569.900,1.43241638E+3,
570.0500,1.45451184E+3,
570.200,1.49323950E+3,
570.3500,1.37292773E+3,
570.500,1.46721594E+3,
570.6500,1.41334436E+3,
570.800,1.49489819E+3,
570.9500,1.49483716E+3,
571.100,1.35883008E+3,
571.2500,1.50200989E+3,
571.400,1.45334875E+3,
571.5500,1.38776038E+3,
571.700,1.44917224E+3,
571.8500,1.50697363E+3,
572.00,1.40372620E+3,
572.1500,1.49544458E+3,
572.300,1.56482971E+3,
572.4500,1.62873108E+3,
572.600,1.64005286E+3,
572.7500,1.59672717E+3,
572.900,1.57971741E+3,
573.0500,1.62883313E+3,
573.200,1.68381384E+3,
573.3500,1.63473816E+3,
573.500,1.55708911E+3,
573.6500,1.73369604E+3,
573.800,1.56090271E+3,
573.9500,1.62181860E+3,
574.100,1.66763806E+3,
574.2500,1.64105811E+3,
574.400,1.62013831E+3,
574.5500,1.55707678E+3,
574.700,1.64707324E+3,
574.8500,1.58387903E+3,
575.00,1.73363110E+3,
575.1500,1.53199536E+3,
575.300,1.65510815E+3,
575.4500,1.71300256E+3,
575.600,1.58582410E+3,
575.7500,1.60706335E+3,
575.900,1.55292517E+3,
576.0500,1.55674988E+3,
576.200,1.47724402E+3,
576.3500,1.64210449E+3,
576.500,1.54111938E+3,
576.6500,1.60332642E+3,
576.800,1.49618860E+3,
576.9500,1.59749219E+3,
577.100,1.61894189E+3,
577.2500,1.69321692E+3,
577.400,1.74025732E+3,
577.5500,1.57181628E+3,
577.700,1.63058557E+3,
577.8500,1.52446765E+3,
578.00,1.61281201E+3,
578.1500,1.68750000E+3,
578.300,1.64604321E+3,
578.4500,1.73868945E+3,
578.600,1.64581555E+3,
578.7500,1.62986987E+3,
578.900,1.55645605E+3,
579.0500,1.60776746E+3,
579.200,1.68301062E+3,
579.3500,1.58754187E+3,
579.500,1.63706238E+3,
579.6500,1.65482642E+3,
579.800,1.67860413E+3,
579.9500,1.53079065E+3,
580.100,1.60846167E+3,
580.2500,1.55630200E+3,
580.400,1.62417822E+3,
580.5500,1.62202905E+3,
580.700,1.55965283E+3,
580.8500,1.59559570E+3,
581.00,1.65575940E+3,
581.1500,1.62750818E+3,
581.300,1.66774792E+3,
581.4500,1.66567981E+3,
581.600,1.67168481E+3,
581.7500,1.73436548E+3,
581.900,1.69790637E+3,
582.0500,1.67557520E+3,
582.200,1.76899414E+3,
582.3500,1.63895264E+3,
582.500,1.68571558E+3,
582.6500,1.89769055E+3,
582.800,1.87751770E+3,
582.9500,1.82664270E+3,
583.100,1.86976611E+3,
583.2500,1.86179846E+3,
583.400,1.78203149E+3,
583.5500,1.89711243E+3,
583.700,1.87062805E+3,
583.8500,1.89140808E+3,
584.00,1.86896118E+3,
584.1500,1.94551123E+3,
584.300,1.92102393E+3,
584.4500,2.04951343E+3,
584.600,2.08098584E+3,
584.7500,2.09387134E+3,
584.900,2.20848730E+3,
585.0500,2.18412549E+3,
585.200,1.98907190E+3,
585.3500,2.16225195E+3,
585.500,2.26701514E+3,
585.6500,2.23003271E+3,
585.800,2.27239258E+3,
585.9500,2.27717358E+3,
586.100,2.48726221E+3,
586.2500,2.28873071E+3,
586.400,2.31446021E+3,
586.5500,2.36757397E+3,
586.700,2.34291675E+3,
586.8500,2.35401978E+3,
587.00,2.42843823E+3,
587.1500,2.56003052E+3,
587.300,2.48890601E+3,
587.4500,2.66107007E+3,
587.600,2.59835986E+3,
587.7500,2.65432153E+3,
587.900,2.67641382E+3,
588.0500,2.73258423E+3,
588.200,2.79103394E+3,
588.3500,2.69827881E+3,
588.500,2.57116846E+3,
588.6500,2.89021924E+3,
588.800,2.72880127E+3,
588.9500,2.59270581E+3,
589.100,2.80576660E+3,
589.2500,2.73825098E+3,
589.400,2.96276074E+3,
589.5500,2.97698657E+3,
589.700,2.77804053E+3,
589.8500,2.95376733E+3,
590.00,3.02844580E+3,
590.1500,3.12089063E+3,
590.300,3.09886279E+3,
590.4500,3.06593774E+3,
590.600,3.25420117E+3,
590.7500,3.29087695E+3,
590.900,3.51250220E+3,
591.0500,3.39935254E+3,
591.200,3.61524268E+3,
591.3500,3.58932813E+3,
591.500,3.72292261E+3,
591.6500,3.79117993E+3,
591.800,4.00205615E+3,
591.9500,4.08398608E+3,
592.100,3.97258594E+3,
592.2500,4.06981396E+3,
592.400,4.29721729E+3,
592.5500,4.26052490E+3,
592.700,4.47764258E+3,
592.8500,4.69084521E+3,
593.00,4.44419727E+3,
593.1500,4.52935791E+3,
593.300,4.55923975E+3,
593.4500,4.61583887E+3,
593.600,4.71925830E+3,
593.7500,4.54235791E+3,
593.900,4.68826855E+3,
594.0500,4.37933350E+3,
594.200,4.64206104E+3,
594.3500,4.59885938E+3,
594.500,4.55105322E+3,
594.6500,4.56368604E+3,
594.800,4.49545313E+3,
594.9500,4.47652148E+3,
595.100,4.31353027E+3,
595.2500,4.59000293E+3,
595.400,4.32740625E+3,
595.5500,4.25179443E+3,
595.700,4.18049902E+3,
595.8500,4.40378711E+3,
596.00,4.45054883E+3,
596.1500,4.65426904E+3,
596.300,4.58757959E+3,
596.4500,4.57313525E+3,
596.600,4.48101807E+3,
596.7500,4.67436523E+3,
596.900,4.54320117E+3,
597.0500,4.70270508E+3,
597.200,4.88093018E+3,
597.3500,4.98836670E+3,
597.500,4.79007471E+3,
597.6500,4.82392432E+3,
597.800,4.95933350E+3,
597.9500,5.21518262E+3,
598.100,5.23113428E+3,
598.2500,4.99239111E+3,
598.400,5.47872217E+3,
598.5500,5.43697021E+3,
598.700,5.36488037E+3,
598.8500,5.41593604E+3,
599.00,5.53003027E+3,
599.1500,5.58626904E+3,
599.300,5.60524512E+3,
599.4500,5.37860645E+3,
599.600,5.92674609E+3,
599.7500,5.84532471E+3,
599.900,5.91163916E+3,
600.0500,5.78785547E+3,
600.200,5.99393652E+3,
600.3500,5.89160791E+3,
600.500,6.03224561E+3,
600.6500,6.03134668E+3,
600.800,5.99251855E+3,
600.9500,6.12908740E+3,
601.100,5.94823877E+3,
601.2500,6.47844678E+3,
601.400,6.31686377E+3,
601.5500,6.26452686E+3,
601.700,6.53229297E+3,
601.8500,6.55907129E+3,
602.00,6.64584912E+3,
602.1500,6.52649902E+3,
602.300,6.75786230E+3,
602.4500,7.06700195E+3,
602.600,6.81980078E+3,
602.7500,7.09852637E+3,
602.900,7.04656836E+3,
603.0500,7.01615186E+3,
603.200,7.55101953E+3,
603.3500,7.64747656E+3,
603.500,7.89270898E+3,
603.6500,7.90458447E+3,
603.800,7.96284766E+3,
603.9500,8.19734277E+3,
604.100,8.11152734E+3,
604.2500,8.30988672E+3,
604.400,8.51371289E+3,
604.5500,8.80419336E+3,
604.700,8.79002148E+3,
604.8500,8.78316602E+3,
605.00,9.07523242E+3,
605.1500,9.14056934E+3,
605.300,9.53811523E+3,
605.4500,9.58936328E+3,
605.600,9.83208789E+3,
605.7500,9.60258691E+3,
605.900,9.73381152E+3,
606.0500,1.03024531E+4,
606.200,1.07032236E+4,
606.3500,1.02738428E+4,
606.500,1.02293232E+4,
606.6500,1.05940225E+4,
606.800,1.05598242E+4,
606.9500,1.08781875E+4,
607.100,1.06728848E+4,
607.2500,1.09395859E+4,
607.400,1.08755156E+4,
607.5500,1.14778555E+4,
607.700,1.11071377E+4,
607.8500,1.12564678E+4,
608.00,1.11413789E+4,
608.1500,1.17016787E+4,
608.300,1.16250361E+4,
608.4500,1.17630205E+4,
608.600,1.20422861E+4,
608.7500,1.18117197E+4,
608.900,1.22331836E+4,
609.0500,1.21593027E+4,
609.200,1.25856865E+4,
609.3500,1.24840264E+4,
609.500,1.26276885E+4,
609.6500,1.30385283E+4,
609.800,1.27916729E+4,
609.9500,1.32299346E+4,
610.100,1.35138838E+4,
610.2500,1.30847793E+4,
610.400,1.35418887E+4,
610.5500,1.39742490E+4,
610.700,1.38396064E+4,
610.8500,1.43812832E+4,
611.00,1.47354766E+4,
611.1500,1.43273867E+4,
611.300,1.42500498E+4,
611.4500,1.51387275E+4,
611.600,1.45255107E+4,
611.7500,1.43764492E+4,
611.900,1.45372324E+4,
612.0500,1.41483467E+4,
612.200,1.41065918E+4,
612.3500,1.39500244E+4,
612.500,1.39611025E+4,
612.6500,1.32636621E+4,
612.800,1.33753350E+4,
612.9500,1.30743086E+4,
613.100,1.28370918E+4,
613.2500,1.27579951E+4,
613.400,1.25223057E+4,
613.5500,1.25314043E+4,
613.700,1.21512305E+4,
613.8500,1.23979346E+4,
614.00,1.20433594E+4,
614.1500,1.18461055E+4,
614.300,1.17188711E+4,
614.4500,1.19863682E+4,
614.600,1.20772393E+4,
614.7500,1.16898486E+4,
614.900,1.18352295E+4,
615.0500,1.17013477E+4,
615.200,1.14161533E+4,
615.3500,1.16777490E+4,
615.500,1.15513857E+4,
615.6500,1.13195820E+4,
615.800,1.18699590E+4,
615.9500,1.15075479E+4,
616.100,1.15270400E+4,
616.2500,1.11183340E+4,
616.400,1.15021133E+4,
616.5500,1.15048457E+4,
616.700,1.11050566E+4,
616.8500,1.09502373E+4,
617.00,1.10024043E+4,
617.1500,1.08304131E+4,
617.300,1.06577646E+4,
617.4500,1.01659238E+4,
617.600,1.06663838E+4,
617.7500,1.04301973E+4,
617.900,1.03546758E+4,
618.0500,1.04664219E+4,
618.200,1.03628721E+4,
618.3500,1.05665703E+4,
618.500,1.05169600E+4,
618.6500,1.05557598E+4,
618.800,1.05230303E+4,
618.9500,1.05389326E+4,
619.100,1.04459229E+4,
619.2500,1.05974824E+4,
619.400,1.06630020E+4,
619.5500,1.03500664E+4,
619.700,1.09017285E+4,
619.8500,1.09331914E+4,
620.00,1.13163750E+4,
620.1500,1.13399717E+4,
620.300,1.06460703E+4,
620.4500,1.08934248E+4,
620.600,1.06293301E+4,
620.7500,1.06017871E+4,
620.900,1.05447178E+4,
621.0500,1.05432070E+4,
621.200,1.04559580E+4,
621.3500,1.04244629E+4,
621.500,1.02123115E+4,
621.6500,1.00438232E+4,
621.800,9.77369922E+3,
621.9500,9.55613281E+3,
622.100,9.41808203E+3,
622.2500,9.34215332E+3,
622.400,9.49023535E+3,
622.5500,8.92569043E+3,
622.700,9.19053906E+3,
622.8500,9.10748438E+3,
623.00,9.18676465E+3,
623.1500,8.77764746E+3,
623.300,8.73882715E+3,
623.4500,8.75737695E+3,
623.600,8.12070508E+3,
623.7500,8.17461768E+3,
623.900,8.33523633E+3,
624.0500,8.29219043E+3,
624.200,7.93761035E+3,
624.3500,8.30099219E+3,
624.500,7.84386572E+3,
624.6500,7.91957031E+3,
624.800,7.62927637E+3,
624.9500,7.66163672E+3,
625.100,7.56772803E+3,
625.2500,7.23839160E+3,
625.400,7.58058936E+3,
625.5500,7.47672607E+3,
625.700,7.42846826E+3,
625.8500,7.32698730E+3,
626.00,7.66241113E+3,
626.1500,7.31076514E+3,
626.300,6.92952246E+3,
626.4500,7.05573242E+3,
626.600,6.93373877E+3,
626.7500,6.86801270E+3,
626.900,6.95365771E+3,
627.0500,6.77054004E+3,
627.200,7.02117188E+3,
627.3500,6.70716455E+3,
627.500,7.20685059E+3,
627.6500,6.96530518E+3,
627.800,6.81227344E+3,
627.9500,6.71946777E+3,
628.100,6.61674365E+3,
628.2500,6.76107959E+3,
628.400,6.85442578E+3,
628.5500,6.75132227E+3,
628.700,6.48298438E+3,
628.8500,6.63128564E+3,
629.00,6.26431250E+3,
629.1500,6.26336670E+3,
629.300,6.19399170E+3,
629.4500,6.30704980E+3,
629.600,6.02168018E+3,
629.7500,6.34768115E+3,
629.900,5.97263574E+3,
630.0500,6.01702246E+3,
630.200,6.02542480E+3,
630.3500,6.13945215E+3,
630.500,6.12822266E+3,
630.6500,5.87503320E+3,
630.800,5.67394482E+3,
630.9500,6.09078467E+3,
631.100,6.15274609E+3,
631.2500,5.78753418E+3,
631.400,5.87928467E+3,
631.5500,5.93448145E+3,
631.700,5.73456152E+3,
631.8500,6.04209668E+3,
632.00,6.15183008E+3,
632.1500,5.78891895E+3,
632.300,6.12545654E+3,
632.4500,5.85599512E+3,
632.600,5.96278271E+3,
632.7500,5.95756006E+3,
632.900,6.19461768E+3,
633.0500,6.03584570E+3,
633.200,6.24298096E+3,
633.3500,6.19684180E+3,
633.500,6.28464941E+3,
633.6500,6.06602979E+3,
633.800,6.18494482E+3,
633.9500,5.88217676E+3,
634.100,5.99772266E+3,
634.2500,5.98866309E+3,
634.400,6.12920996E+3,
634.5500,5.85527539E+3,
634.700,5.91569189E+3,
634.8500,6.03933350E+3,
635.00,5.79159424E+3,
635.1500,6.05286328E+3,
635.300,5.77626904E+3,
635.4500,5.96792725E+3,
635.600,5.90924609E+3,
635.7500,5.76525732E+3,
635.900,5.36856934E+3,
636.0500,5.61431104E+3,
636.200,5.48333691E+3,
636.3500,5.26961768E+3,
636.500,5.35571045E+3,
636.6500,5.40985156E+3,
636.800,5.16581006E+3,
636.9500,4.97477686E+3,
637.100,5.08965088E+3,
637.2500,5.16151514E+3,
637.400,4.80597314E+3,
637.5500,4.99735254E+3,
637.700,4.85105225E+3,
637.8500,4.85728564E+3,
638.00,4.69543701E+3,
638.1500,4.85486768E+3,
638.300,4.73242383E+3,
638.4500,4.78959619E+3,
638.600,4.41604688E+3,
638.7500,4.76800488E+3,
638.900,4.47424170E+3,
639.0500,4.71661377E+3,
639.200,4.47007129E+3,
639.3500,4.52383838E+3,
639.500,4.38395508E+3,
639.6500,4.61703076E+3,
639.800,4.46175049E+3,
639.9500,4.45960205E+3,
640.100,4.64561133E+3,
640.2500,4.49353076E+3,
640.400,4.34455811E+3,
640.5500,4.49753418E+3,
640.700,4.45024268E+3,
640.8500,4.43311426E+3,
641.00,4.21032520E+3,
641.1500,4.09338013E+3,
641.300,4.17853076E+3,
641.4500,4.12994189E+3,
641.600,4.32299512E+3,
641.7500,4.22060010E+3,
641.900,3.99823071E+3,
642.0500,3.85600439E+3,
642.200,4.00737671E+3,
642.3500,3.85284326E+3,
642.500,3.53822729E+3,
642.6500,3.65476758E+3,
642.800,3.48674438E+3,
642.9500,3.36495654E+3,
643.100,3.32494897E+3,
643.2500,3.30438818E+3,
643.400,3.43334790E+3,
643.5500,3.12487012E+3,
643.700,3.36862354E+3,
643.8500,3.29245264E+3,
644.00,3.21197778E+3,
644.1500,3.27438379E+3,
644.300,3.16958057E+3,
644.4500,2.94047900E+3,
644.600,2.79047485E+3,
644.7500,2.87653418E+3,
644.900,2.92273950E+3,
645.0500,2.88458081E+3,
645.200,2.77774170E+3,
645.3500,2.48026050E+3,
645.500,2.44504810E+3,
645.6500,2.64942334E+3,
645.800,2.62661499E+3,
645.9500,2.69348315E+3,
646.100,2.56848438E+3,
646.2500,2.47165796E+3,
646.400,2.30866895E+3,
646.5500,2.20258447E+3,
646.700,2.44673975E+3,
646.8500,2.39836353E+3,
647.00,2.43679126E+3,
647.1500,2.21364893E+3,
647.300,2.38493213E+3,
647.4500,2.36924658E+3,
647.600,2.23643311E+3,
647.7500,2.27479443E+3,
647.900,2.30071875E+3,
648.0500,2.43610303E+3,
648.200,2.44972070E+3,
648.3500,2.07465063E+3,
648.500,2.14681396E+3,
648.6500,2.07924585E+3,
648.800,2.25376294E+3,
648.9500,2.28412793E+3,
649.100,2.32318115E+3,
649.2500,2.48651807E+3,
649.400,2.20021265E+3,
649.5500,2.05879834E+3,
649.700,2.20105469E+3,
649.8500,2.30937891E+3,
650.00,2.34461792E+3,
650.1500,2.42788818E+3,
650.300,2.29425562E+3,
650.4500,2.36469849E+3,
650.600,2.50964136E+3,
650.7500,2.41025610E+3,
650.900,2.34549121E+3,
651.0500,2.59681812E+3,
651.200,2.67319189E+3,
651.3500,2.97501099E+3,
651.500,3.12777466E+3,
651.6500,2.95309985E+3,
651.800,3.11092334E+3,
651.9500,3.39863013E+3,
652.100,3.53130249E+3,
652.2500,3.57055737E+3,
652.400,3.54270825E+3,
652.5500,3.41133667E+3,
652.700,3.64874268E+3,
652.8500,3.57567969E+3,
653.00,3.28960083E+3,
653.1500,3.09744141E+3,
653.300,2.95439648E+3,
653.4500,2.77881128E+3,
653.600,2.64807886E+3,
653.7500,2.49386621E+3,
653.900,2.62788013E+3,
654.0500,2.47293237E+3,
654.200,2.25744336E+3,
654.3500,2.41497754E+3,
654.500,2.41586523E+3,
654.6500,2.40746997E+3,
654.800,2.35252808E+3,
654.9500,2.40450488E+3,
655.100,2.09242627E+3,
655.2500,2.33131152E+3,
655.400,2.23345532E+3,
655.5500,2.27151807E+3,
655.700,2.44173486E+3,
655.8500,2.21112964E+3,
656.00,2.29199438E+3,
656.1500,2.20233789E+3,
656.300,2.30730518E+3,
656.4500,2.26493140E+3,
656.600,2.20801245E+3,
656.7500,2.01190344E+3,
656.900,2.05494653E+3,
657.0500,2.35324780E+3,
657.200,1.99696130E+3,
657.3500,1.88074255E+3,
657.500,2.11289063E+3,
657.6500,1.85551807E+3,
657.800,2.15683179E+3,
657.9500,2.11794214E+3,
658.100,2.17672461E+3,
658.2500,1.90728772E+3,
658.400,2.20175171E+3,
658.5500,2.13305200E+3,
658.700,2.03439404E+3,
658.8500,1.96990466E+3,
659.00,2.02913049E+3,
659.1500,2.04385254E+3,
659.300,2.00380005E+3,
659.4500,1.68375879E+3,
659.600,1.60759460E+3,
659.7500,1.94771375E+3,
659.900,1.98249548E+3,
660.0500,1.61900049E+3,
660.200,1.87059094E+3,
660.3500,1.72809033E+3,
660.500,1.90492871E+3,
660.6500,1.74144434E+3,
660.800,1.90893311E+3,
660.9500,2.08744946E+3,
661.100,1.73350757E+3,
661.2500,1.95368518E+3,
661.400,1.99970276E+3,
661.5500,2.09759741E+3,
661.700,2.11827808E+3,
661.8500,2.00405896E+3,
662.00,2.15990796E+3,
662.1500,2.01916077E+3,
662.300,1.75217346E+3,
662.4500,1.92953931E+3,
662.600,1.96585364E+3,
662.7500,1.95491345E+3,
662.900,1.91749963E+3,
663.0500,1.81631897E+3,
663.200,1.70397498E+3,
663.3500,1.74538867E+3,
663.500,1.84567407E+3,
663.6500,1.58816895E+3,
663.800,1.90832007E+3,
663.9500,1.47235999E+3,
664.100,1.58902283E+3,
664.2500,1.56582178E+3,
664.400,1.55874048E+3,
664.5500,1.76862329E+3,
664.700,1.52269727E+3,
664.8500,1.47182739E+3,
665.00,1.61195581E+3,
665.1500,1.54457837E+3,
665.300,1.35059534E+3,
665.4500,1.50239185E+3,
665.600,1.62731995E+3,
665.7500,1.50953894E+3,
665.900,1.44107434E+3,
666.0500,1.25005115E+3,
666.200,1.47022974E+3,
666.3500,1.50165259E+3,
666.500,1.46047412E+3,
666.6500,1.37982996E+3,
666.800,1.53493384E+3,
666.9500,1.28498975E+3,
667.100,1.44062036E+3,
667.2500,1.23456592E+3,
667.400,1.37379663E+3,
667.5500,1.45109558E+3,
667.700,1.34052136E+3,
667.8500,1.40666638E+3,
668.00,1.29543286E+3,
668.1500,1.47108337E+3,
668.300,1.32499939E+3,
668.4500,1.28790747E+3,
668.600,1.30272961E+3,
668.7500,1.24796606E+3,
668.900,1.60607910E+3,
669.0500,1.35348181E+3,
669.200,1.33362598E+3,
669.3500,1.36057410E+3,
669.500,1.21713916E+3,
669.6500,1.46203687E+3,
669.800,1.75549524E+3,
669.9500,1.17340137E+3,
670.100,1.37847449E+3,
670.2500,1.31652332E+3,
670.400,1.72010645E+3,
670.5500,1.61079944E+3,
670.700,1.40485986E+3,
670.8500,1.78170959E+3,
671.00,1.39407458E+3,
671.1500,1.58506287E+3,
671.300,1.41309692E+3,
671.4500,1.71449963E+3,
671.600,1.57246216E+3,
671.7500,1.29529639E+3,
671.900,1.24950244E+3,
672.0500,1.41833777E+3,
672.200,1.44634705E+3,
672.3500,1.41278821E+3,
672.500,1.59550696E+3,
672.6500,1.41335718E+3,
672.800,1.42295190E+3,
672.9500,1.45750330E+3,
673.100,1.29246228E+3,
673.2500,1.40828967E+3,
673.400,1.44938660E+3,
673.5500,1.34601074E+3,
673.700,1.39975281E+3,
673.8500,1.36526172E+3,
674.00,1.63473047E+3,
674.1500,1.42291064E+3,
674.300,1.35010791E+3,
674.4500,1.14923669E+3,
674.600,1.13936157E+3,
674.7500,1.29627783E+3,
674.900,1.16447852E+3,
675.0500,1.22551416E+3,
675.200,1.26102625E+3,
675.3500,1.18649451E+3,
675.500,1.20257495E+3,
675.6500,1.28390710E+3,
675.800,1.09774976E+3,
675.9500,1.22507837E+3,
676.100,1.12319958E+3,
676.2500,1.05371973E+3,
676.400,1.30081897E+3,
676.5500,1.28439221E+3,
676.700,1.30106494E+3,
676.8500,1.11149268E+3,
677.00,1.38136511E+3,
677.1500,1.37164844E+3,
677.300,1.32832642E+3,
677.4500,1.31167578E+3,
677.600,1.50400537E+3,
677.7500,1.02787781E+3,
677.900,1.27470715E+3,
678.0500,1.40724158E+3,
678.200,1.32911597E+3,
678.3500,1.27790942E+3,
678.500,1.32920203E+3,
678.6500,1.16780481E+3,
678.800,1.15707751E+3,
678.9500,1.43631567E+3,
679.100,1.41924707E+3,
679.2500,1.40899805E+3,
679.400,1.54482288E+3,
679.5500,1.39529688E+3,
679.700,1.52477490E+3,
679.8500,1.45155103E+3,
680.00,6.48924622E+2,
680.1500,7.85106201E+2,
680.300,7.16350525E+2,
680.4500,7.32558105E+2,
680.600,6.63267761E+2,
680.7500,7.15167969E+2,
680.900,7.02809509E+2,
681.0500,8.98916626E+2,
681.200,7.57159119E+2,
681.3500,6.21849426E+2,
681.500,7.68568115E+2,
681.6500,6.25267944E+2,
681.800,7.21762024E+2,
681.9500,7.52989807E+2,
682.100,6.89062988E+2,
682.2500,5.95372742E+2,
682.400,6.48576111E+2,
682.5500,7.61183899E+2,
682.700,6.44685059E+2,
682.8500,6.39003418E+2,
683.00,5.58783081E+2,
683.1500,8.21750000E+2,
683.300,7.56542358E+2,
683.4500,7.21024048E+2,
683.600,7.15433228E+2,
683.7500,8.83485107E+2,
683.900,6.36006958E+2,
684.0500,8.57888000E+2,
684.200,7.84082520E+2,
684.3500,9.69395630E+2,
684.500,7.42408020E+2,
684.6500,7.59768250E+2,
684.800,7.84912048E+2,
684.9500,8.79634888E+2,
685.100,7.58226501E+2,
685.2500,7.68039063E+2,
685.400,8.94587036E+2,
685.5500,9.82815002E+2,
685.700,7.43024719E+2,
685.8500,1.04306189E+3,
686.00,8.80757019E+2,
686.1500,8.43717712E+2,
686.300,8.53910461E+2,
686.4500,1.04650085E+3,
686.600,8.82401001E+2,
686.7500,9.00740784E+2,
686.900,8.95198059E+2,
687.0500,8.09478699E+2,
687.200,1.02065527E+3,
687.3500,9.42872620E+2,
687.500,9.13142090E+2,
687.6500,8.67037476E+2,
687.800,8.45048523E+2,
687.9500,9.45153503E+2,
688.100,9.47758789E+2,
688.2500,9.50372314E+2,
688.400,9.52996033E+2,
688.5500,9.14436096E+2,
688.700,8.01311584E+2,
688.8500,8.44947388E+2,
689.00,1.06326184E+3,
689.1500,9.74527344E+2,
689.300,9.10358582E+2,
689.4500,8.96085388E+2,
689.600,8.39741821E+2,
689.7500,1.03569519E+3,
689.900,9.28756592E+2,
690.0500,9.05880310E+2,
690.200,8.99836182E+2,
690.3500,8.08634399E+2,
690.500,9.81518250E+2,
690.6500,1.02696338E+3,
690.800,1.12413440E+3,
690.9500,9.55091309E+2,
691.100,1.01808643E+3,
691.2500,9.60306702E+2,
691.400,1.03233264E+3,
691.5500,1.23522705E+3,
691.700,1.11649292E+3,
691.8500,1.03208655E+3,
692.00,9.03359070E+2,
692.1500,1.10812219E+3,
692.300,1.10235400E+3,
692.4500,1.15845251E+3,
692.600,1.18825073E+3,
692.7500,1.12928735E+3,
692.900,1.18590857E+3,
693.0500,1.25176270E+3,
693.200,1.20139587E+3,
693.3500,8.72049316E+2,
693.500,1.20798889E+3,
693.6500,1.06667102E+3,
693.800,1.14211365E+3,
693.9500,1.33612866E+3,
694.100,1.32157813E+3,
694.2500,1.14243201E+3,
694.400,1.09059680E+3,
694.5500,1.43363574E+3,
694.700,1.24407568E+3,
694.8500,1.24751648E+3,
695.00,1.17683789E+3,
695.1500,1.02218427E+3,
695.300,1.12757532E+3,
695.4500,1.29897473E+3,
695.600,9.93386475E+2,
695.7500,1.38152002E+3,
695.900,1.20636548E+3,
696.0500,1.16252039E+3,
696.200,1.44066296E+3,
696.3500,1.15958508E+3,
696.500,1.56318958E+3,
696.6500,1.39555627E+3,
696.800,1.12152039E+3,
696.9500,1.32656738E+3,
697.100,1.30134412E+3,
697.2500,1.29527429E+3,
697.400,1.40548096E+3,
697.5500,1.33161182E+3,
697.700,1.25732874E+3,
697.8500,1.34877905E+3,
698.00,1.40152710E+3,
698.1500,1.43490942E+3,
698.300,1.15309155E+3,
698.4500,1.34408008E+3,
698.600,1.28836340E+3,
698.7500,1.19257654E+3,
698.900,1.41515771E+3,
699.0500,1.02936755E+3,
699.200,1.57348340E+3,
699.3500,1.39703455E+3,
699.500,1.45139587E+3,
699.6500,1.13207190E+3,
699.800,1.43938574E+3,
699.9500,1.12835779E+3,
700.100,1.47811902E+3,
700.2500,1.39024084E+3,
700.400,1.51713464E+3,
700.5500,1.24382458E+3,
700.700,1.49470374E+3,
700.8500,1.36450488E+3,
701.00,1.38906018E+3,
701.1500,1.24729102E+3,
701.300,1.17770129E+3,
701.4500,1.37943970E+3,
701.600,1.07929089E+3,
701.7500,1.41843201E+3,
701.900,1.27477942E+3,
702.0500,1.34161414E+3,
702.200,1.18636060E+3,
702.3500,1.31702966E+3,
702.500,1.40580127E+3,
702.6500,1.67659180E+3,
702.800,1.26353503E+3,
702.9500,1.28844556E+3,
703.100,1.32435364E+3,
703.2500,1.34971118E+3,
703.400,1.51597717E+3,
703.5500,1.55286780E+3,
703.700,1.36127087E+3,
703.8500,1.47436536E+3,
704.00,1.47857410E+3,
704.1500,1.50492896E+3,
704.300,1.37718396E+3,
704.4500,1.46967896E+3,
704.600,1.60704724E+3,
704.7500,1.44509094E+3,
704.900,1.61663867E+3,
705.0500,1.47608044E+3,
705.200,1.28980066E+3,
705.3500,1.36113025E+3,
705.500,1.33133508E+3,
705.6500,1.57294360E+3,
705.800,1.52088513E+3,
705.9500,1.38882410E+3,
706.100,1.51850781E+3,
706.2500,1.56875708E+3,
706.400,1.21734204E+3,
706.5500,1.38216553E+3,
706.700,1.38622717E+3,
706.8500,1.21651563E+3,
707.00,1.25495642E+3,
707.1500,1.54998303E+3,
707.300,1.29738562E+3,
707.4500,1.26602673E+3,
707.600,1.58718213E+3,
707.7500,1.50930933E+3,
707.900,1.37184009E+3,
708.0500,1.73167712E+3,
708.200,1.21329749E+3,
708.3500,1.55083057E+3,
708.500,1.43567883E+3,
708.6500,1.55982678E+3,
708.800,1.33571313E+3,
708.9500,1.42407141E+3,
709.100,1.50069458E+3,
709.2500,1.35922400E+3,
709.400,1.14394397E+3,
709.5500,1.45220508E+3,
709.700,1.33387036E+3,
709.8500,1.58300977E+3,
710.00,1.41514063E+3,
710.1500,1.40665063E+3,
710.300,1.26200537E+3,
710.4500,1.56319568E+3,
710.600,1.15693213E+3,
710.7500,1.40956982E+3,
710.900,1.50097729E+3,
711.0500,1.31696484E+3,
711.200,1.40867688E+3,
711.3500,1.53872913E+3,
711.500,1.45448889E+3,
711.6500,1.30635620E+3,
711.800,1.48806616E+3,
711.9500,1.44121570E+3,
712.100,1.31739099E+3,
712.2500,1.24418042E+3,
712.400,1.19627368E+3,
712.5500,1.40608069E+3,
712.700,1.65589258E+3,
712.8500,1.24546814E+3,
713.00,1.47021301E+3,
713.1500,1.06986060E+3,
713.300,1.47843933E+3,
713.4500,1.33825549E+3,
713.600,1.23674780E+3,
713.7500,1.30618359E+3,
713.900,1.61415869E+3,
714.0500,1.23390161E+3,
714.200,1.25062195E+3,
714.3500,1.46754700E+3,
714.500,1.25756250E+3,
714.6500,1.54277820E+3,
714.800,1.34527087E+3,
714.9500,1.36250281E+3,
715.100,1.40695886E+3,
715.2500,1.35673181E+3,
715.400,1.29260327E+3,
715.5500,1.56923303E+3,
715.700,1.25900586E+3,
715.8500,1.53712463E+3,
716.00,1.43145227E+3,
716.1500,1.60131519E+3,
716.300,1.24605432E+3,
716.4500,1.49967261E+3,
716.600,1.69907129E+3,
716.7500,1.57837720E+3,
716.900,1.33087854E+3,
717.0500,1.48934741E+3,
717.200,1.56414014E+3,
717.3500,1.18712195E+3,
717.500,1.44570959E+3,
717.6500,1.52100757E+3,
717.800,1.29734668E+3,
717.9500,1.11526697E+3,
718.100,1.33358081E+3,
718.2500,1.49559558E+3,
718.400,1.31240698E+3,
718.5500,1.40296045E+3,
718.700,1.36348584E+3,
718.8500,1.12011646E+3,
719.00,1.53183838E+3,
719.1500,1.19970032E+3,
719.300,1.11508545E+3,
719.4500,1.25069482E+3,
719.600,1.32804761E+3,
719.7500,1.43543286E+3,
719.900,1.33565881E+3,
720.0500,1.62225049E+3,
720.200,1.22387878E+3,
720.3500,1.40697485E+3,
720.500,1.06574194E+3,
720.6500,1.33974097E+3,
720.800,1.08692786E+3,
720.9500,1.22628918E+3,
721.100,1.24492957E+3,
721.2500,1.03527417E+3,
721.400,1.16031897E+3,
721.5500,1.16357642E+3,
721.700,1.22826245E+3,
721.8500,1.32409814E+3,
722.00,1.31238855E+3,
722.1500,1.26954736E+3,
722.300,1.59905688E+3,
722.4500,1.41664783E+3,
722.600,1.31127661E+3,
722.7500,1.01747559E+3,
722.900,1.27143152E+3,
723.0500,1.36939746E+3,
723.200,1.29430920E+3,
723.3500,1.07633557E+3,
723.500,1.17459021E+3,
723.6500,1.14605347E+3,
723.800,1.22908240E+3,
723.9500,9.60421082E+2,
724.100,1.34844861E+3,
724.2500,1.12696655E+3,
724.400,8.39607239E+2,
724.5500,1.23068445E+3,
724.700,1.18554688E+3,
724.8500,1.20528918E+3,
725.00,1.11079407E+3,
725.1500,1.39249512E+3,
725.300,9.85771851E+2,
725.4500,1.20282068E+3,
725.600,1.20629822E+3,
725.7500,1.24293457E+3,
725.900,1.03047119E+3,
726.0500,1.26677734E+3,
726.200,1.01960284E+3,
726.3500,1.10626831E+3,
726.500,1.09256299E+3,
726.6500,9.94497070E+2,
726.800,9.97291565E+2,
726.9500,1.15265686E+3,
727.100,1.13885193E+3,
727.2500,1.00562659E+3,
727.400,1.12803516E+3,
727.5500,9.08340637E+2,
727.700,8.24917542E+2,
727.8500,9.65060242E+2,
728.00,1.08869275E+3,
728.1500,9.01058838E+2,
728.300,8.34019409E+2,
728.4500,9.93109680E+2,
728.600,1.13559570E+3,
728.7500,9.10967712E+2,
728.900,1.12427002E+3,
729.0500,7.57455383E+2,
729.200,9.36220520E+2,
729.3500,8.85700562E+2,
729.500,9.77002075E+2,
729.6500,9.97558716E+2,
729.800,7.14543152E+2,
729.9500,8.59864563E+2,
730.100,9.52131287E+2,
730.2500,8.10723145E+2,
730.400,1.08405737E+3,
730.5500,1.12339905E+3,
730.700,9.63079407E+2,
730.8500,1.14807837E+3,
731.00,9.86895081E+2,
731.1500,1.02630615E+3,
731.300,9.55661804E+2,
731.4500,9.39908081E+2,
731.600,9.24060425E+2,
731.7500,9.26652466E+2,
731.900,6.31893799E+2,
732.0500,1.02503357E+3,
732.200,1.06523608E+3,
732.3500,1.04943481E+3,
732.500,6.38916382E+2,
732.6500,8.29119690E+2,
732.800,6.99143005E+2,
732.9500,7.95821411E+2,
733.100,8.93062805E+2,
733.2500,8.00313477E+2,
733.400,1.20387109E+3,
733.5500,9.77324280E+2,
733.700,1.11462292E+3,
733.8500,1.09851794E+3,
734.00,1.14029736E+3,
734.1500,9.69137756E+2,
734.300,1.26351025E+3,
734.4500,1.30614856E+3,
734.600,1.11441272E+3,
734.7500,1.99998279E+3,
734.900,1.14054138E+3,
735.0500,1.61713586E+3,
735.200,1.46352649E+3,
735.3500,1.72554077E+3,
735.500,1.13375562E+3,
735.6500,1.37636694E+3,
735.800,1.12024805E+3,
735.9500,1.54475806E+3,
736.100,1.46860193E+3,
736.2500,1.49282629E+3,
736.400,1.41603394E+3,
736.5500,1.05481763E+3,
736.700,1.48490149E+3,
736.8500,1.18305334E+3,
737.00,1.28860510E+3,
737.1500,1.33300964E+3,
737.300,1.37763928E+3,
737.4500,1.15449390E+3,
737.600,1.28155957E+3,
737.7500,1.49219043E+3,
737.900,1.39223584E+3,
738.0500,1.35420154E+3,
738.200,1.42031226E+3,
738.3500,1.40299194E+3,
738.500,1.25961584E+3,
738.6500,1.47330566E+3,
738.800,1.87798840E+3,
738.9500,1.86163928E+3,
739.100,1.54832642E+3,
739.2500,2.14781689E+3,
739.400,1.85495313E+3,
739.5500,2.00946057E+3,
739.700,1.97187524E+3,
739.8500,2.17046948E+3,
740.00,1.89608081E+3,
740.1500,1.72847437E+3,
740.300,1.77658508E+3,
740.4500,1.45562170E+3,
740.600,1.41608545E+3,
740.7500,1.37632324E+3,
740.900,1.31442822E+3,
741.0500,1.12036890E+3,
741.200,1.07942590E+3,
741.3500,1.10451990E+3,
741.500,9.30381287E+2,
741.6500,9.32977417E+2,
741.800,9.57857361E+2,
741.9500,1.09456458E+3,
742.100,9.40771667E+2,
742.2500,7.41186768E+2,
742.400,6.98161865E+2,
742.5500,9.03306885E+2,
742.700,8.15194214E+2,
742.8500,3.40591644E+2,
743.00,6.60276917E+2,
743.1500,3.65289978E+2,
743.300,5.03651917E+2,
743.4500,5.73905273E+2,
743.600,4.37368042E+2,
743.7500,8.30979980E+2,
743.900,8.56419006E+2,
744.0500,6.96313904E+2,
744.200,5.81875366E+2,
744.3500,5.83494812E+2,
744.500,3.27667603E+2,
744.6500,7.27574768E+2,
744.800,6.35463562E+2,
744.9500,6.84444580E+2,
745.100,6.38995972E+2,
745.2500,6.40742493E+2,
745.400,8.56661987E+2,
745.5500,6.68117126E+2,
745.700,5.02462738E+2,
745.8500,5.27834900E+2,
746.00,6.97695129E+2,
746.1500,5.78917175E+2,
746.300,3.86957184E+2,
746.4500,8.72941650E+2,
746.600,6.80740112E+2,
746.7500,9.26293823E+2,
746.900,4.88808289E+2,
747.0500,5.63581360E+2,
747.200,7.86056152E+2,
747.3500,5.41753418E+2,
747.500,3.94980316E+2,
747.6500,6.92933105E+2,
747.800,6.94655151E+2,
747.9500,6.96384338E+2,
748.100,4.73717987E+2,
748.2500,4.49896393E+2,
748.400,7.26629822E+2,
748.5500,4.77247925E+2,
748.700,4.28071747E+2,
748.8500,5.04865082E+2,
749.00,2.53060318E+2,
749.1500,3.80602173E+2,
749.300,5.59704712E+2,
749.4500,4.84672577E+2,
749.600,7.16163635E+2,
749.7500,4.87268707E+2,
749.900,3.85716980E+2,
750.0500,5.67240051E+2,
