Labels,32C_20_425K,
Type,Emission Scan,
Comment,,
Start,254.300,
Stop,750.0500,
Step,0.150,
Fixed/Offset,248.400,
Xaxis,Wavelength,
Yaxis,Counts,
Scan Corr. by File,True,
Corr. by Ref. Det.,False,
Fixed/Offset Corr. by File,False,
Repeats,2,
Dwell Time,0.20,
Lamp,Xe,
Temp,27.950,
Scan Polariser,None,
Scan Slit,0.2520,
Fixed/Offset Polariser,None,
Fixed/Offset Slit,2.9970,
Detector,Red PMT,

254.300,8.90777832E+3,
254.4500,8.46734277E+3,
254.600,7.10766016E+3,
254.7500,8.97013281E+3,
254.900,8.54869824E+3,
255.0500,8.75075195E+3,
255.200,8.19663965E+3,
255.3500,7.39678369E+3,
255.500,7.07795850E+3,
255.6500,7.40795410E+3,
255.800,6.72175732E+3,
255.9500,6.73723633E+3,
256.100,8.02248535E+3,
256.2500,7.11021631E+3,
256.400,5.99294482E+3,
256.5500,7.97484668E+3,
256.700,6.99276221E+3,
256.8500,6.48930127E+3,
257.00,7.32284082E+3,
257.1500,6.33513086E+3,
257.300,6.60434717E+3,
257.4500,6.60256055E+3,
257.600,6.23957031E+3,
257.7500,5.73541602E+3,
257.900,4.69697803E+3,
258.0500,6.49315088E+3,
258.200,6.00327441E+3,
258.3500,6.29091699E+3,
258.500,6.24093701E+3,
258.6500,6.42322754E+3,
258.800,6.69075195E+3,
258.9500,5.64969629E+3,
259.100,6.97895898E+3,
259.2500,5.48292188E+3,
259.400,5.78839648E+3,
259.5500,5.28188623E+3,
259.700,6.12240137E+3,
259.8500,7.02096094E+3,
260.00,5.70798584E+3,
260.1500,5.18802881E+3,
260.300,6.33498926E+3,
260.4500,5.47098242E+3,
260.600,6.12290186E+3,
260.7500,6.83233545E+3,
260.900,5.39973340E+3,
261.0500,5.10655322E+3,
261.200,5.61678418E+3,
261.3500,5.86279297E+3,
261.500,6.27833252E+3,
261.6500,5.91690234E+3,
261.800,5.90812988E+3,
261.9500,5.15342822E+3,
262.100,6.29059814E+3,
262.2500,6.40649170E+3,
262.400,5.37825439E+3,
262.5500,5.98496094E+3,
262.700,4.98759229E+3,
262.8500,5.89717578E+3,
263.00,5.94746729E+3,
263.1500,6.24001074E+3,
263.300,5.80000537E+3,
263.4500,5.69876123E+3,
263.600,5.51133203E+3,
263.7500,5.24084229E+3,
263.900,4.94783838E+3,
264.0500,5.99755908E+3,
264.200,6.48872803E+3,
264.3500,5.46905176E+3,
264.500,5.13129248E+3,
264.6500,5.64193457E+3,
264.800,5.84573340E+3,
264.9500,5.72654541E+3,
265.100,5.50550391E+3,
265.2500,5.28937793E+3,
265.400,5.79581787E+3,
265.5500,4.89586230E+3,
265.700,5.34503906E+3,
265.8500,5.63547852E+3,
266.00,5.69848389E+3,
266.1500,5.34764404E+3,
266.300,5.94202734E+3,
266.4500,5.35732520E+3,
266.600,5.75060205E+3,
266.7500,5.87910010E+3,
266.900,5.72765820E+3,
267.0500,5.19054053E+3,
267.200,5.25292920E+3,
267.3500,6.25563623E+3,
267.500,4.86284961E+3,
267.6500,6.35549072E+3,
267.800,5.09677588E+3,
267.9500,5.41509766E+3,
268.100,5.81309229E+3,
268.2500,4.99681689E+3,
268.400,5.20234180E+3,
268.5500,5.75723877E+3,
268.700,5.45744873E+3,
268.8500,6.02001465E+3,
269.00,5.58133105E+3,
269.1500,5.73228125E+3,
269.300,6.15850293E+3,
269.4500,6.22260547E+3,
269.600,4.99708936E+3,
269.7500,4.74082910E+3,
269.900,5.56308984E+3,
270.0500,5.30653662E+3,
270.200,5.80960107E+3,
270.3500,5.85525732E+3,
270.500,5.30627881E+3,
270.6500,5.94381201E+3,
270.800,5.42091748E+3,
270.9500,5.75722168E+3,
271.100,4.88538232E+3,
271.2500,5.32829541E+3,
271.400,5.49894336E+3,
271.5500,5.59660449E+3,
271.700,5.76223584E+3,
271.8500,5.19963672E+3,
272.00,5.41689697E+3,
272.1500,5.22135498E+3,
272.300,5.23120605E+3,
272.4500,5.09006396E+3,
272.600,5.49923145E+3,
272.7500,5.19305469E+3,
272.900,5.23497314E+3,
273.0500,5.59985840E+3,
273.200,5.21637402E+3,
273.3500,5.86100977E+3,
273.500,5.52879346E+3,
273.6500,5.26458301E+3,
273.800,5.92422900E+3,
273.9500,5.36688232E+3,
274.100,4.92422705E+3,
274.2500,5.27910547E+3,
274.400,5.43185791E+3,
274.5500,4.86363086E+3,
274.700,5.69976025E+3,
274.8500,5.15298340E+3,
275.00,5.44729980E+3,
275.1500,4.91001514E+3,
275.300,5.61677930E+3,
275.4500,5.15779004E+3,
275.600,4.86156152E+3,
275.7500,4.85034229E+3,
275.900,5.18681006E+3,
276.0500,4.64850098E+3,
276.200,5.00764600E+3,
276.3500,4.66872314E+3,
276.500,5.45253662E+3,
276.6500,5.15526660E+3,
276.800,5.24680371E+3,
276.9500,5.54707324E+3,
277.100,5.67260303E+3,
277.2500,5.16191406E+3,
277.400,5.26238721E+3,
277.5500,4.86450586E+3,
277.700,4.80121436E+3,
277.8500,5.47844678E+3,
278.00,4.80161377E+3,
278.1500,4.78982764E+3,
278.300,5.09663867E+3,
278.4500,5.26496484E+3,
278.600,5.16515625E+3,
278.7500,5.29429688E+3,
278.900,4.99339355E+3,
279.0500,5.07497705E+3,
279.200,4.94539697E+3,
279.3500,4.49171387E+3,
279.500,5.23445313E+3,
279.6500,4.89960986E+3,
279.800,4.94532861E+3,
279.9500,5.26189209E+3,
280.100,4.91202344E+3,
280.2500,4.94686914E+3,
280.400,4.85913281E+3,
280.5500,4.95980762E+3,
280.700,4.93863086E+3,
280.8500,5.03731641E+3,
281.00,5.27516699E+3,
281.1500,5.12356982E+3,
281.300,5.27264014E+3,
281.4500,5.04852783E+3,
281.600,4.89037842E+3,
281.7500,4.66080029E+3,
281.900,4.77747559E+3,
282.0500,4.94363281E+3,
282.200,5.34246680E+3,
282.3500,4.65409424E+3,
282.500,4.74525049E+3,
282.6500,4.75454639E+3,
282.800,4.85369922E+3,
282.9500,4.74268506E+3,
283.100,4.58244873E+3,
283.2500,4.19810547E+3,
283.400,5.11459570E+3,
283.5500,4.58653076E+3,
283.700,4.79592773E+3,
283.8500,4.48692383E+3,
284.00,4.58024316E+3,
284.1500,4.83703857E+3,
284.300,4.19080957E+3,
284.4500,4.51202539E+3,
284.600,4.55146973E+3,
284.7500,4.56275439E+3,
284.900,4.15220947E+3,
285.0500,4.49742383E+3,
285.200,5.22043994E+3,
285.3500,4.45200977E+3,
285.500,4.33002344E+3,
285.6500,4.43405176E+3,
285.800,4.47451904E+3,
285.9500,4.60428662E+3,
286.100,4.37440234E+3,
286.2500,4.49730029E+3,
286.400,4.17324951E+3,
286.5500,4.25145459E+3,
286.700,4.45454932E+3,
286.8500,4.99647412E+3,
287.00,4.50338232E+3,
287.1500,4.28258643E+3,
287.300,4.32936914E+3,
287.4500,4.52803320E+3,
287.600,4.66435303E+3,
287.7500,4.21077148E+3,
287.900,4.26657666E+3,
288.0500,4.51004980E+3,
288.200,4.26969043E+3,
288.3500,4.49478760E+3,
288.500,4.46924219E+3,
288.6500,4.40784766E+3,
288.800,4.44499854E+3,
288.9500,4.56285352E+3,
289.100,4.27577832E+3,
289.2500,4.66017822E+3,
289.400,4.44409277E+3,
289.5500,4.53266992E+3,
289.700,4.84509961E+3,
289.8500,4.33363672E+3,
290.00,4.18942578E+3,
290.1500,4.13300928E+3,
290.300,4.30910156E+3,
290.4500,4.56536377E+3,
290.600,4.47308008E+3,
290.7500,4.50582568E+3,
290.900,4.88626758E+3,
291.0500,4.26761621E+3,
291.200,4.99281104E+3,
291.3500,4.48069092E+3,
291.500,4.59131055E+3,
291.6500,4.09844824E+3,
291.800,4.31555908E+3,
291.9500,4.43481934E+3,
292.100,4.55256543E+3,
292.2500,4.31627051E+3,
292.400,4.25693945E+3,
292.5500,4.58498633E+3,
292.700,4.23542529E+3,
292.8500,4.23785840E+3,
293.00,4.53814258E+3,
293.1500,4.37234961E+3,
293.300,4.37299316E+3,
293.4500,4.32134375E+3,
293.600,4.40900928E+3,
293.7500,4.51369482E+3,
293.900,4.63530469E+3,
294.0500,4.70389990E+3,
294.200,4.16696533E+3,
294.3500,4.07143701E+3,
294.500,4.41431934E+3,
294.6500,4.59282275E+3,
294.800,4.46271973E+3,
294.9500,4.30759521E+3,
295.100,4.04110400E+3,
295.2500,4.46251611E+3,
295.400,4.18781689E+3,
295.5500,4.09178955E+3,
295.700,4.10564355E+3,
295.8500,4.01872046E+3,
296.00,4.08285400E+3,
296.1500,4.10272754E+3,
296.300,4.11412695E+3,
296.4500,4.33252246E+3,
296.600,4.37606299E+3,
296.7500,4.04072656E+3,
296.900,4.13409375E+3,
297.0500,4.17705225E+3,
297.200,4.47069873E+3,
297.3500,3.96706030E+3,
297.500,4.08949951E+3,
297.6500,4.03384814E+3,
297.800,4.07483447E+3,
297.9500,3.73989355E+3,
298.100,4.29783252E+3,
298.2500,4.33535986E+3,
298.400,4.11207764E+3,
298.5500,3.95348755E+3,
298.700,4.20319141E+3,
298.8500,4.42740820E+3,
299.00,4.26160693E+3,
299.1500,3.74016455E+3,
299.300,4.13881543E+3,
299.4500,4.04371484E+3,
299.600,3.99517261E+3,
299.7500,4.24304834E+3,
299.900,4.14863232E+3,
300.0500,3.94925610E+3,
300.200,4.10271387E+3,
300.3500,4.01623999E+3,
300.500,3.84154639E+3,
300.6500,3.88251074E+3,
300.800,4.00385815E+3,
300.9500,4.02897021E+3,
301.100,3.85671411E+3,
301.2500,3.89578760E+3,
301.400,3.92723218E+3,
301.5500,3.72168530E+3,
301.700,3.98907275E+3,
301.8500,3.98397656E+3,
302.00,3.83047363E+3,
302.1500,4.16267773E+3,
302.300,3.91080933E+3,
302.4500,4.01643286E+3,
302.600,4.13480859E+3,
302.7500,3.94184473E+3,
302.900,3.73704565E+3,
303.0500,4.49581641E+3,
303.200,4.14645410E+3,
303.3500,3.78044922E+3,
303.500,3.91516821E+3,
303.6500,4.01503784E+3,
303.800,3.51568726E+3,
303.9500,4.10574707E+3,
304.100,3.62385938E+3,
304.2500,4.16742871E+3,
304.400,3.72255029E+3,
304.5500,3.84550195E+3,
304.700,3.96712646E+3,
304.8500,4.01056323E+3,
305.00,3.94515503E+3,
305.1500,4.04526660E+3,
305.300,4.08121704E+3,
305.4500,3.74649365E+3,
305.600,4.00203247E+3,
305.7500,4.00024414E+3,
305.900,3.93044629E+3,
306.0500,3.88583813E+3,
306.200,3.82316455E+3,
306.3500,3.71239844E+3,
306.500,3.60271143E+3,
306.6500,3.97001050E+3,
306.800,3.72817017E+3,
306.9500,3.95388281E+3,
307.100,3.96360913E+3,
307.2500,3.83737402E+3,
307.400,3.96493945E+3,
307.5500,3.40151953E+3,
307.700,3.68690479E+3,
307.8500,3.61065479E+3,
308.00,3.85178125E+3,
308.1500,3.52323975E+3,
308.300,3.70524414E+3,
308.4500,3.84569629E+3,
308.600,3.61220679E+3,
308.7500,3.51576343E+3,
308.900,3.98467163E+3,
309.0500,3.78153076E+3,
309.200,3.91224243E+3,
309.3500,3.79383667E+3,
309.500,3.72037939E+3,
309.6500,3.84932959E+3,
309.800,3.62430200E+3,
309.9500,3.38522754E+3,
310.100,3.92769580E+3,
310.2500,3.53458154E+3,
310.400,3.63477637E+3,
310.5500,3.31555078E+3,
310.700,3.69511621E+3,
310.8500,3.96086987E+3,
311.00,3.77502344E+3,
311.1500,3.46154419E+3,
311.300,3.64238672E+3,
311.4500,3.63612915E+3,
311.600,3.62476025E+3,
311.7500,3.76145874E+3,
311.900,3.78510083E+3,
312.0500,3.68222827E+3,
312.200,3.54030859E+3,
312.3500,3.84583740E+3,
312.500,3.70435278E+3,
312.6500,3.92691382E+3,
312.800,3.57338599E+3,
312.9500,3.72551147E+3,
313.100,3.61176953E+3,
313.2500,3.90477808E+3,
313.400,3.47988867E+3,
313.5500,3.45589551E+3,
313.700,3.64445215E+3,
313.8500,3.29781519E+3,
314.00,3.29868433E+3,
314.1500,3.54343677E+3,
314.300,3.61048389E+3,
314.4500,3.70063574E+3,
314.600,3.21494775E+3,
314.7500,3.32464038E+3,
314.900,3.49894189E+3,
315.0500,3.48569653E+3,
315.200,3.25938110E+3,
315.3500,3.41864771E+3,
315.500,3.17572144E+3,
315.6500,3.12281934E+3,
315.800,3.43632129E+3,
315.9500,3.41014355E+3,
316.100,3.44812158E+3,
316.2500,3.42714771E+3,
316.400,3.32958838E+3,
316.5500,3.44847949E+3,
316.700,3.15430811E+3,
316.8500,3.24613428E+3,
317.00,3.28390137E+3,
317.1500,3.29103345E+3,
317.300,3.42187646E+3,
317.4500,3.24778101E+3,
317.600,3.39543677E+3,
317.7500,3.09113892E+3,
317.900,3.20774292E+3,
318.0500,3.29769312E+3,
318.200,2.95811401E+3,
318.3500,2.92758496E+3,
318.500,3.15589551E+3,
318.6500,3.03034302E+3,
318.800,3.15407349E+3,
318.9500,3.26849072E+3,
319.100,3.27172607E+3,
319.2500,3.16461597E+3,
319.400,3.23599121E+3,
319.5500,3.27736646E+3,
319.700,3.11633838E+3,
319.8500,3.19556494E+3,
320.00,3.28268628E+3,
320.1500,3.10663574E+3,
320.300,3.27714819E+3,
320.4500,2.94007617E+3,
320.600,3.29228101E+3,
320.7500,2.84959717E+3,
320.900,2.96531885E+3,
321.0500,3.12979419E+3,
321.200,3.18710889E+3,
321.3500,3.24818726E+3,
321.500,2.85659253E+3,
321.6500,3.12138794E+3,
321.800,2.93481641E+3,
321.9500,3.16562695E+3,
322.100,3.12132690E+3,
322.2500,3.19002295E+3,
322.400,3.04969214E+3,
322.5500,3.00610254E+3,
322.700,3.12641504E+3,
322.8500,3.05094604E+3,
323.00,3.21024097E+3,
323.1500,3.06775171E+3,
323.300,2.76381445E+3,
323.4500,3.09242969E+3,
323.600,3.02201563E+3,
323.7500,3.06183228E+3,
323.900,3.05444531E+3,
324.0500,2.98461694E+3,
324.200,3.30103613E+3,
324.3500,3.13381348E+3,
324.500,2.96348193E+3,
324.6500,2.96033374E+3,
324.800,2.90313135E+3,
324.9500,2.84618066E+3,
325.100,3.03172656E+3,
325.2500,2.96730200E+3,
325.400,3.20149976E+3,
325.5500,2.86598706E+3,
325.700,3.09549902E+3,
325.8500,3.03523438E+3,
326.00,3.10787891E+3,
326.1500,3.08979395E+3,
326.300,2.95855664E+3,
326.4500,3.22701050E+3,
326.600,3.02086108E+3,
326.7500,2.96180420E+3,
326.900,2.89924341E+3,
327.0500,3.00877075E+3,
327.200,3.14414868E+3,
327.3500,2.92949536E+3,
327.500,2.81587646E+3,
327.6500,2.81007544E+3,
327.800,2.89295386E+3,
327.9500,2.96441162E+3,
328.100,3.10939502E+3,
328.2500,2.76178711E+3,
328.400,2.90301953E+3,
328.5500,2.72541333E+3,
328.700,2.88804004E+3,
328.8500,2.92976318E+3,
329.00,3.05859229E+3,
329.1500,2.95136670E+3,
329.300,2.96771753E+3,
329.4500,2.87186694E+3,
329.600,2.89910352E+3,
329.7500,2.89018750E+3,
329.900,2.93884277E+3,
330.0500,2.75767139E+3,
330.200,2.62761987E+3,
330.3500,2.81650000E+3,
330.500,2.86897021E+3,
330.6500,2.93195215E+3,
330.800,3.06236475E+3,
330.9500,2.77640015E+3,
331.100,2.91039941E+3,
331.2500,2.91650879E+3,
331.400,2.92258667E+3,
331.5500,3.07700488E+3,
331.700,2.70890039E+3,
331.8500,3.07796851E+3,
332.00,2.95711768E+3,
332.1500,2.96997144E+3,
332.300,2.89864795E+3,
332.4500,3.01300806E+3,
332.600,2.95229810E+3,
332.7500,2.83944336E+3,
332.900,3.00903223E+3,
333.0500,2.81985034E+3,
333.200,2.72485840E+3,
333.3500,2.83462622E+3,
333.500,2.81946875E+3,
333.6500,2.62130640E+3,
333.800,2.54447119E+3,
333.9500,2.93254688E+3,
334.100,2.77641357E+3,
334.2500,2.88151245E+3,
334.400,2.77049536E+3,
334.5500,2.95043530E+3,
334.700,2.90449316E+3,
334.8500,2.87232178E+3,
335.00,3.11576465E+3,
335.1500,2.87645337E+3,
335.300,2.74978247E+3,
335.4500,2.89093286E+3,
335.600,2.81531494E+3,
335.7500,2.98624927E+3,
335.900,2.93427466E+3,
336.0500,2.78830981E+3,
336.200,2.81076929E+3,
336.3500,2.96725903E+3,
336.500,2.85209009E+3,
336.6500,2.78740576E+3,
336.800,2.56941479E+3,
336.9500,2.73856934E+3,
337.100,3.01665112E+3,
337.2500,2.81551416E+3,
337.400,2.86032788E+3,
337.5500,2.83548877E+3,
337.700,2.73475610E+3,
337.8500,2.94098975E+3,
338.00,2.83710425E+3,
338.1500,2.87074390E+3,
338.300,2.80589136E+3,
338.4500,2.74455664E+3,
338.600,3.04908594E+3,
338.7500,2.85389893E+3,
338.900,2.83505786E+3,
339.0500,2.66031616E+3,
339.200,2.92286401E+3,
339.3500,2.86447705E+3,
339.500,2.79345166E+3,
339.6500,2.74202100E+3,
339.800,2.84795728E+3,
339.9500,2.92138965E+3,
340.100,2.88256934E+3,
340.2500,2.99032349E+3,
340.400,2.96410938E+3,
340.5500,3.00138574E+3,
340.700,2.92780054E+3,
340.8500,2.91132422E+3,
341.00,2.96727881E+3,
341.1500,2.81276563E+3,
341.300,2.86879272E+3,
341.4500,2.76831177E+3,
341.600,2.98000098E+3,
341.7500,2.92012061E+3,
341.900,2.95047388E+3,
342.0500,3.08907886E+3,
342.200,3.05116504E+3,
342.3500,2.81928955E+3,
342.500,2.76060474E+3,
342.6500,2.95367651E+3,
342.800,2.90715479E+3,
342.9500,2.97074023E+3,
343.100,2.80250171E+3,
343.2500,2.92373706E+3,
343.400,3.04439941E+3,
343.5500,2.88010815E+3,
343.700,2.92783765E+3,
343.8500,2.78861938E+3,
344.00,3.01958179E+3,
344.1500,3.00618018E+3,
344.300,3.15128247E+3,
344.4500,3.11670239E+3,
344.600,2.90971216E+3,
344.7500,3.15186377E+3,
344.900,3.03753760E+3,
345.0500,3.04460693E+3,
345.200,3.06000073E+3,
345.3500,3.02535791E+3,
345.500,2.98794824E+3,
345.6500,3.17275073E+3,
345.800,2.93405640E+3,
345.9500,2.96976880E+3,
346.100,3.26000610E+3,
346.2500,3.03410083E+3,
346.400,3.16674707E+3,
346.5500,3.27276050E+3,
346.700,3.13746899E+3,
346.8500,2.93434302E+3,
347.00,2.96881592E+3,
347.1500,3.17069458E+3,
347.300,3.22408789E+3,
347.4500,3.11047363E+3,
347.600,3.08199146E+3,
347.7500,3.21939111E+3,
347.900,3.21312476E+3,
348.0500,3.13427930E+3,
348.200,3.01136011E+3,
348.3500,3.22245972E+3,
348.500,3.18304053E+3,
348.6500,3.11342725E+3,
348.800,3.06621411E+3,
348.9500,3.26649268E+3,
349.100,3.12022632E+3,
349.2500,3.10577856E+3,
349.400,3.11862646E+3,
349.5500,3.21828149E+3,
349.700,3.13319312E+3,
349.8500,2.91625903E+3,
350.00,3.09095752E+3,
350.1500,3.18863330E+3,
350.300,3.25623779E+3,
350.4500,3.20069849E+3,
350.600,3.19068359E+3,
350.7500,3.23371631E+3,
350.900,3.12319922E+3,
351.0500,3.35560938E+3,
351.200,3.26063647E+3,
351.3500,3.01971924E+3,
351.500,3.10898022E+3,
351.6500,3.17943530E+3,
351.800,3.12502344E+3,
351.9500,3.15100513E+3,
352.100,3.07386377E+3,
352.2500,3.31798193E+3,
352.400,2.92359912E+3,
352.5500,3.02124976E+3,
352.700,3.14111890E+3,
352.8500,3.12593408E+3,
353.00,3.22444604E+3,
353.1500,3.21144043E+3,
353.300,3.18343896E+3,
353.4500,3.03056885E+3,
353.600,3.03070020E+3,
353.7500,2.93391919E+3,
353.900,2.96155127E+3,
354.0500,2.98642139E+3,
354.200,2.98878955E+3,
354.3500,3.06712207E+3,
354.500,3.09848096E+3,
354.6500,3.02244482E+3,
354.800,2.83279565E+3,
354.9500,3.09921973E+3,
355.100,2.96360571E+3,
355.2500,2.93222437E+3,
355.400,2.98247412E+3,
355.5500,2.96551172E+3,
355.700,2.87724048E+3,
355.8500,3.06468359E+3,
356.00,2.78274854E+3,
356.1500,3.02121826E+3,
356.300,2.93630688E+3,
356.4500,3.01816357E+3,
356.600,2.98044043E+3,
356.7500,3.08019580E+3,
356.900,3.07261450E+3,
357.0500,2.98181152E+3,
357.200,2.88229761E+3,
357.3500,2.98320483E+3,
357.500,2.86139233E+3,
357.6500,2.92516309E+3,
357.800,2.86113379E+3,
357.9500,2.91537891E+3,
358.100,2.91946948E+3,
358.2500,2.87842920E+3,
358.400,3.00600562E+3,
358.5500,3.04322119E+3,
358.700,2.74115210E+3,
358.8500,2.83452051E+3,
359.00,2.82975903E+3,
359.1500,2.92874194E+3,
359.300,2.84212866E+3,
359.4500,2.84163623E+3,
359.600,2.87393408E+3,
359.7500,2.82315820E+3,
359.900,2.68794482E+3,
360.0500,2.96718896E+3,
360.200,2.76518579E+3,
360.3500,2.71295532E+3,
360.500,2.92479712E+3,
360.6500,2.72273877E+3,
360.800,2.90966943E+3,
360.9500,2.87242407E+3,
361.100,2.88817432E+3,
361.2500,2.76033691E+3,
361.400,3.05156348E+3,
361.5500,2.91351660E+3,
361.700,2.71166309E+3,
361.8500,2.84402344E+3,
362.00,2.89460791E+3,
362.1500,2.79403003E+3,
362.300,2.84468237E+3,
362.4500,2.87458179E+3,
362.600,2.68623462E+3,
362.7500,2.75750732E+3,
362.900,2.78960620E+3,
363.0500,2.67426196E+3,
363.200,2.92946948E+3,
363.3500,2.80835400E+3,
363.500,2.83642700E+3,
363.6500,2.73628735E+3,
363.800,2.73197437E+3,
363.9500,2.81695166E+3,
364.100,2.80591284E+3,
364.2500,2.84315015E+3,
364.400,2.77945215E+3,
364.5500,2.78650342E+3,
364.700,2.78755078E+3,
364.8500,2.83880029E+3,
365.00,2.94799756E+3,
365.1500,2.88993530E+3,
365.300,2.76435815E+3,
365.4500,2.70702222E+3,
365.600,2.94198608E+3,
365.7500,2.77956226E+3,
365.900,2.73457275E+3,
366.0500,2.86954980E+3,
366.200,2.91344580E+3,
366.3500,2.98084521E+3,
366.500,2.85951196E+3,
366.6500,2.84061230E+3,
366.800,2.92358862E+3,
366.9500,2.93013745E+3,
367.100,2.79054492E+3,
367.2500,2.80141675E+3,
367.400,2.87254932E+3,
367.5500,2.90274487E+3,
367.700,2.87283594E+3,
367.8500,2.92043286E+3,
368.00,2.85978833E+3,
368.1500,2.97178809E+3,
368.300,2.77372266E+3,
368.4500,2.72621655E+3,
368.600,2.95105103E+3,
368.7500,2.88628125E+3,
368.900,2.88862451E+3,
369.0500,3.00107886E+3,
369.200,2.99242749E+3,
369.3500,2.91938599E+3,
369.500,2.92622559E+3,
369.6500,2.96709375E+3,
369.800,2.99088525E+3,
369.9500,2.85478442E+3,
370.100,2.79220508E+3,
370.2500,2.88334106E+3,
370.400,2.87512329E+3,
370.5500,3.00308105E+3,
370.700,2.99290137E+3,
370.8500,2.79721240E+3,
371.00,2.93766284E+3,
371.1500,2.88321460E+3,
371.300,2.89729761E+3,
371.4500,2.92426294E+3,
371.600,2.75834692E+3,
371.7500,2.96703589E+3,
371.900,2.85304102E+3,
372.0500,2.94751416E+3,
372.200,2.86111523E+3,
372.3500,2.86237451E+3,
372.500,2.82922632E+3,
372.6500,2.93563159E+3,
372.800,2.89896777E+3,
372.9500,2.79941626E+3,
373.100,3.01328857E+3,
373.2500,2.90675732E+3,
373.400,2.81145239E+3,
373.5500,2.91686963E+3,
373.700,2.99337427E+3,
373.8500,2.93602295E+3,
374.00,2.85226660E+3,
374.1500,2.94752734E+3,
374.300,3.01765991E+3,
374.4500,2.87725049E+3,
374.600,2.88032837E+3,
374.7500,2.79718994E+3,
374.900,2.92877148E+3,
375.0500,2.69665234E+3,
375.200,2.89891821E+3,
375.3500,2.78438965E+3,
375.500,2.88118604E+3,
375.6500,2.72905664E+3,
375.800,2.87250195E+3,
375.9500,2.84922754E+3,
376.100,2.87273364E+3,
376.2500,2.70828442E+3,
376.400,2.85423145E+3,
376.5500,2.84854688E+3,
376.700,2.79666797E+3,
376.8500,2.78779956E+3,
377.00,2.65098853E+3,
377.1500,2.80986694E+3,
377.300,2.81173730E+3,
377.4500,2.84081396E+3,
377.600,2.87153027E+3,
377.7500,2.71265552E+3,
377.900,2.95305347E+3,
378.0500,2.77447510E+3,
378.200,2.85763379E+3,
378.3500,2.76739893E+3,
378.500,2.87556738E+3,
378.6500,2.87281909E+3,
378.800,2.79648071E+3,
378.9500,2.75216040E+3,
379.100,2.72118701E+3,
379.2500,2.74356738E+3,
379.400,2.80749609E+3,
379.5500,2.68693188E+3,
379.700,2.71268701E+3,
379.8500,2.85926099E+3,
380.00,2.89467163E+3,
380.1500,2.69488306E+3,
380.300,2.73140771E+3,
380.4500,2.70206396E+3,
380.600,2.75823413E+3,
380.7500,2.69296509E+3,
380.900,2.77358594E+3,
381.0500,2.70009497E+3,
381.200,2.60834985E+3,
381.3500,2.63090259E+3,
381.500,2.70862207E+3,
381.6500,2.69532422E+3,
381.800,2.61255884E+3,
381.9500,2.72067578E+3,
382.100,2.64432593E+3,
382.2500,2.72734351E+3,
382.400,2.66884424E+3,
382.5500,2.57378784E+3,
382.700,2.56387109E+3,
382.8500,2.62422876E+3,
383.00,2.60796899E+3,
383.1500,2.56797437E+3,
383.300,2.55830859E+3,
383.4500,2.58829663E+3,
383.600,2.48548535E+3,
383.7500,2.47614722E+3,
383.900,2.37399927E+3,
384.0500,2.47802563E+3,
384.200,2.30235620E+3,
384.3500,2.45768921E+3,
384.500,2.48435400E+3,
384.6500,2.44701416E+3,
384.800,2.57174951E+3,
384.9500,2.40548340E+3,
385.100,2.35585278E+3,
385.2500,2.21960669E+3,
385.400,2.30793066E+3,
385.5500,2.40673779E+3,
385.700,2.44518579E+3,
385.8500,2.32072144E+3,
386.00,2.44970679E+3,
386.1500,2.29051831E+3,
386.300,2.22970459E+3,
386.4500,2.22250488E+3,
386.600,2.36143384E+3,
386.7500,2.31004150E+3,
386.900,2.31799463E+3,
387.0500,2.22609546E+3,
387.200,2.37177393E+3,
387.3500,2.26965674E+3,
387.500,2.28083276E+3,
387.6500,2.29200220E+3,
387.800,2.37368359E+3,
387.9500,2.29484424E+3,
388.100,2.31921338E+3,
388.2500,2.36727490E+3,
388.400,2.42413696E+3,
388.5500,2.39307983E+3,
388.700,2.39334302E+3,
388.8500,2.40697803E+3,
389.00,2.35253735E+3,
389.1500,2.37304712E+3,
389.300,2.28002686E+3,
389.4500,2.29184082E+3,
389.600,2.25666113E+3,
389.7500,2.41802026E+3,
389.900,2.28918872E+3,
390.0500,2.29227295E+3,
390.200,2.42946533E+3,
390.3500,2.36107422E+3,
390.500,2.36992578E+3,
390.6500,2.31209741E+3,
390.800,2.33264429E+3,
390.9500,2.25636621E+3,
391.100,2.28310986E+3,
391.2500,2.17171704E+3,
391.400,2.27350391E+3,
391.5500,2.22424585E+3,
391.700,2.35438745E+3,
391.8500,2.05893555E+3,
392.00,2.29193408E+3,
392.1500,2.27624390E+3,
392.300,2.19785938E+3,
392.4500,2.25786572E+3,
392.600,2.34478271E+3,
392.7500,2.37466919E+3,
392.900,2.30514746E+3,
393.0500,2.27097876E+3,
393.200,2.31422998E+3,
393.3500,2.26975415E+3,
393.500,2.45687280E+3,
393.6500,2.30669043E+3,
393.800,2.27094556E+3,
393.9500,2.17070215E+3,
394.100,2.28639185E+3,
394.2500,2.20966675E+3,
394.400,2.26743335E+3,
394.5500,2.24548633E+3,
394.700,2.38804639E+3,
394.8500,2.30065820E+3,
395.00,2.31079321E+3,
395.1500,2.31953101E+3,
395.300,2.48191846E+3,
395.4500,2.49870605E+3,
395.600,2.33333154E+3,
395.7500,2.52257227E+3,
395.900,2.45127319E+3,
396.0500,2.27862476E+3,
396.200,2.47003979E+3,
396.3500,2.23227466E+3,
396.500,2.33436646E+3,
396.6500,2.38839697E+3,
396.800,2.29911646E+3,
396.9500,2.33675415E+3,
397.100,2.31870898E+3,
397.2500,2.42168994E+3,
397.400,2.34130713E+3,
397.5500,2.38443433E+3,
397.700,2.24751343E+3,
397.8500,2.21095996E+3,
398.00,2.26495239E+3,
398.1500,2.26395947E+3,
398.300,2.25221021E+3,
398.4500,2.26876099E+3,
398.600,2.17775269E+3,
398.7500,2.15006250E+3,
398.900,2.17879126E+3,
399.0500,2.08828101E+3,
399.200,2.01954980E+3,
399.3500,2.15701563E+3,
399.500,2.00012805E+3,
399.6500,2.07595679E+3,
399.800,2.12631250E+3,
399.9500,2.11263940E+3,
400.100,2.14722119E+3,
400.2500,2.09938403E+3,
400.400,2.09382446E+3,
400.5500,2.23137134E+3,
400.700,2.05026221E+3,
400.8500,2.06350366E+3,
401.00,2.03188074E+3,
401.1500,2.09807178E+3,
401.300,2.00993921E+3,
401.4500,1.94519495E+3,
401.600,2.02357275E+3,
401.7500,2.01275146E+3,
401.900,2.07244653E+3,
402.0500,1.96686755E+3,
402.200,2.10915747E+3,
402.3500,2.06042822E+3,
402.500,1.92657056E+3,
402.6500,2.01211047E+3,
402.800,1.99567639E+3,
402.9500,1.98234058E+3,
403.100,2.01749060E+3,
403.2500,1.94364001E+3,
403.400,1.90173071E+3,
403.5500,1.93085193E+3,
403.700,1.93279749E+3,
403.8500,2.04909814E+3,
404.00,1.92921851E+3,
404.1500,1.91326782E+3,
404.300,1.93334363E+3,
404.4500,1.83962671E+3,
404.600,1.73419946E+3,
404.7500,1.98292798E+3,
404.900,1.71655042E+3,
405.0500,1.81432532E+3,
405.200,1.87031140E+3,
405.3500,1.75675525E+3,
405.500,1.87506433E+3,
405.6500,1.77661279E+3,
405.800,1.74208911E+3,
405.9500,1.66769971E+3,
406.100,1.75604272E+3,
406.2500,1.79398364E+3,
406.400,1.72566162E+3,
406.5500,1.81514746E+3,
406.700,1.83086731E+3,
406.8500,1.66132300E+3,
407.00,1.61551624E+3,
407.1500,1.71782605E+3,
407.300,1.57081384E+3,
407.4500,1.73444287E+3,
407.600,1.59946558E+3,
407.7500,1.59331726E+3,
407.900,1.74474707E+3,
408.0500,1.65251599E+3,
408.200,1.76577478E+3,
408.3500,1.64759424E+3,
408.500,1.62845398E+3,
408.6500,1.54406165E+3,
408.800,1.67151074E+3,
408.9500,1.63506165E+3,
409.100,1.50767371E+3,
409.2500,1.54538806E+3,
409.400,1.56282495E+3,
409.5500,1.54271960E+3,
409.700,1.59042773E+3,
409.8500,1.54586072E+3,
410.00,1.57767029E+3,
410.1500,1.52314905E+3,
410.300,1.54345642E+3,
410.4500,1.52784094E+3,
410.600,1.50078162E+3,
410.7500,1.41069421E+3,
410.900,1.53849707E+3,
411.0500,1.56016028E+3,
411.200,1.43300977E+3,
411.3500,1.54328760E+3,
411.500,1.48348462E+3,
411.6500,1.40809473E+3,
411.800,1.44687390E+3,
411.9500,1.47278003E+3,
412.100,1.45452380E+3,
412.2500,1.45194336E+3,
412.400,1.40106238E+3,
412.5500,1.38860486E+3,
412.700,1.39461768E+3,
412.8500,1.41764111E+3,
413.00,1.34147754E+3,
413.1500,1.39417773E+3,
413.300,1.38315869E+3,
413.4500,1.45978003E+3,
413.600,1.38096484E+3,
413.7500,1.29945947E+3,
413.900,1.36612000E+3,
414.0500,1.34956531E+3,
414.200,1.36822754E+3,
414.3500,1.44031799E+3,
414.500,1.26775073E+3,
414.6500,1.36088818E+3,
414.800,1.22935327E+3,
414.9500,1.28032349E+3,
415.100,1.32847717E+3,
415.2500,1.23795837E+3,
415.400,1.34629126E+3,
415.5500,1.30903784E+3,
415.700,1.28022534E+3,
415.8500,1.37576392E+3,
416.00,1.33020764E+3,
416.1500,1.22473535E+3,
416.300,1.33965918E+3,
416.4500,1.28587292E+3,
416.600,1.32544189E+3,
416.7500,1.40949219E+3,
416.900,1.31962610E+3,
417.0500,1.34938025E+3,
417.200,1.37352966E+3,
417.3500,1.32964551E+3,
417.500,1.41482007E+3,
417.6500,1.35988660E+3,
417.800,1.41447107E+3,
417.9500,1.35407825E+3,
418.100,1.43769116E+3,
418.2500,1.45622644E+3,
418.400,1.35588123E+3,
418.5500,1.41865625E+3,
418.700,1.45099280E+3,
418.8500,1.46536121E+3,
419.00,1.57211536E+3,
419.1500,1.53953259E+3,
419.300,1.71361865E+3,
419.4500,1.61216870E+3,
419.600,1.70209900E+3,
419.7500,1.66679053E+3,
419.900,1.60403650E+3,
420.0500,1.63062231E+3,
420.200,1.69831665E+3,
420.3500,1.60402686E+3,
420.500,1.63875867E+3,
420.6500,1.60355823E+3,
420.800,1.59579968E+3,
420.9500,1.62228137E+3,
421.100,1.59127905E+3,
421.2500,1.65741199E+3,
421.400,1.77541565E+3,
421.5500,1.71025171E+3,
421.700,1.69021790E+3,
421.8500,1.73025208E+3,
422.00,1.80434570E+3,
422.1500,1.72177319E+3,
422.300,1.63927710E+3,
422.4500,1.69033948E+3,
422.600,1.62835840E+3,
422.7500,1.69708362E+3,
422.900,1.56986316E+3,
423.0500,1.69572595E+3,
423.200,1.82160229E+3,
423.3500,1.78024829E+3,
423.500,1.80277576E+3,
423.6500,1.74516431E+3,
423.800,1.71203149E+3,
423.9500,1.72235486E+3,
424.100,1.81408777E+3,
424.2500,1.66161426E+3,
424.400,1.78721814E+3,
424.5500,1.69856531E+3,
424.700,1.76310583E+3,
424.8500,1.77612915E+3,
425.00,1.71736548E+3,
425.1500,1.64907886E+3,
425.300,1.73107727E+3,
425.4500,1.86849609E+3,
425.600,1.70961890E+3,
425.7500,1.71310327E+3,
425.900,1.77876489E+3,
426.0500,1.63897864E+3,
426.200,1.69509241E+3,
426.3500,1.79707397E+3,
426.500,1.72757654E+3,
426.6500,1.71614844E+3,
426.800,1.72496362E+3,
426.9500,1.70141919E+3,
427.100,1.64025171E+3,
427.2500,1.71525720E+3,
427.400,1.70940173E+3,
427.5500,1.69681958E+3,
427.700,1.58596533E+3,
427.8500,1.65687756E+3,
428.00,1.67931372E+3,
428.1500,1.61462720E+3,
428.300,1.56878491E+3,
428.4500,1.60232544E+3,
428.600,1.60895703E+3,
428.7500,1.62231409E+3,
428.900,1.62759961E+3,
429.0500,1.67326123E+3,
429.200,1.58580994E+3,
429.3500,1.64227942E+3,
429.500,1.76061780E+3,
429.6500,1.58574512E+3,
429.800,1.72291113E+3,
429.9500,1.62336145E+3,
430.100,1.63796460E+3,
430.2500,1.72105396E+3,
430.400,1.61053113E+3,
430.5500,1.56187622E+3,
430.700,1.63956653E+3,
430.8500,1.64198596E+3,
431.00,1.69277173E+3,
431.1500,1.63192334E+3,
431.300,1.58453467E+3,
431.4500,1.54119800E+3,
431.600,1.64015698E+3,
431.7500,1.57804675E+3,
431.900,1.69305371E+3,
432.0500,1.68334009E+3,
432.200,1.49270837E+3,
432.3500,1.56227576E+3,
432.500,1.54199121E+3,
432.6500,1.59008850E+3,
432.800,1.60198096E+3,
432.9500,1.63800000E+3,
433.100,1.59245117E+3,
433.2500,1.55369910E+3,
433.400,1.50153345E+3,
433.5500,1.51505603E+3,
433.700,1.58489612E+3,
433.8500,1.46164832E+3,
434.00,1.58379480E+3,
434.1500,1.54785022E+3,
434.300,1.54408813E+3,
434.4500,1.52153845E+3,
434.600,1.48287610E+3,
434.7500,1.47238550E+3,
434.900,1.51290149E+3,
435.0500,1.46885352E+3,
435.200,1.45300879E+3,
435.3500,1.51505872E+3,
435.500,1.50861743E+3,
435.6500,1.42021069E+3,
435.800,1.49975354E+3,
435.9500,1.43684851E+3,
436.100,1.47076172E+3,
436.2500,1.43344348E+3,
436.400,1.50505127E+3,
436.5500,1.39641931E+3,
436.700,1.43575256E+3,
436.8500,1.48452271E+3,
437.00,1.50908081E+3,
437.1500,1.55400171E+3,
437.300,1.57470081E+3,
437.4500,1.49300232E+3,
437.600,1.46786133E+3,
437.7500,1.52629724E+3,
437.900,1.56048987E+3,
438.0500,1.51112793E+3,
438.200,1.60765430E+3,
438.3500,1.48819287E+3,
438.500,1.58073499E+3,
438.6500,1.49764026E+3,
438.800,1.59567053E+3,
438.9500,1.46514941E+3,
439.100,1.49434924E+3,
439.2500,1.44915308E+3,
439.400,1.37815320E+3,
439.5500,1.37621814E+3,
439.700,1.32815051E+3,
439.8500,1.44834204E+3,
440.00,1.48853137E+3,
440.1500,1.27056799E+3,
440.300,1.27126282E+3,
440.4500,1.46920923E+3,
440.600,1.27536462E+3,
440.7500,1.42313049E+3,
440.900,1.33123706E+3,
441.0500,1.34829553E+3,
441.200,1.35580042E+3,
441.3500,1.35375610E+3,
441.500,1.34897485E+3,
441.6500,1.27724902E+3,
441.800,1.42412305E+3,
441.9500,1.36192664E+3,
442.100,1.40102747E+3,
442.2500,1.35535327E+3,
442.400,1.40413940E+3,
442.5500,1.28300940E+3,
442.700,1.33180127E+3,
442.8500,1.32437927E+3,
443.00,1.31145056E+3,
443.1500,1.32904248E+3,
443.300,1.27237781E+3,
443.4500,1.26930359E+3,
443.600,1.33097571E+3,
443.7500,1.34861609E+3,
443.900,1.37732007E+3,
444.0500,1.26666125E+3,
444.200,1.23064673E+3,
444.3500,1.28867419E+3,
444.500,1.30524561E+3,
444.6500,1.22613818E+3,
444.800,1.33013635E+3,
444.9500,1.30369226E+3,
445.100,1.27742651E+3,
445.2500,1.27489282E+3,
445.400,1.27513342E+3,
445.5500,1.29771533E+3,
445.700,1.26299988E+3,
445.8500,1.32761829E+3,
446.00,1.26899622E+3,
446.1500,1.34843298E+3,
446.300,1.30290405E+3,
446.4500,1.30089880E+3,
446.600,1.31863904E+3,
446.7500,1.30389966E+3,
446.900,1.29476514E+3,
447.0500,1.25047876E+3,
447.200,1.30632239E+3,
447.3500,1.34816467E+3,
447.500,1.25718726E+3,
447.6500,1.17146631E+3,
447.800,1.32822815E+3,
447.9500,1.21916003E+3,
448.100,1.35374158E+3,
448.2500,1.28096362E+3,
448.400,1.36651270E+3,
448.5500,1.30629590E+3,
448.700,1.25584155E+3,
448.8500,1.30091833E+3,
449.00,1.26330444E+3,
449.1500,1.23627148E+3,
449.300,1.32287329E+3,
449.4500,1.42853455E+3,
449.600,1.57936414E+3,
449.7500,1.56556018E+3,
449.900,1.75105493E+3,
450.0500,8.48597031E+1,
450.200,8.67994919E+1,
450.3500,9.65402832E+1,
450.500,1.11060814E+2,
450.6500,1.00569527E+2,
450.800,9.15579071E+1,
450.9500,1.07834198E+2,
451.100,1.30239975E+2,
451.2500,1.35015839E+2,
451.400,1.30261124E+2,
451.5500,1.65222565E+2,
451.700,1.38226089E+2,
451.8500,1.54126465E+2,
452.00,1.81152649E+2,
452.1500,2.12006790E+2,
452.300,2.25270981E+2,
452.4500,2.49406982E+2,
452.600,2.88964264E+2,
452.7500,2.37981140E+2,
452.900,2.16857864E+2,
453.0500,2.71287476E+2,
453.200,2.94054871E+2,
453.3500,2.66323181E+2,
453.500,3.50861084E+2,
453.6500,2.82561310E+2,
453.800,3.39093994E+2,
453.9500,3.54863861E+2,
454.100,3.52483734E+2,
454.2500,3.85167816E+2,
454.400,3.86871002E+2,
454.5500,4.40567505E+2,
454.700,3.84513123E+2,
454.8500,4.44662964E+2,
455.00,4.62976593E+2,
455.1500,4.62474518E+2,
455.300,4.99684113E+2,
455.4500,5.26689148E+2,
455.600,5.60223999E+2,
455.7500,5.91954773E+2,
455.900,5.66246582E+2,
456.0500,6.00202087E+2,
456.200,6.04148865E+2,
456.3500,6.42660095E+2,
456.500,6.01378479E+2,
456.6500,6.28938965E+2,
456.800,7.00516663E+2,
456.9500,6.90836731E+2,
457.100,7.61232544E+2,
457.2500,7.19451111E+2,
457.400,7.74903076E+2,
457.5500,6.69085327E+2,
457.700,8.12237244E+2,
457.8500,8.17489502E+2,
458.00,8.30162903E+2,
458.1500,8.54074463E+2,
458.300,8.17515869E+2,
458.4500,7.74033508E+2,
458.600,8.27125793E+2,
458.7500,8.32495789E+2,
458.900,8.59500366E+2,
459.0500,7.89290161E+2,
459.200,7.65177429E+2,
459.3500,7.93507751E+2,
459.500,8.52278320E+2,
459.6500,8.37671143E+2,
459.800,8.10360229E+2,
459.9500,8.36863098E+2,
460.100,9.13104309E+2,
460.2500,9.10316101E+2,
460.400,9.15613525E+2,
460.5500,9.92957092E+2,
460.700,9.17023865E+2,
460.8500,9.44977112E+2,
461.00,9.91926514E+2,
461.1500,9.98470337E+2,
461.300,1.03751465E+3,
461.4500,1.08524084E+3,
461.600,1.05691858E+3,
461.7500,1.07098730E+3,
461.900,1.15023108E+3,
462.0500,1.21482458E+3,
462.200,1.37726758E+3,
462.3500,1.36452795E+3,
462.500,1.36827551E+3,
462.6500,1.40144495E+3,
462.800,1.40510791E+3,
462.9500,1.37409277E+3,
463.100,1.30895105E+3,
463.2500,1.22811023E+3,
463.400,1.21544287E+3,
463.5500,1.15778564E+3,
463.700,1.13360339E+3,
463.8500,1.11702637E+3,
464.00,1.14422229E+3,
464.1500,1.09073816E+3,
464.300,1.15736975E+3,
464.4500,1.08611426E+3,
464.600,1.06270776E+3,
464.7500,1.08684827E+3,
464.900,1.12773132E+3,
465.0500,1.06357300E+3,
465.200,1.07846265E+3,
465.3500,1.10900354E+3,
465.500,1.09349365E+3,
465.6500,1.24382056E+3,
465.800,1.15217358E+3,
465.9500,1.13462122E+3,
466.100,1.21589124E+3,
466.2500,1.22348328E+3,
466.400,1.27864917E+3,
466.5500,1.40804944E+3,
466.700,1.52265430E+3,
466.8500,1.77087488E+3,
467.00,2.00916296E+3,
467.1500,2.20605444E+3,
467.300,2.31525073E+3,
467.4500,2.16076489E+3,
467.600,2.09163916E+3,
467.7500,1.92963379E+3,
467.900,1.84769092E+3,
468.0500,1.77217078E+3,
468.200,1.60630371E+3,
468.3500,1.54259705E+3,
468.500,1.49936829E+3,
468.6500,1.37493494E+3,
468.800,1.30861975E+3,
468.9500,1.30329395E+3,
469.100,1.40252258E+3,
469.2500,1.42371228E+3,
469.400,1.43273315E+3,
469.5500,1.44174585E+3,
469.700,1.42044189E+3,
469.8500,1.41229993E+3,
470.00,1.34566809E+3,
470.1500,1.36906653E+3,
470.300,1.38236584E+3,
470.4500,1.24259497E+3,
470.600,1.20966724E+3,
470.7500,1.27434363E+3,
470.900,1.22535925E+3,
471.0500,1.16846887E+3,
471.200,1.13487329E+3,
471.3500,1.15150244E+3,
471.500,1.16511035E+3,
471.6500,1.17168787E+3,
471.800,1.16622949E+3,
471.9500,1.19686353E+3,
472.100,1.21958875E+3,
472.2500,1.17323706E+3,
472.400,1.17598926E+3,
472.5500,1.15771057E+3,
472.700,1.28762842E+3,
472.8500,1.39947314E+3,
473.00,1.53829480E+3,
473.1500,1.60216479E+3,
473.300,1.83612537E+3,
473.4500,1.94897302E+3,
473.600,1.79869470E+3,
473.7500,1.59443640E+3,
473.900,1.41822925E+3,
474.0500,1.35211218E+3,
474.200,1.26308801E+3,
474.3500,1.29807324E+3,
474.500,1.33405762E+3,
474.6500,1.25803796E+3,
474.800,1.27102185E+3,
474.9500,1.24800537E+3,
475.100,1.23506372E+3,
475.2500,1.23815942E+3,
475.400,1.26926074E+3,
475.5500,1.31036938E+3,
475.700,1.35548511E+3,
475.8500,1.25654468E+3,
476.00,1.20061072E+3,
476.1500,1.36788525E+3,
476.300,1.28500903E+3,
476.4500,1.28318359E+3,
476.600,1.32540356E+3,
476.7500,1.39066162E+3,
476.900,1.31074341E+3,
477.0500,1.36003125E+3,
477.200,1.38437244E+3,
477.3500,1.34660266E+3,
477.500,1.45212341E+3,
477.6500,1.54165015E+3,
477.800,1.44473279E+3,
477.9500,1.44203564E+3,
478.100,1.61097925E+3,
478.2500,1.59445435E+3,
478.400,1.55282178E+3,
478.5500,1.58646631E+3,
478.700,1.51868396E+3,
478.8500,1.55635315E+3,
479.00,1.64831873E+3,
479.1500,1.56958899E+3,
479.300,1.62457764E+3,
479.4500,1.62526624E+3,
479.600,1.64709448E+3,
479.7500,1.58030371E+3,
479.900,1.64343774E+3,
480.0500,1.66127832E+3,
480.200,1.62370178E+3,
480.3500,1.83328369E+3,
480.500,1.89769348E+3,
480.6500,2.00659033E+3,
480.800,2.13780640E+3,
480.9500,2.13268213E+3,
481.100,2.07999829E+3,
481.2500,2.01005591E+3,
481.400,2.02101318E+3,
481.5500,2.13726953E+3,
481.700,2.01255701E+3,
481.8500,2.03060999E+3,
482.00,2.06996118E+3,
482.1500,1.97455664E+3,
482.300,2.03328247E+3,
482.4500,2.01491187E+3,
482.600,2.09299487E+3,
482.7500,2.09494507E+3,
482.900,2.15076343E+3,
483.0500,2.14162256E+3,
483.200,2.09497217E+3,
483.3500,2.02179712E+3,
483.500,2.01270715E+3,
483.6500,2.05557788E+3,
483.800,2.04546680E+3,
483.9500,2.00779346E+3,
484.100,1.94976746E+3,
484.2500,1.93257751E+3,
484.400,1.94193494E+3,
484.5500,1.97686511E+3,
484.700,1.95248059E+3,
484.8500,1.94649133E+3,
485.00,1.84213293E+3,
485.1500,1.91514343E+3,
485.300,1.77177527E+3,
485.4500,1.87767664E+3,
485.600,1.82037256E+3,
485.7500,1.81335815E+3,
485.900,1.83718872E+3,
486.0500,1.87650305E+3,
486.200,1.86954993E+3,
486.3500,1.81413501E+3,
486.500,1.83806140E+3,
486.6500,1.93736230E+3,
486.800,1.95106433E+3,
486.9500,2.02265771E+3,
487.100,2.12009961E+3,
487.2500,2.05100146E+3,
487.400,2.24688599E+3,
487.5500,2.37047339E+3,
487.700,2.47450488E+3,
487.8500,2.77469604E+3,
488.00,2.95795288E+3,
488.1500,3.10287427E+3,
488.300,3.26976538E+3,
488.4500,3.51375806E+3,
488.600,3.72888208E+3,
488.7500,3.62473535E+3,
488.900,3.61938794E+3,
489.0500,3.62664795E+3,
489.200,3.49966821E+3,
489.3500,3.32661938E+3,
489.500,3.38402490E+3,
489.6500,3.35793579E+3,
489.800,3.48961646E+3,
489.9500,3.48654834E+3,
490.100,3.67848120E+3,
490.2500,3.88973291E+3,
490.400,3.92940381E+3,
490.5500,4.23135303E+3,
490.700,4.52010254E+3,
490.8500,4.80822461E+3,
491.00,4.93696777E+3,
491.1500,5.12316455E+3,
491.300,5.43075977E+3,
491.4500,5.56283936E+3,
491.600,5.85967334E+3,
491.7500,5.91944336E+3,
491.900,6.12404443E+3,
492.0500,6.20736035E+3,
492.200,6.02728027E+3,
492.3500,5.64668652E+3,
492.500,5.57499219E+3,
492.6500,5.31961572E+3,
492.800,5.33668896E+3,
492.9500,5.12848389E+3,
493.100,4.91771826E+3,
493.2500,4.63418994E+3,
493.400,4.36192090E+3,
493.5500,4.35891162E+3,
493.700,4.34094678E+3,
493.8500,4.18734668E+3,
494.00,4.06661938E+3,
494.1500,3.76388721E+3,
494.300,3.82665430E+3,
494.4500,3.81775391E+3,
494.600,3.72309106E+3,
494.7500,3.79451221E+3,
494.900,3.72649829E+3,
495.0500,3.82168555E+3,
495.200,3.58280420E+3,
495.3500,3.66842432E+3,
495.500,3.61528076E+3,
495.6500,3.66871094E+3,
495.800,3.50763330E+3,
495.9500,3.77577930E+3,
496.100,3.57693848E+3,
496.2500,3.50108716E+3,
496.400,3.48351294E+3,
496.5500,3.49512915E+3,
496.700,3.36045801E+3,
496.8500,3.51079077E+3,
497.00,3.23476587E+3,
497.1500,3.30181323E+3,
497.300,3.31024512E+3,
497.4500,3.29364624E+3,
497.600,3.22471021E+3,
497.7500,3.11420264E+3,
497.900,3.44112964E+3,
498.0500,3.22247168E+3,
498.200,3.08545386E+3,
498.3500,3.21191211E+3,
498.500,3.11075586E+3,
498.6500,3.15192798E+3,
498.800,3.28204346E+3,
498.9500,3.05982861E+3,
499.100,3.07467651E+3,
499.2500,3.05324585E+3,
499.400,3.02735889E+3,
499.5500,2.94409717E+3,
499.700,2.87170728E+3,
499.8500,2.94051611E+3,
500.00,2.67124707E+3,
500.1500,2.65042456E+3,
500.300,2.62733960E+3,
500.4500,2.61417749E+3,
500.600,2.54995947E+3,
500.7500,2.40013599E+3,
500.900,2.42115161E+3,
501.0500,2.34543701E+3,
501.200,2.24508521E+3,
501.3500,2.21696191E+3,
501.500,2.25568311E+3,
501.6500,2.22303979E+3,
501.800,2.13336768E+3,
501.9500,2.12625830E+3,
502.100,2.02515247E+3,
502.2500,2.00449707E+3,
502.400,2.04544238E+3,
502.5500,1.91370081E+3,
502.700,1.97820081E+3,
502.8500,1.92819055E+3,
503.00,2.00067041E+3,
503.1500,1.89327344E+3,
503.300,1.90622473E+3,
503.4500,1.80192078E+3,
503.600,1.76062683E+3,
503.7500,1.78025171E+3,
503.900,1.80781909E+3,
504.0500,1.81395129E+3,
504.200,1.93226440E+3,
504.3500,1.86599878E+3,
504.500,1.80301038E+3,
504.6500,1.87732190E+3,
504.800,1.91993091E+3,
504.9500,1.95123254E+3,
505.100,1.84594409E+3,
505.2500,1.98438123E+3,
505.400,2.08085034E+3,
505.5500,2.17177441E+3,
505.700,2.05371118E+3,
505.8500,2.29689233E+3,
506.00,2.31266528E+3,
506.1500,2.44660376E+3,
506.300,2.58536963E+3,
506.4500,2.71290259E+3,
506.600,2.83836182E+3,
506.7500,3.07445996E+3,
506.900,3.19585596E+3,
507.0500,3.39476147E+3,
507.200,3.57693066E+3,
507.3500,3.82064185E+3,
507.500,3.87874316E+3,
507.6500,4.13245947E+3,
507.800,4.03924683E+3,
507.9500,4.17998926E+3,
508.100,4.03570068E+3,
508.2500,3.86213623E+3,
508.400,3.65215381E+3,
508.5500,3.42775879E+3,
508.700,3.37416284E+3,
508.8500,3.08951563E+3,
509.00,3.01792676E+3,
509.1500,2.78718042E+3,
509.300,2.64837915E+3,
509.4500,2.53154346E+3,
509.600,2.55159961E+3,
509.7500,2.42620605E+3,
509.900,2.38981055E+3,
510.0500,2.38385498E+3,
510.200,2.31308643E+3,
510.3500,2.37760547E+3,
510.500,2.26189404E+3,
510.6500,2.37483667E+3,
510.800,2.22583374E+3,
510.9500,2.29992871E+3,
511.100,2.25232739E+3,
511.2500,2.26857910E+3,
511.400,2.16515820E+3,
511.5500,2.10898828E+3,
511.700,2.01946790E+3,
511.8500,1.87274084E+3,
512.00,1.68530701E+3,
512.1500,1.67263696E+3,
512.300,1.56937146E+3,
512.4500,1.53150574E+3,
512.600,1.52340881E+3,
512.7500,1.40534875E+3,
512.900,1.42820605E+3,
513.0500,1.25357886E+3,
513.200,1.29679260E+3,
513.3500,1.32929016E+3,
513.500,1.30420288E+3,
513.6500,1.22376331E+3,
513.800,1.26348914E+3,
513.9500,1.12743042E+3,
514.100,1.02730017E+3,
514.2500,1.16354761E+3,
514.400,1.10675342E+3,
514.5500,1.11272961E+3,
514.700,1.02185651E+3,
514.8500,1.03986938E+3,
515.00,9.52366150E+2,
515.1500,1.02012878E+3,
515.300,9.84692139E+2,
515.4500,9.22408936E+2,
515.600,9.81808289E+2,
515.7500,9.80355713E+2,
515.900,9.48382690E+2,
516.0500,8.85798828E+2,
516.200,8.95250122E+2,
516.3500,9.31649536E+2,
516.500,9.70569092E+2,
516.6500,8.39053467E+2,
516.800,9.58992310E+2,
516.9500,8.91111145E+2,
517.100,8.67406677E+2,
517.2500,8.52283447E+2,
517.400,8.79044067E+2,
517.5500,8.83640381E+2,
517.700,8.32651001E+2,
517.8500,8.84195374E+2,
518.00,8.76421936E+2,
518.1500,8.37676392E+2,
518.300,8.22414856E+2,
518.4500,8.20778259E+2,
518.600,8.17891724E+2,
518.7500,7.57759399E+2,
518.900,8.20809875E+2,
519.0500,8.16669983E+2,
519.200,7.87581177E+2,
519.3500,7.80917480E+2,
519.500,7.82991882E+2,
519.6500,7.81311462E+2,
519.800,7.52048645E+2,
519.9500,7.62873108E+2,
520.100,8.03884766E+2,
520.2500,7.44398682E+2,
520.400,8.04365906E+2,
520.5500,7.52305542E+2,
520.700,7.21576294E+2,
520.8500,7.91805542E+2,
521.00,7.57253418E+2,
521.1500,7.36536804E+2,
521.300,8.00652100E+2,
521.4500,7.13985840E+2,
521.600,7.89631653E+2,
521.7500,7.52328369E+2,
521.900,8.48520264E+2,
522.0500,8.07374023E+2,
522.200,7.31721924E+2,
522.3500,7.73310486E+2,
522.500,7.95820679E+2,
522.6500,7.81291687E+2,
522.800,7.85929321E+2,
522.9500,8.09794128E+2,
523.100,7.78581299E+2,
523.2500,7.43461914E+2,
523.400,7.82818665E+2,
523.5500,8.32549866E+2,
523.700,7.61298096E+2,
523.8500,7.50498718E+2,
524.00,8.27453247E+2,
524.1500,8.28343018E+2,
524.300,7.85246094E+2,
524.4500,8.53427490E+2,
524.600,8.01184082E+2,
524.7500,7.64399719E+2,
524.900,8.39262817E+2,
525.0500,9.16871765E+2,
525.200,8.55320068E+2,
525.3500,8.35340637E+2,
525.500,8.49234619E+2,
525.6500,8.76212341E+2,
525.800,8.90168823E+2,
525.9500,8.76673096E+2,
526.100,8.99846069E+2,
526.2500,8.99474976E+2,
526.400,9.24038269E+2,
526.5500,8.85580383E+2,
526.700,9.36479004E+2,
526.8500,9.62462769E+2,
527.00,9.63454651E+2,
527.1500,9.65871887E+2,
527.300,9.39227600E+2,
527.4500,1.06063892E+3,
527.600,9.85046082E+2,
527.7500,1.09749646E+3,
527.900,1.14915540E+3,
528.0500,1.02956860E+3,
528.200,1.12918652E+3,
528.3500,1.05193286E+3,
528.500,1.14779858E+3,
528.6500,1.09840588E+3,
528.800,1.13173633E+3,
528.9500,1.10360510E+3,
529.100,1.17582764E+3,
529.2500,1.07256543E+3,
529.400,1.20529553E+3,
529.5500,1.25903723E+3,
529.700,1.21873206E+3,
529.8500,1.35878503E+3,
530.00,1.33197131E+3,
530.1500,1.26458313E+3,
530.300,1.32134094E+3,
530.4500,1.26731079E+3,
530.600,1.36480359E+3,
530.7500,1.36355420E+3,
530.900,1.51019617E+3,
531.0500,1.33387390E+3,
531.200,1.42234558E+3,
531.3500,1.41843665E+3,
531.500,1.50172852E+3,
531.6500,1.27961462E+3,
531.800,1.41891626E+3,
531.9500,1.44504150E+3,
532.100,1.55475427E+3,
532.2500,1.54415845E+3,
532.400,1.50061328E+3,
532.5500,1.42538025E+3,
532.700,1.47370044E+3,
532.8500,1.54138855E+3,
533.00,1.51002112E+3,
533.1500,1.43451013E+3,
533.300,1.51486169E+3,
533.4500,1.53456287E+3,
533.600,1.44772888E+3,
533.7500,1.45214307E+3,
533.900,1.42881799E+3,
534.0500,1.45960229E+3,
534.200,1.43624255E+3,
534.3500,1.39611963E+3,
534.500,1.42557593E+3,
534.6500,1.43277173E+3,
534.800,1.33382935E+3,
534.9500,1.36469690E+3,
535.100,1.35082483E+3,
535.2500,1.41819177E+3,
535.400,1.41415381E+3,
535.5500,1.52245837E+3,
535.700,1.51007935E+3,
535.8500,1.44136279E+3,
536.00,1.51622034E+3,
536.1500,1.46711853E+3,
536.300,1.50545996E+3,
536.4500,1.56650269E+3,
536.600,1.53425903E+3,
536.7500,1.61104150E+3,
536.900,1.66245410E+3,
537.0500,1.56347107E+3,
537.200,1.60789355E+3,
537.3500,1.62394446E+3,
537.500,1.63147559E+3,
537.6500,1.57625281E+3,
537.800,1.65656531E+3,
537.9500,1.65842102E+3,
538.100,1.59158069E+3,
538.2500,1.52172253E+3,
538.400,1.49330261E+3,
538.5500,1.56820996E+3,
538.700,1.46500610E+3,
538.8500,1.43496985E+3,
539.00,1.44520593E+3,
539.1500,1.52760815E+3,
539.300,1.47155261E+3,
539.4500,1.40380151E+3,
539.600,1.39089185E+3,
539.7500,1.39388623E+3,
539.900,1.31129980E+3,
540.0500,1.36940967E+3,
540.200,1.35646143E+3,
540.3500,1.36676538E+3,
540.500,1.30859778E+3,
540.6500,1.23424304E+3,
540.800,1.36127258E+3,
540.9500,1.35406116E+3,
541.100,1.26486780E+3,
541.2500,1.25608386E+3,
541.400,1.36906775E+3,
541.5500,1.34421338E+3,
541.700,1.34430066E+3,
541.8500,1.34879968E+3,
542.00,1.31792285E+3,
542.1500,1.28549731E+3,
542.300,1.43030029E+3,
542.4500,1.25886621E+3,
542.600,1.37730383E+3,
542.7500,1.41446045E+3,
542.900,1.37005750E+3,
543.0500,1.37755933E+3,
543.200,1.37466199E+3,
543.3500,1.29877039E+3,
543.500,1.29129285E+3,
543.6500,1.34051953E+3,
543.800,1.37341150E+3,
543.9500,1.33007031E+3,
544.100,1.33454968E+3,
544.2500,1.26855505E+3,
544.400,1.30148474E+3,
544.5500,1.32245850E+3,
544.700,1.23816370E+3,
544.8500,1.27265991E+3,
545.00,1.25747107E+3,
545.1500,1.32832251E+3,
545.300,1.25878979E+3,
545.4500,1.28743250E+3,
545.600,1.27675586E+3,
545.7500,1.27817981E+3,
545.900,1.29326416E+3,
546.0500,1.15036865E+3,
546.200,1.26280383E+3,
546.3500,1.30695398E+3,
546.500,1.34967859E+3,
546.6500,1.29325317E+3,
546.800,1.22751611E+3,
546.9500,1.20294287E+3,
547.100,1.28561963E+3,
547.2500,1.26726318E+3,
547.400,1.27343420E+3,
547.5500,1.25961987E+3,
547.700,1.29966357E+3,
547.8500,1.23341736E+3,
548.00,1.27969067E+3,
548.1500,1.21479907E+3,
548.300,1.28591626E+3,
548.4500,1.29058289E+3,
548.600,1.27508875E+3,
548.7500,1.19587561E+3,
548.900,1.32638611E+3,
549.0500,1.40426624E+3,
549.200,1.27812708E+3,
549.3500,1.50124316E+3,
549.500,1.35459583E+3,
549.6500,1.29519385E+3,
549.800,1.31708142E+3,
549.9500,1.31549792E+3,
550.100,1.37198474E+3,
550.2500,1.36573376E+3,
550.400,1.31697974E+3,
550.5500,1.51700098E+3,
550.700,1.47303027E+3,
550.8500,1.47947705E+3,
551.00,1.48119080E+3,
551.1500,1.57945154E+3,
551.300,1.53216345E+3,
551.4500,1.49745154E+3,
551.600,1.52935388E+3,
551.7500,1.48659607E+3,
551.900,1.50899792E+3,
552.0500,1.61592688E+3,
552.200,1.44233850E+3,
552.3500,1.54148694E+3,
552.500,1.64726062E+3,
552.6500,1.49869299E+3,
552.800,1.37541675E+3,
552.9500,1.41073511E+3,
553.100,1.54099353E+3,
553.2500,1.41417883E+3,
553.400,1.39014026E+3,
553.5500,1.43861145E+3,
553.700,1.39354028E+3,
553.8500,1.35967017E+3,
554.00,1.38560364E+3,
554.1500,1.33381970E+3,
554.300,1.29326074E+3,
554.4500,1.32570752E+3,
554.600,1.25737683E+3,
554.7500,1.27030505E+3,
554.900,1.29630432E+3,
555.0500,1.33052063E+3,
555.200,1.30596826E+3,
555.3500,1.24534888E+3,
555.500,1.37791309E+3,
555.6500,1.22208301E+3,
555.800,1.36477942E+3,
555.9500,1.26281311E+3,
556.100,1.25444934E+3,
556.2500,1.23288208E+3,
556.400,1.20630774E+3,
556.5500,1.25070813E+3,
556.700,1.24724023E+3,
556.8500,1.21394824E+3,
557.00,1.26845190E+3,
557.1500,1.24176086E+3,
557.300,1.39284473E+3,
557.4500,1.25639819E+3,
557.600,1.29955713E+3,
557.7500,1.25774182E+3,
557.900,1.25590405E+3,
558.0500,1.26410266E+3,
558.200,1.30415540E+3,
558.3500,1.26719604E+3,
558.500,1.20664575E+3,
558.6500,1.23835889E+3,
558.800,1.30883606E+3,
558.9500,1.33400317E+3,
559.100,1.25807410E+3,
559.2500,1.25963977E+3,
559.400,1.27134875E+3,
559.5500,1.20183008E+3,
559.700,1.25077222E+3,
559.8500,1.15559290E+3,
560.00,1.21987976E+3,
560.1500,1.18906311E+3,
560.300,1.14794568E+3,
560.4500,1.07773376E+3,
560.600,1.01758917E+3,
560.7500,1.09575879E+3,
560.900,9.82423401E+2,
561.0500,1.09842749E+3,
561.200,9.29897217E+2,
561.3500,9.68803650E+2,
561.500,1.00092053E+3,
561.6500,9.21190674E+2,
561.800,9.37804688E+2,
561.9500,8.92321106E+2,
562.100,9.29677307E+2,
562.2500,8.63317627E+2,
562.400,9.83869568E+2,
562.5500,8.25494141E+2,
562.700,9.77535706E+2,
562.8500,8.30936890E+2,
563.00,8.19739807E+2,
563.1500,7.56301147E+2,
563.300,8.20070801E+2,
563.4500,7.56465515E+2,
563.600,7.48671936E+2,
563.7500,7.05827209E+2,
563.900,7.52307312E+2,
564.0500,8.05948730E+2,
564.200,7.15603760E+2,
564.3500,7.65860413E+2,
564.500,7.08708252E+2,
564.6500,7.30839539E+2,
564.800,7.86611633E+2,
564.9500,7.73499329E+2,
565.100,7.72740723E+2,
565.2500,7.09857178E+2,
565.400,7.21439453E+2,
565.5500,6.88567017E+2,
565.700,6.59170471E+2,
565.8500,7.52779968E+2,
566.00,7.34101196E+2,
566.1500,6.88482971E+2,
566.300,7.08997437E+2,
566.4500,6.93708008E+2,
566.600,7.42987122E+2,
566.7500,7.63631836E+2,
566.900,7.17763489E+2,
567.0500,6.53772949E+2,
567.200,6.70770508E+2,
567.3500,7.05858093E+2,
567.500,6.59693359E+2,
567.6500,6.74941162E+2,
567.800,7.55439209E+2,
567.9500,6.31173157E+2,
568.100,6.24678711E+2,
568.2500,5.87274109E+2,
568.400,6.64462402E+2,
568.5500,6.10604797E+2,
568.700,6.84358887E+2,
568.8500,6.90685730E+2,
569.00,6.64095276E+2,
569.1500,7.03415039E+2,
569.300,7.11651794E+2,
569.4500,7.14397827E+2,
569.600,7.77829590E+2,
569.7500,7.29107788E+2,
569.900,7.94557861E+2,
570.0500,7.78939087E+2,
570.200,7.13354492E+2,
570.3500,7.32721924E+2,
570.500,7.70658875E+2,
570.6500,7.56751282E+2,
570.800,7.83660889E+2,
570.9500,7.69729614E+2,
571.100,7.79931580E+2,
571.2500,7.13734192E+2,
571.400,6.84697083E+2,
571.5500,7.13491882E+2,
571.700,7.38610352E+2,
571.8500,7.50679138E+2,
572.00,7.12170837E+2,
572.1500,7.80558228E+2,
572.300,6.51855835E+2,
572.4500,7.91796509E+2,
572.600,6.68448914E+2,
572.7500,7.05048401E+2,
572.900,7.20970154E+2,
573.0500,8.37091736E+2,
573.200,7.20823669E+2,
573.3500,7.33075317E+2,
573.500,6.67594788E+2,
573.6500,7.27278809E+2,
573.800,6.44514038E+2,
573.9500,7.17635620E+2,
574.100,7.26137573E+2,
574.2500,7.40384338E+2,
574.400,7.22184326E+2,
574.5500,7.57496826E+2,
574.700,7.23946167E+2,
574.8500,7.78517212E+2,
575.00,6.93068481E+2,
575.1500,7.76569763E+2,
575.300,8.14082275E+2,
575.4500,8.40122742E+2,
575.600,7.90983154E+2,
575.7500,8.22847290E+2,
575.900,7.96768616E+2,
576.0500,8.96486633E+2,
576.200,8.45247253E+2,
576.3500,7.53116821E+2,
576.500,9.01739441E+2,
576.6500,9.14518738E+2,
576.800,8.57191345E+2,
576.9500,8.25078430E+2,
577.100,9.08092102E+2,
577.2500,9.09175354E+2,
577.400,9.70942261E+2,
577.5500,9.15259583E+2,
577.700,1.03603992E+3,
577.8500,1.09227368E+3,
578.00,1.02275891E+3,
578.1500,1.02588977E+3,
578.300,1.09999060E+3,
578.4500,1.14268005E+3,
578.600,1.13409192E+3,
578.7500,1.04833862E+3,
578.900,1.13664856E+3,
579.0500,1.04276904E+3,
579.200,1.22851831E+3,
579.3500,1.15638269E+3,
579.500,1.09800537E+3,
579.6500,1.15897595E+3,
579.800,1.08650745E+3,
579.9500,1.09570288E+3,
580.100,1.14290747E+3,
580.2500,1.09021155E+3,
580.400,1.09546912E+3,
580.5500,1.04258972E+3,
580.700,1.16020496E+3,
580.8500,1.27004663E+3,
581.00,1.25137598E+3,
581.1500,1.16826074E+3,
581.300,1.14544238E+3,
581.4500,1.22149854E+3,
581.600,1.21687390E+3,
581.7500,1.24663843E+3,
581.900,1.31091345E+3,
582.0500,1.25769568E+3,
582.200,1.29983496E+3,
582.3500,1.24649927E+3,
582.500,1.31518396E+3,
582.6500,1.22707813E+3,
582.800,1.41426062E+3,
582.9500,1.28110181E+3,
583.100,1.33379443E+3,
583.2500,1.29035535E+3,
583.400,1.36164429E+3,
583.5500,1.32428296E+3,
583.700,1.45744531E+3,
583.8500,1.44891406E+3,
584.00,1.55368994E+3,
584.1500,1.43386035E+3,
584.300,1.42114453E+3,
584.4500,1.48284668E+3,
584.600,1.42459607E+3,
584.7500,1.59217151E+3,
584.900,1.54012927E+3,
585.0500,1.64588721E+3,
585.200,1.61039917E+3,
585.3500,1.64356226E+3,
585.500,1.53706555E+3,
585.6500,1.64120386E+3,
585.800,1.64523730E+3,
585.9500,1.59485864E+3,
586.100,1.71195813E+3,
586.2500,1.73700183E+3,
586.400,1.85660889E+3,
586.5500,1.85663220E+3,
586.700,1.83770544E+3,
586.8500,1.85877039E+3,
587.00,1.94528235E+3,
587.1500,1.88411487E+3,
587.300,1.90950049E+3,
587.4500,2.04502271E+3,
587.600,2.10242603E+3,
587.7500,2.15995166E+3,
587.900,2.28344824E+3,
588.0500,2.20307935E+3,
588.200,2.12680640E+3,
588.3500,2.24217285E+3,
588.500,2.31725195E+3,
588.6500,2.39676709E+3,
588.800,2.12358911E+3,
588.9500,2.37860938E+3,
589.100,2.44781299E+3,
589.2500,2.34124731E+3,
589.400,2.50083643E+3,
589.5500,2.45859521E+3,
589.700,2.40117480E+3,
589.8500,2.48806519E+3,
590.00,2.53629639E+3,
590.1500,2.70808594E+3,
590.300,2.72665283E+3,
590.4500,2.89693188E+3,
590.600,2.84200391E+3,
590.7500,3.09972388E+3,
590.900,2.92092285E+3,
591.0500,3.00737061E+3,
591.200,3.26636523E+3,
591.3500,3.16577148E+3,
591.500,3.25946997E+3,
591.6500,3.41687769E+3,
591.800,3.33577734E+3,
591.9500,3.69116846E+3,
592.100,3.77264038E+3,
592.2500,3.68263159E+3,
592.400,3.87652637E+3,
592.5500,4.05984790E+3,
592.700,3.86384326E+3,
592.8500,4.19125684E+3,
593.00,4.31804248E+3,
593.1500,4.22355957E+3,
593.300,4.26416504E+3,
593.4500,4.56697070E+3,
593.600,4.36564941E+3,
593.7500,4.41989258E+3,
593.900,4.52552783E+3,
594.0500,4.35031689E+3,
594.200,4.41856250E+3,
594.3500,4.58095898E+3,
594.500,4.73479834E+3,
594.6500,4.72523242E+3,
594.800,4.54712500E+3,
594.9500,4.74871240E+3,
595.100,4.38336035E+3,
595.2500,4.63962451E+3,
595.400,4.53971094E+3,
595.5500,4.68602051E+3,
595.700,4.60398389E+3,
595.8500,4.71219092E+3,
596.00,4.79796387E+3,
596.1500,4.92483984E+3,
596.300,4.77427002E+3,
596.4500,5.07923486E+3,
596.600,4.78005957E+3,
596.7500,5.17037354E+3,
596.900,5.06504004E+3,
597.0500,5.13355762E+3,
597.200,5.27562695E+3,
597.3500,5.38128125E+3,
597.500,5.34224463E+3,
597.6500,5.52194189E+3,
597.800,5.52446729E+3,
597.9500,5.70020850E+3,
598.100,5.42308447E+3,
598.2500,5.84915576E+3,
598.400,5.64102002E+3,
598.5500,5.82001855E+3,
598.700,5.71587549E+3,
598.8500,6.11649707E+3,
599.00,6.18720215E+3,
599.1500,6.25596777E+3,
599.300,6.21974268E+3,
599.4500,6.43607910E+3,
599.600,6.40229492E+3,
599.7500,6.58889160E+3,
599.900,6.45888281E+3,
600.0500,6.27468408E+3,
600.200,6.58979736E+3,
600.3500,6.48831982E+3,
600.500,6.58020166E+3,
600.6500,6.54933301E+3,
600.800,6.70309375E+3,
600.9500,6.70546826E+3,
601.100,6.69889893E+3,
601.2500,6.81152930E+3,
601.400,6.85538184E+3,
601.5500,6.75852979E+3,
601.700,7.10593018E+3,
601.8500,7.08332227E+3,
602.00,7.41784180E+3,
602.1500,7.58063184E+3,
602.300,7.48415234E+3,
602.4500,7.86426807E+3,
602.600,7.48320996E+3,
602.7500,7.85718457E+3,
602.900,8.34118164E+3,
603.0500,8.38302832E+3,
603.200,8.37626758E+3,
603.3500,8.64899512E+3,
603.500,8.88112305E+3,
603.6500,8.99688965E+3,
603.800,9.12516504E+3,
603.9500,9.29048438E+3,
604.100,9.43651367E+3,
604.2500,9.55833203E+3,
604.400,9.99734961E+3,
604.5500,1.01719307E+4,
604.700,9.93311816E+3,
604.8500,1.02437432E+4,
605.00,1.04564082E+4,
605.1500,1.09370098E+4,
605.300,1.04550029E+4,
605.4500,1.07954795E+4,
605.600,1.08610332E+4,
605.7500,1.13648027E+4,
605.900,1.15260283E+4,
606.0500,1.16105420E+4,
606.200,1.19258066E+4,
606.3500,1.14106582E+4,
606.500,1.24637744E+4,
606.6500,1.22240654E+4,
606.800,1.27809590E+4,
606.9500,1.29465039E+4,
607.100,1.24945996E+4,
607.2500,1.29182637E+4,
607.400,1.32267725E+4,
607.5500,1.33004209E+4,
607.700,1.33564922E+4,
607.8500,1.37661064E+4,
608.00,1.32881641E+4,
608.1500,1.39282627E+4,
608.300,1.40976875E+4,
608.4500,1.45182988E+4,
608.600,1.45993594E+4,
608.7500,1.49115586E+4,
608.900,1.47389297E+4,
609.0500,1.51939805E+4,
609.200,1.53312324E+4,
609.3500,1.51331797E+4,
609.500,1.47301475E+4,
609.6500,1.53618408E+4,
609.800,1.51549287E+4,
609.9500,1.55423154E+4,
610.100,1.54578311E+4,
610.2500,1.63325166E+4,
610.400,1.63275439E+4,
610.5500,1.67931563E+4,
610.700,1.67782969E+4,
610.8500,1.70702422E+4,
611.00,1.76336992E+4,
611.1500,1.67644121E+4,
611.300,1.75291953E+4,
611.4500,1.73432676E+4,
611.600,1.74343262E+4,
611.7500,1.76898145E+4,
611.900,1.80813477E+4,
612.0500,1.75466074E+4,
612.200,1.75208086E+4,
612.3500,1.70817266E+4,
612.500,1.66198516E+4,
612.6500,1.66912012E+4,
612.800,1.65270410E+4,
612.9500,1.66734316E+4,
613.100,1.60416748E+4,
613.2500,1.61586924E+4,
613.400,1.57101445E+4,
613.5500,1.57054150E+4,
613.700,1.50734736E+4,
613.8500,1.53464814E+4,
614.00,1.45518271E+4,
614.1500,1.50269785E+4,
614.300,1.48261279E+4,
614.4500,1.49815977E+4,
614.600,1.49873623E+4,
614.7500,1.48809727E+4,
614.900,1.46646191E+4,
615.0500,1.46836133E+4,
615.200,1.41066719E+4,
615.3500,1.37479297E+4,
615.500,1.42151807E+4,
615.6500,1.39713154E+4,
615.800,1.38980898E+4,
615.9500,1.40573896E+4,
616.100,1.39063066E+4,
616.2500,1.36128682E+4,
616.400,1.34465234E+4,
616.5500,1.35139395E+4,
616.700,1.35815430E+4,
616.8500,1.35681123E+4,
617.00,1.34508105E+4,
617.1500,1.36061455E+4,
617.300,1.33172813E+4,
617.4500,1.32613711E+4,
617.600,1.29933975E+4,
617.7500,1.28715479E+4,
617.900,1.33103213E+4,
618.0500,1.27459277E+4,
618.200,1.25014238E+4,
618.3500,1.24639453E+4,
618.500,1.24576758E+4,
618.6500,1.24513359E+4,
618.800,1.24391729E+4,
618.9500,1.22432959E+4,
619.100,1.23833428E+4,
619.2500,1.27025801E+4,
619.400,1.22814932E+4,
619.5500,1.25553438E+4,
619.700,1.26709072E+4,
619.8500,1.26678906E+4,
620.00,1.25224082E+4,
620.1500,1.24404873E+4,
620.300,1.27577842E+4,
620.4500,1.28365918E+4,
620.600,1.27780381E+4,
620.7500,1.27368076E+4,
620.900,1.25396650E+4,
621.0500,1.26742178E+4,
621.200,1.23224619E+4,
621.3500,1.23533955E+4,
621.500,1.17599893E+4,
621.6500,1.18551504E+4,
621.800,1.18763369E+4,
621.9500,1.15494727E+4,
622.100,1.15341777E+4,
622.2500,1.10768262E+4,
622.400,1.10066387E+4,
622.5500,1.02799746E+4,
622.700,1.04691699E+4,
622.8500,1.04845889E+4,
623.00,1.06144785E+4,
623.1500,1.02350566E+4,
623.300,1.01595293E+4,
623.4500,9.77180371E+3,
623.600,9.58589746E+3,
623.7500,9.15617969E+3,
623.900,9.24852051E+3,
624.0500,9.31689648E+3,
624.200,8.99168164E+3,
624.3500,9.10599316E+3,
624.500,8.79138477E+3,
624.6500,9.02548438E+3,
624.800,8.52792480E+3,
624.9500,8.71915820E+3,
625.100,8.42952246E+3,
625.2500,8.69906738E+3,
625.400,8.42391113E+3,
625.5500,7.98614990E+3,
625.700,8.18469727E+3,
625.8500,8.14386865E+3,
626.00,8.01226416E+3,
626.1500,8.39361035E+3,
626.300,8.04890723E+3,
626.4500,8.17409473E+3,
626.600,7.92831934E+3,
626.7500,7.97799463E+3,
626.900,7.80351416E+3,
627.0500,7.49222461E+3,
627.200,7.83301514E+3,
627.3500,7.82555469E+3,
627.500,7.72253516E+3,
627.6500,7.42136670E+3,
627.800,7.41298047E+3,
627.9500,7.27648877E+3,
628.100,7.34801758E+3,
628.2500,7.52587891E+3,
628.400,7.30838232E+3,
628.5500,6.97389307E+3,
628.700,6.98714502E+3,
628.8500,6.85794092E+3,
629.00,6.97476563E+3,
629.1500,6.80617041E+3,
629.300,6.77366064E+3,
629.4500,6.74100635E+3,
629.600,6.59050293E+3,
629.7500,6.34113037E+3,
629.900,6.31721094E+3,
630.0500,6.24060596E+3,
630.200,6.41745605E+3,
630.3500,6.42331934E+3,
630.500,6.19105908E+3,
630.6500,6.26603955E+3,
630.800,5.90302734E+3,
630.9500,6.45669727E+3,
631.100,6.56937305E+3,
631.2500,6.35192725E+3,
631.400,6.42806250E+3,
631.5500,6.39716943E+3,
631.700,6.32582275E+3,
631.8500,6.27435547E+3,
632.00,6.51608301E+3,
632.1500,6.53576709E+3,
632.300,6.68077686E+3,
632.4500,6.37170264E+3,
632.600,6.80926709E+3,
632.7500,6.23687402E+3,
632.900,6.68950439E+3,
633.0500,6.54880664E+3,
633.200,6.89743164E+3,
633.3500,6.78047803E+3,
633.500,6.99670361E+3,
633.6500,6.96559424E+3,
633.800,6.41631934E+3,
633.9500,6.77834375E+3,
634.100,6.61136230E+3,
634.2500,6.37424414E+3,
634.400,6.35892480E+3,
634.5500,6.68177979E+3,
634.700,6.69140576E+3,
634.8500,6.44545703E+3,
635.00,6.23008594E+3,
635.1500,6.37624561E+3,
635.300,6.14609082E+3,
635.4500,6.44437354E+3,
635.600,6.25934473E+3,
635.7500,6.37828125E+3,
635.900,6.21717236E+3,
636.0500,6.06616016E+3,
636.200,6.03238379E+3,
636.3500,5.74120410E+3,
636.500,5.62779199E+3,
636.6500,5.79729443E+3,
636.800,5.76615137E+3,
636.9500,5.89696582E+3,
637.100,5.30623193E+3,
637.2500,5.78002930E+3,
637.400,5.26627393E+3,
637.5500,5.37505908E+3,
637.700,5.38601416E+3,
637.8500,5.13807471E+3,
638.00,5.01699219E+3,
638.1500,5.15509326E+3,
638.300,4.90118018E+3,
638.4500,5.07998584E+3,
638.600,5.09742188E+3,
638.7500,4.99311963E+3,
638.900,4.91057275E+3,
639.0500,4.80183545E+3,
639.200,4.75966064E+3,
639.3500,4.62428516E+3,
639.500,5.27491211E+3,
639.6500,4.79633301E+3,
639.800,4.99701416E+3,
639.9500,4.70339893E+3,
640.100,4.70574854E+3,
640.2500,4.59522803E+3,
640.400,4.86545215E+3,
640.5500,4.45971191E+3,
640.700,4.30998779E+3,
640.8500,4.96873486E+3,
641.00,4.53009668E+3,
641.1500,4.44816504E+3,
641.300,4.72904541E+3,
641.4500,4.70844043E+3,
641.600,4.62245654E+3,
641.7500,4.37064893E+3,
641.900,4.26426514E+3,
642.0500,4.37374805E+3,
642.200,4.35971631E+3,
642.3500,4.22920361E+3,
642.500,4.09423438E+3,
642.6500,3.92751123E+3,
642.800,4.06071338E+3,
642.9500,3.79535791E+3,
643.100,3.49354883E+3,
643.2500,3.48119849E+3,
643.400,3.52390625E+3,
643.5500,3.21956567E+3,
643.700,3.57026636E+3,
643.8500,3.35188330E+3,
644.00,3.11669043E+3,
644.1500,3.37782715E+3,
644.300,2.90246094E+3,
644.4500,3.10028760E+3,
644.600,3.16680835E+3,
644.7500,2.92066504E+3,
644.900,2.72976636E+3,
645.0500,2.96515820E+3,
645.200,2.60817041E+3,
645.3500,2.90510107E+3,
645.500,2.65184326E+3,
645.6500,2.60066113E+3,
645.800,2.71620728E+3,
645.9500,2.55472803E+3,
646.100,2.46623560E+3,
646.2500,2.51264722E+3,
646.400,2.60033350E+3,
646.5500,2.61016797E+3,
646.700,2.42198364E+3,
646.8500,2.60098389E+3,
647.00,2.72274121E+3,
647.1500,2.56251685E+3,
647.300,2.44320483E+3,
647.4500,2.33587695E+3,
647.600,2.44544531E+3,
647.7500,2.45912402E+3,
647.900,2.37628979E+3,
648.0500,2.38561597E+3,
648.200,2.35274390E+3,
648.3500,2.33662280E+3,
648.500,2.32042212E+3,
648.6500,2.37628101E+3,
648.800,2.42811255E+3,
648.9500,2.35231079E+3,
649.100,2.34453394E+3,
649.2500,2.37952515E+3,
649.400,2.14874561E+3,
649.5500,2.24361938E+3,
649.700,2.14075171E+3,
649.8500,2.23168018E+3,
650.00,1.92933521E+3,
650.1500,2.05503394E+3,
650.300,2.12045020E+3,
650.4500,1.97275964E+3,
650.600,1.96843164E+3,
650.7500,1.95095142E+3,
650.900,1.80186340E+3,
651.0500,1.97288062E+3,
651.200,2.24160547E+3,
651.3500,2.28643286E+3,
651.500,2.38011719E+3,
651.6500,2.66045044E+3,
651.800,2.53762695E+3,
651.9500,2.73493970E+3,
652.100,3.03575952E+3,
652.2500,3.19918359E+3,
652.400,3.26467285E+3,
652.5500,3.11470142E+3,
652.700,3.25684058E+3,
652.8500,3.21901489E+3,
653.00,3.18552808E+3,
653.1500,2.98860010E+3,
653.300,2.67259473E+3,
653.4500,2.64214844E+3,
653.600,2.25543262E+3,
653.7500,2.25591943E+3,
653.900,2.07295264E+3,
654.0500,2.22012549E+3,
654.200,2.19294507E+3,
654.3500,2.05019116E+3,
654.500,2.11503906E+3,
654.6500,2.17089795E+3,
654.800,2.05032764E+3,
654.9500,2.05035303E+3,
655.100,2.10176733E+3,
655.2500,2.01297974E+3,
655.400,2.22407104E+3,
655.5500,1.99874963E+3,
655.700,1.98449878E+3,
655.8500,1.84260791E+3,
656.00,1.81844189E+3,
656.1500,1.86534229E+3,
656.300,2.05041113E+3,
656.4500,1.80240857E+3,
656.600,1.98338794E+3,
656.7500,1.89693750E+3,
656.900,1.74286353E+3,
657.0500,1.83832617E+3,
657.200,1.87637183E+3,
657.3500,1.75987219E+3,
657.500,1.66705127E+3,
657.6500,1.75351318E+3,
657.800,1.90366150E+3,
657.9500,1.59089661E+3,
658.100,1.85388452E+3,
658.2500,1.66213501E+3,
658.400,1.62182593E+3,
658.5500,1.56653857E+3,
658.700,1.62455249E+3,
658.8500,1.80657080E+3,
659.00,1.69176904E+3,
659.1500,1.68083252E+3,
659.300,1.39069836E+3,
659.4500,1.37398706E+3,
659.600,1.60759473E+3,
659.7500,1.38548706E+3,
659.900,1.54976794E+3,
660.0500,1.40717004E+3,
660.200,1.50152832E+3,
660.3500,1.44429846E+3,
660.500,1.34106982E+3,
660.6500,1.30862915E+3,
660.800,1.27092200E+3,
660.9500,1.42744714E+3,
661.100,1.34372485E+3,
661.2500,1.44984009E+3,
661.400,1.20085229E+3,
661.5500,1.43628735E+3,
661.700,1.43980750E+3,
661.8500,1.56275073E+3,
662.00,1.40524133E+3,
662.1500,1.62785059E+3,
662.300,1.40174011E+3,
662.4500,1.62542725E+3,
662.600,1.54009375E+3,
662.7500,1.47013708E+3,
662.900,1.42095703E+3,
663.0500,1.50389233E+3,
663.200,1.43325000E+3,
663.3500,1.44207422E+3,
663.500,1.29623938E+3,
663.6500,1.28336890E+3,
663.800,1.27042786E+3,
663.9500,1.17681335E+3,
664.100,1.23351270E+3,
664.2500,1.36604456E+3,
664.400,1.03916028E+3,
664.5500,9.92817078E+2,
664.700,1.06044983E+3,
664.8500,9.75767090E+2,
665.00,9.28923706E+2,
665.1500,1.01876440E+3,
665.300,8.56475891E+2,
665.4500,8.41999817E+2,
665.600,8.32967163E+2,
665.7500,9.73182617E+2,
665.900,8.36931641E+2,
666.0500,8.83370361E+2,
666.200,8.35357788E+2,
666.3500,8.87593872E+2,
666.500,7.66609070E+2,
666.6500,7.74050903E+2,
666.800,8.26503662E+2,
666.9500,7.55213257E+2,
667.100,8.19176270E+2,
667.2500,8.43808838E+2,
667.400,8.79911072E+2,
667.5500,7.62537292E+2,
667.700,7.92904175E+2,
667.8500,6.34715332E+2,
668.00,6.53448486E+2,
668.1500,6.95316711E+2,
668.300,6.74022095E+2,
668.4500,6.35290710E+2,
668.600,6.07940430E+2,
668.7500,6.21080750E+2,
668.900,7.44848267E+2,
669.0500,6.30069763E+2,
669.200,6.78511414E+2,
669.3500,5.62996216E+2,
669.500,6.76188354E+2,
669.6500,5.42368530E+2,
669.800,5.49701111E+2,
669.9500,5.86700684E+2,
670.100,5.94170044E+2,
670.2500,5.71883423E+2,
670.400,5.25588074E+2,
670.5500,5.68870300E+2,
670.700,5.58341736E+2,
670.8500,5.59793884E+2,
671.00,5.43145996E+2,
671.1500,6.17085571E+2,
671.300,6.42868835E+2,
671.4500,3.89106293E+2,
671.600,4.57111084E+2,
671.7500,6.65977844E+2,
671.900,5.63501099E+2,
672.0500,5.28039612E+2,
672.200,6.15466797E+2,
672.3500,6.04599365E+2,
672.500,5.81308716E+2,
672.6500,5.33108398E+2,
672.800,6.15163147E+2,
672.9500,5.60578186E+2,
673.100,5.80671509E+2,
673.2500,5.63315857E+2,
673.400,6.21165710E+2,
673.5500,6.22687805E+2,
673.700,6.68350464E+2,
673.8500,7.52158081E+2,
674.00,6.14607971E+2,
674.1500,7.11455322E+2,
674.300,6.11370178E+2,
674.4500,5.81002991E+2,
674.600,7.48906189E+2,
674.7500,6.16052856E+2,
674.900,7.07694092E+2,
675.0500,6.32107910E+2,
675.200,7.24281799E+2,
675.3500,6.74291931E+2,
675.500,6.63041321E+2,
675.6500,5.86556519E+2,
675.800,5.22738464E+2,
675.9500,5.76507446E+2,
676.100,6.17431335E+2,
676.2500,7.31018066E+2,
676.400,5.94282776E+2,
676.5500,6.02473206E+2,
676.700,5.17770752E+2,
676.8500,6.25630615E+2,
677.00,5.67227173E+2,
677.1500,6.82478760E+2,
677.300,5.70241699E+2,
677.4500,7.80278931E+2,
677.600,5.26064697E+2,
677.7500,5.95087158E+2,
677.900,5.15307129E+2,
678.0500,5.64256836E+2,
678.200,6.47518005E+2,
678.3500,5.33031738E+2,
678.500,6.50897888E+2,
678.6500,5.83902344E+2,
678.800,5.92314148E+2,
678.9500,4.90280823E+2,
679.100,6.23084106E+2,
679.2500,5.89974548E+2,
679.400,6.61072815E+2,
679.5500,5.65095825E+2,
679.700,5.66544800E+2,
679.8500,7.29281677E+2,
680.00,5.36068176E+2,
680.1500,6.57791687E+2,
680.300,5.10666260E+2,
680.4500,6.04538208E+2,
680.600,6.06212463E+2,
680.7500,6.07892761E+2,
680.900,4.15948486E+2,
681.0500,5.96881287E+2,
681.200,6.20149353E+2,
681.3500,5.27848938E+2,
681.500,5.14795593E+2,
681.6500,4.94397888E+2,
681.800,5.97823792E+2,
681.9500,6.21399353E+2,
682.100,5.57114746E+2,
682.2500,7.35028076E+2,
682.400,5.38023376E+2,
682.5500,5.69041077E+2,
682.700,6.07634216E+2,
682.8500,7.57887756E+2,
683.00,6.03485718E+2,
683.1500,7.02222717E+2,
683.300,7.49052612E+2,
683.4500,6.45917358E+2,
683.600,5.87408325E+2,
683.7500,7.24910889E+2,
683.900,6.43578491E+2,
684.0500,5.54211426E+2,
684.200,6.69895752E+2,
684.3500,8.77799194E+2,
684.500,6.81178528E+2,
684.6500,7.06047302E+2,
684.800,6.00227539E+2,
684.9500,6.86732483E+2,
685.100,7.58226501E+2,
685.2500,6.90459412E+2,
685.400,6.68995544E+2,
685.5500,5.77209412E+2,
685.700,7.89952576E+2,
685.8500,7.05831360E+2,
686.00,7.39206787E+2,
686.1500,8.43717712E+2,
686.300,8.38098206E+2,
686.4500,8.32443848E+2,
686.600,9.45997498E+2,
686.7500,8.36971558E+2,
686.900,8.71219543E+2,
687.0500,1.05793372E+3,
687.200,1.14120508E+3,
687.3500,9.67048828E+2,
687.500,9.61627502E+2,
687.6500,1.22357629E+3,
687.800,8.45049500E+2,
687.9500,9.28857788E+2,
688.100,9.23247803E+2,
688.2500,1.13880823E+3,
688.400,8.21548279E+2,
688.5500,1.02153339E+3,
688.700,9.91313232E+2,
688.8500,9.36069153E+2,
689.00,9.13740601E+2,
689.1500,8.82905090E+2,
689.300,8.68599976E+2,
689.4500,1.07195264E+3,
689.600,1.07486951E+3,
689.7500,7.91506836E+2,
689.900,8.78097107E+2,
690.0500,9.99009338E+2,
690.200,9.25303223E+2,
690.3500,6.89467224E+2,
690.500,7.76679626E+2,
690.6500,7.27432434E+2,
690.800,8.58118774E+2,
690.9500,1.03253125E+3,
691.100,9.66319336E+2,
691.2500,9.51655334E+2,
691.400,7.63405701E+2,
691.5500,1.07865015E+3,
691.700,1.11649292E+3,
691.8500,8.92142639E+2,
692.00,9.82293335E+2,
692.1500,9.67408325E+2,
692.300,9.96529114E+2,
692.4500,9.63903259E+2,
692.600,1.09957532E+3,
692.7500,9.42554749E+2,
692.900,9.89743225E+2,
693.0500,1.08188171E+3,
693.200,1.04897998E+3,
693.3500,9.70941467E+2,
693.500,1.05473645E+3,
693.6500,8.58760498E+2,
693.800,1.12398608E+3,
693.9500,8.36216614E+2,
694.100,1.14840588E+3,
694.2500,1.09673474E+3,
694.400,9.43961975E+2,
694.5500,1.03846802E+3,
694.700,1.20721423E+3,
694.8500,1.07194006E+3,
695.00,1.15830505E+3,
695.1500,1.03147681E+3,
695.300,1.36986584E+3,
695.4500,1.01862048E+3,
695.600,1.26516199E+3,
695.7500,8.74022827E+2,
695.900,9.23623596E+2,
696.0500,1.18142456E+3,
696.200,9.28848511E+2,
696.3500,1.09305151E+3,
696.500,8.95974487E+2,
696.6500,1.14703259E+3,
696.800,1.12152173E+3,
696.9500,1.17276257E+3,
697.100,1.32062329E+3,
697.2500,1.31460669E+3,
697.400,1.18254272E+3,
697.5500,1.18581628E+3,
697.700,1.33530261E+3,
697.8500,1.03601868E+3,
698.00,1.35252258E+3,
698.1500,1.21869019E+3,
698.300,1.01511591E+3,
698.4500,1.40337769E+3,
698.600,1.25863196E+3,
698.7500,1.22239087E+3,
698.900,1.04641931E+3,
699.0500,1.08933191E+3,
699.200,1.06235181E+3,
699.3500,1.16587048E+3,
699.500,1.21957568E+3,
699.6500,1.46562878E+3,
699.800,1.05419934E+3,
699.9500,1.16901929E+3,
700.100,1.28443433E+3,
700.2500,1.09379236E+3,
700.400,1.16860376E+3,
700.5500,1.18214868E+3,
700.700,1.08237170E+3,
700.8500,1.12675024E+3,
701.00,1.05734436E+3,
701.1500,1.19532056E+3,
701.300,1.10474756E+3,
701.4500,1.31673792E+3,
701.600,1.19455505E+3,
701.7500,1.22930774E+3,
701.900,1.21156738E+3,
702.0500,1.28879614E+3,
702.200,1.34524817E+3,
702.3500,1.25330237E+3,
702.500,1.16085107E+3,
702.6500,1.18536108E+3,
702.800,1.10291736E+3,
702.9500,1.22402319E+3,
703.100,1.19514844E+3,
703.2500,1.20934119E+3,
703.400,1.20195325E+3,
703.5500,1.16193750E+3,
703.700,1.41572168E+3,
703.8500,1.20133472E+3,
704.00,1.06238293E+3,
704.1500,1.28523120E+3,
704.300,1.27802832E+3,
704.4500,1.25972485E+3,
704.600,1.41863477E+3,
704.7500,1.42285876E+3,
704.900,1.42710168E+3,
705.0500,1.40898767E+3,
705.200,1.53654529E+3,
705.3500,1.11365198E+3,
705.500,1.19594495E+3,
705.6500,1.32398853E+3,
705.800,1.48683728E+3,
705.9500,1.11561279E+3,
706.100,1.22165662E+3,
706.2500,1.30538916E+3,
706.400,1.09101416E+3,
706.5500,1.37064905E+3,
706.700,1.28226013E+3,
706.8500,1.51774805E+3,
707.00,1.47573584E+3,
707.1500,1.64321509E+3,
707.300,1.43764514E+3,
707.4500,1.52392114E+3,
707.600,1.77529248E+3,
707.7500,1.55647534E+3,
707.900,1.52558081E+3,
708.0500,1.36399390E+3,
708.200,1.52256946E+3,
708.3500,1.59854834E+3,
708.500,1.41175085E+3,
708.6500,1.12787476E+3,
708.800,1.39588208E+3,
708.9500,1.43613977E+3,
709.100,1.41597791E+3,
709.2500,1.45631140E+3,
709.400,1.18045276E+3,
709.5500,1.40339307E+3,
709.700,1.44400635E+3,
709.8500,1.20259656E+3,
710.00,1.46436292E+3,
710.1500,1.32027734E+3,
710.300,1.62081262E+3,
710.4500,1.20341260E+3,
710.600,1.51769592E+3,
710.7500,1.45946619E+3,
710.900,1.51348547E+3,
711.0500,1.35459387E+3,
711.200,1.49671912E+3,
711.3500,1.46305396E+3,
711.500,1.47978430E+3,
711.6500,1.28099011E+3,
711.800,1.22097876E+3,
711.9500,1.17337915E+3,
712.100,1.48366357E+3,
712.2500,1.34679321E+3,
712.400,1.56930530E+3,
712.5500,1.30288354E+3,
712.700,1.61708252E+3,
712.8500,1.51791418E+3,
713.00,1.37913794E+3,
713.1500,1.20033142E+3,
713.300,1.21677002E+3,
713.4500,1.24641443E+3,
713.600,1.30253223E+3,
713.7500,1.51728406E+3,
713.900,1.41569653E+3,
714.0500,1.27370642E+3,
714.200,1.54332068E+3,
714.3500,1.44086426E+3,
714.500,1.12377917E+3,
714.6500,1.08665247E+3,
714.800,1.22419800E+3,
714.9500,1.42995349E+3,
715.100,1.09580444E+3,
715.2500,1.26176050E+3,
715.400,1.41506042E+3,
715.5500,1.32361560E+3,
715.700,1.60112695E+3,
715.8500,1.44105432E+3,
716.00,1.32134058E+3,
716.1500,1.35283533E+3,
716.300,1.39835156E+3,
716.4500,1.43024329E+3,
716.600,1.44838855E+3,
716.7500,1.29901843E+3,
716.900,1.58304492E+3,
717.0500,1.40504651E+3,
717.200,1.39504395E+3,
717.3500,1.42737268E+3,
717.500,1.26145251E+3,
717.6500,1.16563196E+3,
717.800,1.26883521E+3,
717.9500,1.40123279E+3,
718.100,1.23320386E+3,
718.2500,1.27988464E+3,
718.400,9.66277649E+2,
718.5500,1.17154565E+3,
718.700,1.46502197E+3,
718.8500,1.25103918E+3,
719.00,1.26923755E+3,
719.1500,1.43378821E+3,
719.300,1.18844751E+3,
719.4500,1.00055591E+3,
719.600,1.04768188E+3,
719.7500,1.37623987E+3,
719.900,1.21693359E+3,
720.0500,1.13111169E+3,
720.200,1.32835620E+3,
720.3500,1.13755420E+3,
720.500,1.39597192E+3,
720.6500,1.18920825E+3,
720.800,1.07183289E+3,
720.9500,9.38641113E+2,
721.100,1.12347314E+3,
721.2500,1.08094812E+3,
721.400,1.31299255E+3,
721.5500,1.19419824E+3,
721.700,1.09008289E+3,
721.8500,1.43187354E+3,
722.00,8.95512207E+2,
722.1500,8.67007935E+2,
722.300,1.27303687E+3,
722.4500,7.78377930E+2,
722.600,1.18639307E+3,
722.7500,9.70515198E+2,
722.900,1.30282495E+3,
723.0500,1.02311420E+3,
723.200,1.02597668E+3,
723.3500,1.20296313E+3,
723.500,1.42855566E+3,
723.6500,9.55044556E+2,
723.800,1.27697009E+3,
723.9500,9.44414063E+2,
724.100,1.34844861E+3,
724.2500,1.01426990E+3,
724.400,6.61998047E+2,
724.5500,8.90627869E+2,
724.700,7.95778015E+2,
724.8500,7.65521484E+2,
725.00,9.80112488E+2,
725.1500,1.19590759E+3,
725.300,1.01863208E+3,
725.4500,1.15338965E+3,
725.600,9.58428711E+2,
725.7500,1.22636218E+3,
725.900,1.04709167E+3,
726.0500,1.31678320E+3,
726.200,1.28703967E+3,
726.3500,1.50854761E+3,
726.500,1.15979773E+3,
726.6500,1.29790295E+3,
726.800,1.14942212E+3,
726.9500,1.13570605E+3,
727.100,1.12185413E+3,
727.2500,1.03971570E+3,
727.400,1.23058386E+3,
727.5500,8.56926147E+2,
727.700,1.34049097E+3,
727.8500,1.05122632E+3,
728.00,1.07141187E+3,
728.1500,9.87699097E+2,
728.300,1.05990100E+3,
728.4500,8.88571838E+2,
728.600,9.43417908E+2,
728.7500,8.05856018E+2,
728.900,9.13469360E+2,
729.0500,1.00406989E+3,
729.200,8.47897827E+2,
729.3500,9.03414551E+2,
729.500,1.08358411E+3,
729.6500,1.01537219E+3,
729.800,8.39589233E+2,
729.9500,1.11065833E+3,
730.100,9.88060852E+2,
730.2500,7.74691040E+2,
730.400,9.39516418E+2,
730.5500,1.01468427E+3,
730.700,8.17708984E+2,
730.8500,7.83609009E+2,
731.00,1.09655005E+3,
731.1500,9.71325378E+2,
731.300,9.00528442E+2,
731.4500,8.10901062E+2,
731.600,1.05342896E+3,
731.7500,8.52520264E+2,
731.900,5.76138489E+2,
732.0500,9.87760742E+2,
732.200,7.84910767E+2,
732.3500,9.74475220E+2,
732.500,1.08991614E+3,
732.6500,7.34901550E+2,
732.800,8.50310059E+2,
732.9500,1.00425085E+3,
733.100,8.74061523E+2,
733.2500,8.19368591E+2,
733.400,1.08921667E+3,
733.5500,1.01565198E+3,
733.700,8.84011292E+2,
733.8500,1.05997351E+3,
734.00,1.08231616E+3,
734.1500,1.04666870E+3,
734.300,8.94177490E+2,
734.4500,6.82316406E+2,
734.600,8.01595154E+2,
734.7500,1.25489111E+3,
734.900,1.31752197E+3,
735.0500,1.26215625E+3,
735.200,1.50308130E+3,
735.3500,1.38836621E+3,
735.500,1.35255054E+3,
735.6500,1.01731464E+3,
735.800,1.42031604E+3,
735.9500,1.14352222E+3,
736.100,1.08636304E+3,
736.2500,1.12970630E+3,
736.400,1.09236902E+3,
736.5500,1.35909351E+3,
736.700,9.96714661E+2,
736.8500,9.58681152E+2,
737.00,8.59070068E+2,
737.1500,1.10742334E+3,
737.300,9.86966492E+2,
737.4500,1.15449390E+3,
737.600,1.01284552E+3,
737.7500,8.91169250E+2,
737.900,1.08054126E+3,
738.0500,1.27086743E+3,
738.200,1.35765137E+3,
738.3500,1.15170984E+3,
738.500,1.04967993E+3,
738.6500,1.26283337E+3,
738.800,1.28716187E+3,
738.9500,1.62893433E+3,
739.100,1.76042590E+3,
739.2500,1.55238257E+3,
739.400,1.87627454E+3,
739.5500,2.11634888E+3,
739.700,2.07904248E+3,
739.8500,1.80514294E+3,
740.00,2.00381250E+3,
740.1500,1.75008032E+3,
740.300,1.88491553E+3,
740.4500,1.73805579E+3,
740.600,1.85180408E+3,
740.7500,1.74771191E+3,
740.900,1.81829224E+3,
741.0500,1.23021033E+3,
741.200,9.69280396E+2,
741.3500,1.30333350E+3,
741.500,1.26266040E+3,
741.6500,1.19954236E+3,
741.800,9.80134338E+2,
741.9500,7.81831848E+2,
742.100,1.16476489E+3,
742.2500,6.51345947E+2,
742.400,7.65725830E+2,
742.5500,1.03880408E+3,
742.700,8.37838440E+2,
742.8500,7.03889404E+2,
743.00,5.69204224E+2,
743.1500,5.47934937E+2,
743.300,5.72332336E+2,
743.4500,3.90255585E+2,
743.600,3.91329285E+2,
743.7500,4.61655518E+2,
743.900,7.40686646E+2,
744.0500,5.10630768E+2,
744.200,5.35325317E+2,
744.3500,7.23533569E+2,
744.500,3.97882080E+2,
744.6500,5.39813538E+2,
744.800,6.82535706E+2,
744.9500,5.90038452E+2,
745.100,3.54997742E+2,
745.2500,5.45817688E+2,
745.400,5.23515625E+2,
745.5500,5.72672424E+2,
745.700,6.46023499E+2,
745.8500,7.43767395E+2,
746.00,9.14221191E+2,
746.1500,5.30674133E+2,
746.300,6.52990906E+2,
746.4500,5.81961121E+2,
746.600,6.32115845E+2,
746.7500,6.33779968E+2,
746.900,3.91046631E+2,
747.0500,5.63581909E+2,
747.200,5.40413635E+2,
747.3500,8.12630188E+2,
747.500,6.91215576E+2,
747.6500,5.19699829E+2,
747.800,6.45037537E+2,
747.9500,5.22288269E+2,
748.100,7.23043213E+2,
748.2500,6.74844604E+2,
748.400,3.00674438E+2,
748.5500,6.02840088E+2,
748.700,4.02891052E+2,
748.8500,5.80594910E+2,
749.00,4.04896515E+2,
749.1500,3.80602173E+2,
749.300,5.34264160E+2,
749.4500,4.33654388E+2,
749.600,5.62700012E+2,
749.7500,3.33394379E+2,
749.900,5.91432678E+2,
750.0500,3.09404022E+2,
