Labels,32C_21_450K,
Type,Emission Scan,
Comment,,
Start,254.300,
Stop,750.0500,
Step,0.150,
Fixed/Offset,248.400,
Xaxis,Wavelength,
Yaxis,Counts,
Scan Corr. by File,True,
Corr. by Ref. Det.,False,
Fixed/Offset Corr. by File,False,
Repeats,2,
Dwell Time,0.20,
Lamp,Xe,
Temp,28.350,
Scan Polariser,None,
Scan Slit,0.2520,
Fixed/Offset Polariser,None,
Fixed/Offset Slit,2.9970,
Detector,Red PMT,

254.300,1.01697139E+4,
254.4500,8.54033691E+3,
254.600,8.18457861E+3,
254.7500,8.19319238E+3,
254.900,9.24371484E+3,
255.0500,8.27219434E+3,
255.200,6.92011377E+3,
255.3500,8.05721094E+3,
255.500,7.33770020E+3,
255.6500,8.87677246E+3,
255.800,8.04098096E+3,
255.9500,7.66437939E+3,
256.100,7.29316846E+3,
256.2500,7.70771338E+3,
256.400,6.58048828E+3,
256.5500,8.26379102E+3,
256.700,4.88924854E+3,
256.8500,6.48930127E+3,
257.00,6.27672021E+3,
257.1500,6.17269189E+3,
257.300,6.33804297E+3,
257.4500,4.76851611E+3,
257.600,6.39427051E+3,
257.7500,6.24297461E+3,
257.900,6.44585352E+3,
258.0500,6.24719873E+3,
258.200,7.11678516E+3,
258.3500,5.86199072E+3,
258.500,6.00631494E+3,
258.6500,6.37701709E+3,
258.800,6.69075195E+3,
258.9500,5.51517969E+3,
259.100,5.60966943E+3,
259.2500,6.04862061E+3,
259.400,5.61688867E+3,
259.5500,5.57767139E+3,
259.700,6.20569922E+3,
259.8500,5.99450488E+3,
260.00,6.55811133E+3,
260.1500,5.70683203E+3,
260.300,5.86281641E+3,
260.4500,5.43218115E+3,
260.600,5.54888037E+3,
260.7500,5.88864307E+3,
260.900,5.66041064E+3,
261.0500,6.17194873E+3,
261.200,6.34153076E+3,
261.3500,5.97003955E+3,
261.500,5.89034521E+3,
261.6500,6.33456641E+3,
261.800,5.66768262E+3,
261.9500,5.28904492E+3,
262.100,6.52482275E+3,
262.2500,5.71300537E+3,
262.400,5.11749023E+3,
262.5500,5.72754346E+3,
262.700,6.13124414E+3,
262.8500,5.39528809E+3,
263.00,6.22625488E+3,
263.1500,5.26118506E+3,
263.300,6.25313086E+3,
263.4500,6.05679834E+3,
263.600,5.48185938E+3,
263.7500,6.49282129E+3,
263.900,5.46563477E+3,
264.0500,6.19653027E+3,
264.200,5.53367725E+3,
264.3500,6.10757080E+3,
264.500,4.85689160E+3,
264.6500,5.72330859E+3,
264.800,5.81891797E+3,
264.9500,5.62049854E+3,
265.100,5.53172021E+3,
265.2500,5.96351416E+3,
265.400,5.53936572E+3,
265.5500,5.83444727E+3,
265.700,5.14428613E+3,
265.8500,5.98304150E+3,
266.00,5.62479639E+3,
266.1500,5.68794824E+3,
266.300,5.29249414E+3,
266.4500,5.71447949E+3,
266.600,5.86844238E+3,
266.7500,5.94908936E+3,
266.900,5.65837207E+3,
267.0500,4.55029834E+3,
267.200,5.45670654E+3,
267.3500,5.62783105E+3,
267.500,5.08489697E+3,
267.6500,5.91566455E+3,
267.800,5.53239795E+3,
267.9500,5.09148633E+3,
268.100,5.19331396E+3,
268.2500,4.80626025E+3,
268.400,5.68481689E+3,
268.5500,5.61174854E+3,
268.700,5.35447803E+3,
268.8500,5.16292822E+3,
269.00,5.60155322E+3,
269.1500,4.71009131E+3,
269.300,4.94666846E+3,
269.4500,5.21832471E+3,
269.600,5.56316602E+3,
269.7500,5.20523730E+3,
269.900,5.54390723E+3,
270.0500,5.91517139E+3,
270.200,4.67786035E+3,
270.3500,5.10698145E+3,
270.500,5.38049219E+3,
270.6500,5.07892285E+3,
270.800,5.00111572E+3,
270.9500,4.68905762E+3,
271.100,5.02906982E+3,
271.2500,5.00752832E+3,
271.400,4.49109863E+3,
271.5500,4.96501270E+3,
271.700,5.29220459E+3,
271.8500,5.26873535E+3,
272.00,5.26261816E+3,
272.1500,5.49347754E+3,
272.300,4.99495801E+3,
272.4500,5.14029541E+3,
272.600,5.10049561E+3,
272.7500,5.30845557E+3,
272.900,5.05502100E+3,
273.0500,4.83697900E+3,
273.200,5.49007275E+3,
273.3500,5.27011768E+3,
273.500,4.68917725E+3,
273.6500,5.10743115E+3,
273.800,5.45652637E+3,
273.9500,4.63995557E+3,
274.100,4.60208154E+3,
274.2500,4.65534961E+3,
274.400,4.76796338E+3,
274.5500,4.59426074E+3,
274.700,5.28415234E+3,
274.8500,4.97631006E+3,
275.00,5.18442725E+3,
275.1500,4.89553125E+3,
275.300,4.62558301E+3,
275.4500,4.92982178E+3,
275.600,5.04528320E+3,
275.7500,4.92043408E+3,
275.900,4.54714990E+3,
276.0500,4.73126367E+3,
276.200,4.72032178E+3,
276.3500,5.14373877E+3,
276.500,4.88708838E+3,
276.6500,4.82137646E+3,
276.800,5.02156201E+3,
276.9500,4.32461377E+3,
277.100,4.74672998E+3,
277.2500,4.64442920E+3,
277.400,4.72331299E+3,
277.5500,4.72442773E+3,
277.700,4.44744043E+3,
277.8500,4.75133008E+3,
278.00,4.92600781E+3,
278.1500,4.41947998E+3,
278.300,4.72909277E+3,
278.4500,4.79075391E+3,
278.600,4.81518066E+3,
278.7500,4.62352588E+3,
278.900,4.62483301E+3,
279.0500,4.01277246E+3,
279.200,5.19149512E+3,
279.3500,5.17827051E+3,
279.500,4.95713135E+3,
279.6500,4.75044092E+3,
279.800,4.47814307E+3,
279.9500,4.54899072E+3,
280.100,4.28256494E+3,
280.2500,4.44436523E+3,
280.400,4.54850342E+3,
280.5500,4.62915381E+3,
280.700,4.54441650E+3,
280.8500,4.59124756E+3,
281.00,4.61577148E+3,
281.1500,4.83355615E+3,
281.300,4.04520386E+3,
281.4500,4.50761377E+3,
281.600,4.72174463E+3,
281.7500,4.28374707E+3,
281.900,4.46522217E+3,
282.0500,4.59199365E+3,
282.200,4.33561719E+3,
282.3500,4.41934814E+3,
282.500,4.98859668E+3,
282.6500,4.49264355E+3,
282.800,4.30327979E+3,
282.9500,4.48417383E+3,
283.100,4.43430908E+3,
283.2500,4.49236523E+3,
283.400,4.33522803E+3,
283.5500,4.26721533E+3,
283.700,4.17120752E+3,
283.8500,4.46783008E+3,
284.00,4.32420459E+3,
284.1500,4.10158203E+3,
284.300,4.34081592E+3,
284.4500,4.33490088E+3,
284.600,3.80061646E+3,
284.7500,4.34152979E+3,
284.900,3.97805518E+3,
285.0500,4.30585010E+3,
285.200,4.17453271E+3,
285.3500,4.47921094E+3,
285.500,4.31194434E+3,
285.6500,4.48812598E+3,
285.800,4.72609863E+3,
285.9500,4.69386377E+3,
286.100,4.30283789E+3,
286.2500,4.17542578E+3,
286.400,4.75410889E+3,
286.5500,3.94777930E+3,
286.700,3.97249390E+3,
286.8500,4.47898242E+3,
287.00,4.77982813E+3,
287.1500,4.28258643E+3,
287.300,4.60609180E+3,
287.4500,4.16186035E+3,
287.600,4.31586670E+3,
287.7500,4.19289111E+3,
287.900,4.21290918E+3,
288.0500,4.62638037E+3,
288.200,4.35920215E+3,
288.3500,4.40525000E+3,
288.500,4.36176514E+3,
288.6500,4.36305273E+3,
288.800,4.08653125E+3,
288.9500,4.16842188E+3,
289.100,4.82257568E+3,
289.2500,4.20312256E+3,
289.400,3.83482202E+3,
289.5500,4.03103076E+3,
289.700,3.97638477E+3,
289.8500,3.95757715E+3,
290.00,4.25208838E+3,
290.1500,4.11511719E+3,
290.300,4.44320215E+3,
290.4500,4.77978369E+3,
290.600,4.61593311E+3,
290.7500,4.77349854E+3,
290.900,4.71685303E+3,
291.0500,4.26761670E+3,
291.200,4.44992090E+3,
291.3500,4.86297217E+3,
291.500,4.07623120E+3,
291.6500,4.78152246E+3,
291.800,4.02312915E+3,
291.9500,4.38170801E+3,
292.100,4.03984937E+3,
292.2500,4.21917676E+3,
292.400,3.85151685E+3,
292.5500,4.33857617E+3,
292.700,4.14755322E+3,
292.8500,4.07992578E+3,
293.00,4.04753271E+3,
293.1500,4.28490234E+3,
293.300,4.11986621E+3,
293.4500,4.27778174E+3,
293.600,4.32204688E+3,
293.7500,4.45293359E+3,
293.900,4.54866357E+3,
294.0500,4.03809058E+3,
294.200,4.55519189E+3,
294.3500,4.17472949E+3,
294.500,4.33702588E+3,
294.6500,4.30148682E+3,
294.800,4.06945337E+3,
294.9500,4.11993799E+3,
295.100,4.11767236E+3,
295.2500,4.18254834E+3,
295.400,4.01015210E+3,
295.5500,4.42081982E+3,
295.700,3.92896631E+3,
295.8500,4.11939795E+3,
296.00,4.15815234E+3,
296.1500,4.17777734E+3,
296.300,4.26373145E+3,
296.4500,4.15855859E+3,
296.600,4.02102417E+3,
296.7500,4.44397607E+3,
296.900,4.53601953E+3,
297.0500,3.91547583E+3,
297.200,3.95766748E+3,
297.3500,3.96706055E+3,
297.500,4.12182764E+3,
297.6500,4.18682861E+3,
297.800,4.12296240E+3,
297.9500,4.29128809E+3,
298.100,3.83621362E+3,
298.2500,3.85189185E+3,
298.400,3.83583398E+3,
298.5500,3.86702954E+3,
298.700,4.15622803E+3,
298.8500,3.94413452E+3,
299.00,4.04425708E+3,
299.1500,4.22700439E+3,
299.300,4.21574512E+3,
299.4500,3.91351929E+3,
299.600,3.94180176E+3,
299.7500,3.98497412E+3,
299.900,4.05039502E+3,
300.0500,3.84394238E+3,
300.200,4.44710156E+3,
300.3500,3.88956787E+3,
300.500,4.13077490E+3,
300.6500,3.86774829E+3,
300.800,3.48225464E+3,
300.9500,4.04359473E+3,
301.100,4.08957227E+3,
301.2500,4.00440601E+3,
301.400,3.68223022E+3,
301.5500,3.95115356E+3,
301.700,3.77499023E+3,
301.8500,4.14731250E+3,
302.00,3.98595410E+3,
302.1500,3.62124854E+3,
302.300,4.12069189E+3,
302.4500,3.83544971E+3,
302.600,3.98243701E+3,
302.7500,3.74199585E+3,
302.900,3.70961792E+3,
303.0500,3.67033252E+3,
303.200,4.28896680E+3,
303.3500,3.77369824E+3,
303.500,3.65997705E+3,
303.6500,3.85470337E+3,
303.800,3.72171045E+3,
303.9500,3.70905640E+3,
304.100,3.84089624E+3,
304.2500,3.70946948E+3,
304.400,3.85270947E+3,
304.5500,3.59949341E+3,
304.700,4.05728833E+3,
304.8500,3.77351709E+3,
305.00,3.67109741E+3,
305.1500,3.54436377E+3,
305.300,3.74059009E+3,
305.4500,3.90965771E+3,
305.600,3.34647339E+3,
305.7500,3.44120386E+3,
305.900,3.75740771E+3,
306.0500,3.61530493E+3,
306.200,3.43778955E+3,
306.3500,3.51156396E+3,
306.500,3.72381104E+3,
306.6500,3.84350049E+3,
306.800,3.30860132E+3,
306.9500,3.85846484E+3,
307.100,3.75593506E+3,
307.2500,3.86689233E+3,
307.400,3.51264282E+3,
307.5500,3.48918750E+3,
307.700,3.45429248E+3,
307.8500,3.45442432E+3,
308.00,3.61572266E+3,
308.1500,3.82686841E+3,
308.300,3.62543896E+3,
308.4500,3.54507397E+3,
308.600,3.51061353E+3,
308.7500,3.55507715E+3,
308.900,3.41463452E+3,
309.0500,3.29771729E+3,
309.200,3.37548511E+3,
309.3500,3.60662280E+3,
309.500,3.22177197E+3,
309.6500,3.39678809E+3,
309.800,3.68940918E+3,
309.9500,3.20165869E+3,
310.100,3.80948877E+3,
310.2500,3.54527612E+3,
310.400,3.45915747E+3,
310.5500,3.56448169E+3,
310.700,3.42628467E+3,
310.8500,3.74577612E+3,
311.00,3.44085815E+3,
311.1500,3.76819751E+3,
311.300,3.82347119E+3,
311.4500,3.56917505E+3,
311.600,3.59912549E+3,
311.7500,3.07245337E+3,
311.900,3.54122827E+3,
312.0500,3.55072021E+3,
312.200,3.66117236E+3,
312.3500,3.62521582E+3,
312.500,3.68438330E+3,
312.6500,3.60381323E+3,
312.800,3.83074878E+3,
312.9500,3.61709717E+3,
313.100,3.73445166E+3,
313.2500,3.50403735E+3,
313.400,3.63076489E+3,
313.5500,3.44620166E+3,
313.700,3.76995630E+3,
313.8500,3.42280518E+3,
314.00,3.37528662E+3,
314.1500,3.17144751E+3,
314.300,3.05465942E+3,
314.4500,3.35991211E+3,
314.600,3.30451392E+3,
314.7500,3.17437402E+3,
314.900,3.42877588E+3,
315.0500,3.24803564E+3,
315.200,3.18045020E+3,
315.3500,3.15033716E+3,
315.500,3.45688135E+3,
315.6500,3.02637939E+3,
315.800,3.26702173E+3,
315.9500,3.28705005E+3,
316.100,3.08468311E+3,
316.2500,3.30038379E+3,
316.400,3.01377368E+3,
316.5500,3.39902295E+3,
316.700,3.01093042E+3,
316.8500,2.94697192E+3,
317.00,3.04361597E+3,
317.1500,2.96725269E+3,
317.300,3.24945630E+3,
317.4500,3.08913770E+3,
317.600,3.13188403E+3,
317.7500,3.22249023E+3,
317.900,3.29066406E+3,
318.0500,3.06276514E+3,
318.200,3.13594800E+3,
318.3500,3.23461401E+3,
318.500,3.17314087E+3,
318.6500,3.03464136E+3,
318.800,3.07693579E+3,
318.9500,3.11467920E+3,
319.100,3.05020288E+3,
319.2500,2.80780029E+3,
319.400,3.01574048E+3,
319.5500,2.93527026E+3,
319.700,3.09949341E+3,
319.8500,3.11997998E+3,
320.00,3.11101514E+3,
320.1500,3.16926953E+3,
320.300,2.69417383E+3,
320.4500,3.08541895E+3,
320.600,2.91957007E+3,
320.7500,2.95284326E+3,
320.900,2.81705322E+3,
321.0500,2.96550024E+3,
321.200,2.79793750E+3,
321.3500,3.23184424E+3,
321.500,2.96661841E+3,
321.6500,2.79217896E+3,
321.800,3.10506812E+3,
321.9500,3.03220996E+3,
322.100,2.61320386E+3,
322.2500,2.94865918E+3,
322.400,2.98950122E+3,
322.5500,3.17822290E+3,
322.700,3.16634375E+3,
322.8500,3.16645190E+3,
323.00,3.08310278E+3,
323.1500,2.82994189E+3,
323.300,2.87057129E+3,
323.4500,3.04904102E+3,
323.600,2.85674927E+3,
323.7500,2.92051685E+3,
323.900,2.87431128E+3,
324.0500,2.90648584E+3,
324.200,3.05550439E+3,
324.3500,2.87719824E+3,
324.500,2.96736084E+3,
324.6500,2.93324585E+3,
324.800,2.88768921E+3,
324.9500,2.72293604E+3,
325.100,2.88955444E+3,
325.2500,2.97880322E+3,
325.400,2.82282764E+3,
325.5500,2.89651709E+3,
325.700,2.99269629E+3,
325.8500,3.01244141E+3,
326.00,3.03965747E+3,
326.1500,2.95742822E+3,
326.300,3.02270898E+3,
326.4500,2.94836548E+3,
326.600,3.11479321E+3,
326.7500,2.98429858E+3,
326.900,3.08255029E+3,
327.0500,2.73999731E+3,
327.200,2.95788403E+3,
327.3500,3.05589478E+3,
327.500,2.96056567E+3,
327.6500,2.96927612E+3,
327.800,2.88186963E+3,
327.9500,2.66207104E+3,
328.100,2.80029541E+3,
328.2500,2.85360181E+3,
328.400,2.73074463E+3,
328.5500,2.81687036E+3,
328.700,2.77485522E+3,
328.8500,2.79857983E+3,
329.00,2.80037549E+3,
329.1500,2.71540259E+3,
329.300,2.68870142E+3,
329.4500,2.49931982E+3,
329.600,2.79440356E+3,
329.7500,2.78207568E+3,
329.900,2.69783594E+3,
330.0500,2.85462061E+3,
330.200,2.72440820E+3,
330.3500,2.88091821E+3,
330.500,2.65817407E+3,
330.6500,2.55386597E+3,
330.800,2.61013184E+3,
330.9500,2.87949316E+3,
331.100,2.62290869E+3,
331.2500,2.73577759E+3,
331.400,2.67137158E+3,
331.5500,2.64954517E+3,
331.700,2.78649902E+3,
331.8500,2.73636328E+3,
332.00,2.84811572E+3,
332.1500,2.78390942E+3,
332.300,2.88462817E+3,
332.4500,2.98151318E+3,
332.600,2.80905054E+3,
332.7500,2.83595508E+3,
332.900,2.99510156E+3,
333.0500,2.81637329E+3,
333.200,2.92271460E+3,
333.3500,2.68561792E+3,
333.500,2.88519873E+3,
333.6500,2.79053442E+3,
333.800,2.74099512E+3,
333.9500,2.76389087E+3,
334.100,2.73517969E+3,
334.2500,2.80947461E+3,
334.400,2.86638403E+3,
334.5500,3.04958081E+3,
334.700,2.84988452E+3,
334.8500,2.96772510E+3,
335.00,2.83684253E+3,
335.1500,2.76778003E+3,
335.300,2.66840796E+3,
335.4500,2.72167456E+3,
335.600,2.85249170E+3,
335.7500,2.81753467E+3,
335.900,2.89047949E+3,
336.0500,2.83203467E+3,
336.200,2.76039697E+3,
336.3500,2.82979297E+3,
336.500,2.76505469E+3,
336.6500,2.75064136E+3,
336.800,2.75961816E+3,
336.9500,2.81852734E+3,
337.100,2.81376709E+3,
337.2500,2.72254932E+3,
337.400,2.86364258E+3,
337.5500,2.84210596E+3,
337.700,2.66539648E+3,
337.8500,2.75305664E+3,
338.00,2.90622168E+3,
338.1500,2.81490576E+3,
338.300,2.83211475E+3,
338.4500,2.89503296E+3,
338.600,2.97073682E+3,
338.7500,2.89625146E+3,
338.900,2.97486011E+3,
339.0500,2.77711060E+3,
339.200,2.87431128E+3,
339.3500,2.91291797E+3,
339.500,2.87400098E+3,
339.6500,2.87381787E+3,
339.800,2.89285767E+3,
339.9500,2.87979272E+3,
340.100,2.92087573E+3,
340.2500,2.80243311E+3,
340.400,2.93551660E+3,
340.5500,2.91581274E+3,
340.700,2.89302100E+3,
340.8500,3.01541284E+3,
341.00,3.11517065E+3,
341.1500,2.82218335E+3,
341.300,3.03164990E+3,
341.4500,2.89016748E+3,
341.600,2.93636084E+3,
341.7500,2.91701074E+3,
341.900,2.79534888E+3,
342.0500,2.96526807E+3,
342.200,2.91528296E+3,
342.3500,2.92096875E+3,
342.500,3.11413428E+3,
342.6500,3.08556445E+3,
342.800,3.01426050E+3,
342.9500,2.82724097E+3,
343.100,2.97918115E+3,
343.2500,2.78697168E+3,
343.400,2.93523755E+3,
343.5500,3.13423560E+3,
343.700,2.94896631E+3,
343.8500,3.18011011E+3,
344.00,2.98653149E+3,
344.1500,3.02116577E+3,
344.300,3.01076001E+3,
344.4500,2.82740088E+3,
344.600,2.96029004E+3,
344.7500,3.02721387E+3,
344.900,2.91911475E+3,
345.0500,3.20997852E+3,
345.200,2.85973120E+3,
345.3500,2.95486401E+3,
345.500,3.07289966E+3,
345.6500,3.11432056E+3,
345.800,2.91948828E+3,
345.9500,2.91455786E+3,
346.100,3.05426343E+3,
346.2500,3.08033496E+3,
346.400,2.93911011E+3,
346.5500,3.17219263E+3,
346.700,2.99134058E+3,
346.8500,2.89434229E+3,
347.00,3.14546362E+3,
347.1500,3.04852612E+3,
347.300,2.94927563E+3,
347.4500,3.12742480E+3,
347.600,3.08480859E+3,
347.7500,3.11263989E+3,
347.900,3.13748877E+3,
348.0500,3.10355103E+3,
348.200,3.15621729E+3,
348.3500,3.18079004E+3,
348.500,3.26891870E+3,
348.6500,3.18525415E+3,
348.800,3.11304761E+3,
348.9500,3.12088794E+3,
349.100,3.26815625E+3,
349.2500,3.09212061E+3,
349.400,3.09138940E+3,
349.5500,3.35407422E+3,
349.700,3.24693042E+3,
349.8500,3.09717505E+3,
350.00,3.05326294E+3,
350.1500,3.22352539E+3,
350.300,3.14921265E+3,
350.4500,3.11267920E+3,
350.600,3.22790820E+3,
350.7500,3.28937866E+3,
350.900,3.14962207E+3,
351.0500,3.16333350E+3,
351.200,3.00860693E+3,
351.3500,3.18980737E+3,
351.500,3.13506250E+3,
351.6500,2.84927319E+3,
351.800,3.16130078E+3,
351.9500,3.05285889E+3,
352.100,3.29783887E+3,
352.2500,3.18967651E+3,
352.400,3.15124585E+3,
352.5500,3.29915381E+3,
352.700,3.18432202E+3,
352.8500,3.24245996E+3,
353.00,3.19919580E+3,
353.1500,3.13845313E+3,
353.300,3.23110254E+3,
353.4500,3.28811743E+3,
353.600,3.32978247E+3,
353.7500,3.21215723E+3,
353.900,3.26117310E+3,
354.0500,3.11229541E+3,
354.200,3.02568799E+3,
354.3500,3.14312598E+3,
354.500,3.22554785E+3,
354.6500,3.09550952E+3,
354.800,3.14835986E+3,
354.9500,3.02421899E+3,
355.100,3.20956787E+3,
355.2500,3.27832275E+3,
355.400,3.21723901E+3,
355.5500,3.22099463E+3,
355.700,3.10332642E+3,
355.8500,3.08366016E+3,
356.00,3.10428955E+3,
356.1500,3.09898755E+3,
356.300,3.12188135E+3,
356.4500,3.04391968E+3,
356.600,3.02711938E+3,
356.7500,3.06856372E+3,
356.900,2.92652002E+3,
357.0500,3.21989404E+3,
357.200,2.99058545E+3,
357.3500,2.96023926E+3,
357.500,3.07199097E+3,
357.6500,3.05522095E+3,
357.800,2.99986914E+3,
357.9500,3.06046802E+3,
358.100,3.10476074E+3,
358.2500,3.14870410E+3,
358.400,3.03070020E+3,
358.5500,2.91343701E+3,
358.700,3.00879907E+3,
358.8500,2.95012427E+3,
359.00,3.06908105E+3,
359.1500,2.93757690E+3,
359.300,2.80030029E+3,
359.4500,2.96232373E+3,
359.600,3.07077905E+3,
359.7500,2.88637964E+3,
359.900,2.94869971E+3,
360.0500,2.80041992E+3,
360.200,3.02206104E+3,
360.3500,2.98188428E+3,
360.500,2.92694141E+3,
360.6500,3.01766675E+3,
360.800,2.95227075E+3,
360.9500,2.91276123E+3,
361.100,2.82681372E+3,
361.2500,2.82149023E+3,
361.400,2.93387231E+3,
361.5500,3.07898584E+3,
361.700,3.03940063E+3,
361.8500,2.94388696E+3,
362.00,2.96303320E+3,
362.1500,2.94511475E+3,
362.300,3.05746533E+3,
362.4500,2.94675562E+3,
362.600,3.02175684E+3,
362.7500,2.91161523E+3,
362.900,2.90242114E+3,
363.0500,2.97936523E+3,
363.200,2.83338770E+3,
363.3500,2.96346655E+3,
363.500,2.90366968E+3,
363.6500,3.09434424E+3,
363.800,2.94931372E+3,
363.9500,2.86156860E+3,
364.100,2.87474487E+3,
364.2500,2.91387524E+3,
364.400,2.79155420E+3,
364.5500,2.69791504E+3,
364.700,2.74735547E+3,
364.8500,2.99127295E+3,
365.00,2.98404639E+3,
365.1500,3.02583838E+3,
365.300,2.90197754E+3,
365.4500,2.99165771E+3,
365.600,2.97972949E+3,
365.7500,3.02540088E+3,
365.900,2.97795361E+3,
366.0500,2.87547437E+3,
366.200,2.81094312E+3,
366.3500,2.92378613E+3,
366.500,2.88897119E+3,
366.6500,2.90922632E+3,
366.800,2.91967480E+3,
366.9500,2.85786060E+3,
367.100,3.07720459E+3,
367.2500,2.98636084E+3,
367.400,2.86477515E+3,
367.5500,3.04632983E+3,
367.700,3.04718188E+3,
367.8500,3.05775122E+3,
368.00,2.75937720E+3,
368.1500,2.85615430E+3,
368.300,2.80257568E+3,
368.4500,2.86444702E+3,
368.600,2.88973047E+3,
368.7500,2.97235327E+3,
368.900,3.00890430E+3,
369.0500,3.06395850E+3,
369.200,3.11029956E+3,
369.3500,2.99336646E+3,
369.500,2.89594141E+3,
369.6500,2.99542383E+3,
369.800,2.96827002E+3,
369.9500,3.09174268E+3,
370.100,3.00424756E+3,
370.2500,3.06308179E+3,
370.400,2.90688208E+3,
370.5500,2.98816797E+3,
370.700,2.92221777E+3,
370.8500,2.89558813E+3,
371.00,3.01360474E+3,
371.1500,2.88875928E+3,
371.300,3.15180249E+3,
371.4500,2.94818701E+3,
371.600,3.03014136E+3,
371.7500,2.89189795E+3,
371.900,2.96460205E+3,
372.0500,3.07162012E+3,
372.200,3.00499072E+3,
372.3500,2.91507837E+3,
372.500,2.91265210E+3,
372.6500,3.06051343E+3,
372.800,3.00553394E+3,
372.9500,2.96345142E+3,
373.100,2.90355103E+3,
373.2500,2.98036890E+3,
373.400,2.78636621E+3,
373.5500,2.91150464E+3,
373.700,2.90769629E+3,
373.8500,3.00550415E+3,
374.00,2.97496387E+3,
374.1500,2.88009448E+3,
374.300,3.04776587E+3,
374.4500,2.84367090E+3,
374.600,3.00379639E+3,
374.7500,3.05596094E+3,
374.900,2.91647314E+3,
375.0500,2.82464697E+3,
375.200,2.94265576E+3,
375.3500,2.95546802E+3,
375.500,3.00138062E+3,
375.6500,3.04715674E+3,
375.800,2.99912817E+3,
375.9500,3.01021069E+3,
376.100,2.98156250E+3,
376.2500,2.85136987E+3,
376.400,2.91444751E+3,
376.5500,2.89662354E+3,
376.700,2.94061401E+3,
376.8500,2.85792236E+3,
377.00,2.99409766E+3,
377.1500,2.96663330E+3,
377.300,2.92060059E+3,
377.4500,2.80515527E+3,
377.600,2.82915234E+3,
377.7500,2.81926636E+3,
377.900,2.79931909E+3,
378.0500,2.86892505E+3,
378.200,2.87278906E+3,
378.3500,2.88677051E+3,
378.500,2.79834863E+3,
378.6500,2.87617114E+3,
378.800,2.75129517E+3,
378.9500,2.98610229E+3,
379.100,2.94308618E+3,
379.2500,2.87683105E+3,
379.400,2.84741309E+3,
379.5500,2.96093921E+3,
379.700,2.75414014E+3,
379.8500,2.87912842E+3,
380.00,2.72439673E+3,
380.1500,2.80545093E+3,
380.300,2.79895142E+3,
380.4500,2.64450317E+3,
380.600,2.94211646E+3,
380.7500,2.88145630E+3,
380.900,2.68358765E+3,
381.0500,2.82587085E+3,
381.200,2.90341943E+3,
381.3500,2.83753491E+3,
381.500,2.68426392E+3,
381.6500,2.99840625E+3,
381.800,2.76623877E+3,
381.9500,2.77395898E+3,
382.100,2.85219800E+3,
382.2500,2.77880273E+3,
382.400,2.69933618E+3,
382.5500,2.72433911E+3,
382.700,2.69813892E+3,
382.8500,2.67687329E+3,
383.00,2.66528687E+3,
383.1500,2.63630542E+3,
383.300,2.79621729E+3,
383.4500,2.55821875E+3,
383.600,2.64507471E+3,
383.7500,2.64805811E+3,
383.900,2.58495166E+3,
384.0500,2.60059131E+3,
384.200,2.53290552E+3,
384.3500,2.49838989E+3,
384.500,2.57029077E+3,
384.6500,2.44389502E+3,
384.800,2.45966357E+3,
384.9500,2.38062061E+3,
385.100,2.53886182E+3,
385.2500,2.40380005E+3,
385.400,2.34809546E+3,
385.5500,2.43448999E+3,
385.700,2.40825415E+3,
385.8500,2.48506104E+3,
386.00,2.39911841E+3,
386.1500,2.29357837E+3,
386.300,2.49849121E+3,
386.4500,2.30177124E+3,
386.600,2.33861084E+3,
386.7500,2.41028003E+3,
386.900,2.48172485E+3,
387.0500,2.37742773E+3,
387.200,2.38688086E+3,
387.3500,2.37823828E+3,
387.500,2.44794312E+3,
387.6500,2.40472363E+3,
387.800,2.44720483E+3,
387.9500,2.35925586E+3,
388.100,2.32968066E+3,
388.2500,2.22398462E+3,
388.400,2.45840576E+3,
388.5500,2.31573975E+3,
388.700,2.33989355E+3,
388.8500,2.42624585E+3,
389.00,2.42059814E+3,
389.1500,2.38929077E+3,
389.300,2.35519263E+3,
389.4500,2.52426123E+3,
389.600,2.36677808E+3,
389.7500,2.45465674E+3,
389.900,2.48227051E+3,
390.0500,2.34483447E+3,
390.200,2.51253638E+3,
390.3500,2.44981445E+3,
390.500,2.36556934E+3,
390.6500,2.45850635E+3,
390.800,2.37605566E+3,
390.9500,2.35892822E+3,
391.100,2.40281812E+3,
391.2500,2.34597266E+3,
391.400,2.40723926E+3,
391.5500,2.38794141E+3,
391.700,2.41460938E+3,
391.8500,2.38825073E+3,
392.00,2.28335522E+3,
392.1500,2.33336401E+3,
392.300,2.47027417E+3,
392.4500,2.32481836E+3,
392.600,2.36043384E+3,
392.7500,2.36614258E+3,
392.900,2.28669507E+3,
393.0500,2.34469336E+3,
393.200,2.36093896E+3,
393.3500,2.35313843E+3,
393.500,2.23249414E+3,
393.6500,2.36728174E+3,
393.800,2.36240259E+3,
393.9500,2.36599487E+3,
394.100,2.39580176E+3,
394.2500,2.56394165E+3,
394.400,2.34991089E+3,
394.5500,2.33061670E+3,
394.700,2.36436108E+3,
394.8500,2.34795068E+3,
395.00,2.47188208E+3,
395.1500,2.39855859E+3,
395.300,2.48607104E+3,
395.4500,2.46277344E+3,
395.600,2.50305371E+3,
395.7500,2.47573047E+3,
395.900,2.56407031E+3,
396.0500,2.47366064E+3,
396.200,2.48649756E+3,
396.3500,2.42811230E+3,
396.500,2.40684521E+3,
396.6500,2.47579395E+3,
396.800,2.56093750E+3,
396.9500,2.52331299E+3,
397.100,2.62333691E+3,
397.2500,2.37007788E+3,
397.400,2.45660889E+3,
397.5500,2.47520532E+3,
397.700,2.39094263E+3,
397.8500,2.42043359E+3,
398.00,2.31894409E+3,
398.1500,2.40554126E+3,
398.300,2.29935571E+3,
398.4500,2.34815430E+3,
398.600,2.37670825E+3,
398.7500,2.27227100E+3,
398.900,2.28746265E+3,
399.0500,2.38852148E+3,
399.200,2.33292822E+3,
399.3500,2.33632080E+3,
399.500,2.03890063E+3,
399.6500,2.12004102E+3,
399.800,2.22775610E+3,
399.9500,2.26068408E+3,
400.100,2.13158228E+3,
400.2500,2.22581543E+3,
400.400,2.13900342E+3,
400.5500,2.08986963E+3,
400.700,2.16666626E+3,
400.8500,2.07124951E+3,
401.00,2.06126099E+3,
401.1500,2.02396790E+3,
401.300,2.08392480E+3,
401.4500,2.12524854E+3,
401.600,2.07427734E+3,
401.7500,2.09866162E+3,
401.900,2.11073999E+3,
402.0500,2.04792810E+3,
402.200,2.11221191E+3,
402.3500,2.07720459E+3,
402.500,2.14892578E+3,
402.6500,2.00906873E+3,
402.800,2.09287842E+3,
402.9500,2.12794482E+3,
403.100,2.19773193E+3,
403.2500,2.15539844E+3,
403.400,2.17966431E+3,
403.5500,2.01985205E+3,
403.700,2.13165112E+3,
403.8500,2.02803528E+3,
404.00,2.03289148E+3,
404.1500,2.07983472E+3,
404.300,2.03675500E+3,
404.4500,2.03870752E+3,
404.600,2.04964404E+3,
404.7500,1.91424219E+3,
404.900,2.02973511E+3,
405.0500,1.92008655E+3,
405.200,1.89858191E+3,
405.3500,2.06738281E+3,
405.500,1.91960266E+3,
405.6500,1.91008118E+3,
405.800,1.88281909E+3,
405.9500,1.85267090E+3,
406.100,1.75604272E+3,
406.2500,1.85009180E+3,
406.400,1.80383276E+3,
406.5500,1.70317407E+3,
406.700,1.69693738E+3,
406.8500,1.71425012E+3,
407.00,1.61257898E+3,
407.1500,1.75009949E+3,
407.300,1.72027551E+3,
407.4500,1.66857788E+3,
407.600,1.74128296E+3,
407.7500,1.65173401E+3,
407.900,1.67618250E+3,
408.0500,1.77201001E+3,
408.200,1.77887622E+3,
408.3500,1.69412817E+3,
408.500,1.78098535E+3,
408.6500,1.65580286E+3,
408.800,1.64976514E+3,
408.9500,1.62057935E+3,
409.100,1.61763831E+3,
409.2500,1.63501758E+3,
409.400,1.57582446E+3,
409.5500,1.62064929E+3,
409.700,1.71154822E+3,
409.8500,1.60204761E+3,
410.00,1.55895703E+3,
410.1500,1.52027246E+3,
410.300,1.56070178E+3,
410.4500,1.62835681E+3,
410.600,1.55386853E+3,
410.7500,1.50674756E+3,
410.900,1.48835986E+3,
411.0500,1.53296472E+3,
411.200,1.44588123E+3,
411.3500,1.60187537E+3,
411.500,1.49776270E+3,
411.6500,1.59498474E+3,
411.800,1.48678760E+3,
411.9500,1.58103076E+3,
412.100,1.40044165E+3,
412.2500,1.42634583E+3,
412.400,1.51047595E+3,
412.5500,1.50787158E+3,
412.700,1.41731750E+3,
412.8500,1.47151147E+3,
413.00,1.49446545E+3,
413.1500,1.42531665E+3,
413.300,1.28981677E+3,
413.4500,1.46684570E+3,
413.600,1.42332568E+3,
413.7500,1.47159192E+3,
413.900,1.40700488E+3,
414.0500,1.41577576E+3,
414.200,1.41327209E+3,
414.3500,1.46704260E+3,
414.500,1.45889722E+3,
414.6500,1.41706519E+3,
414.800,1.33741272E+3,
414.9500,1.42616541E+3,
415.100,1.39153784E+3,
415.2500,1.39200293E+3,
415.400,1.36588391E+3,
415.5500,1.33001611E+3,
415.700,1.34870911E+3,
415.8500,1.42883911E+3,
416.00,1.35393640E+3,
416.1500,1.46326563E+3,
416.300,1.40099634E+3,
416.4500,1.37921362E+3,
416.600,1.37974048E+3,
416.7500,1.44288586E+3,
416.900,1.38776270E+3,
417.0500,1.36605652E+3,
417.200,1.33047668E+3,
417.3500,1.37128369E+3,
417.500,1.33298254E+3,
417.6500,1.38483862E+3,
417.800,1.35351440E+3,
417.9500,1.44961133E+3,
418.100,1.42108655E+3,
418.2500,1.39952625E+3,
418.400,1.39872766E+3,
418.5500,1.44352063E+3,
418.700,1.58076758E+3,
418.8500,1.52745276E+3,
419.00,1.62865625E+3,
419.1500,1.68011670E+3,
419.300,1.71224109E+3,
419.4500,1.81730371E+3,
419.600,1.75713867E+3,
419.7500,1.82631836E+3,
419.900,1.65764185E+3,
420.0500,1.72403625E+3,
420.200,1.75048804E+3,
420.3500,1.73437964E+3,
420.500,1.76766516E+3,
420.6500,1.79543701E+3,
420.800,1.89030347E+3,
420.9500,1.62912634E+3,
421.100,1.75546948E+3,
421.2500,1.69296716E+3,
421.400,1.81095142E+3,
421.5500,1.76762439E+3,
421.700,1.73527209E+3,
421.8500,1.70023193E+3,
422.00,1.70887781E+3,
422.1500,1.71495703E+3,
422.300,1.75919092E+3,
422.4500,1.79930579E+3,
422.600,1.80943848E+3,
422.7500,1.72702405E+3,
422.900,1.79704431E+3,
423.0500,1.80451355E+3,
423.200,1.74003796E+3,
423.3500,1.82645325E+3,
423.500,1.68050769E+3,
423.6500,1.74923853E+3,
423.800,1.76769629E+3,
423.9500,1.74678540E+3,
424.100,1.75031665E+3,
424.2500,1.83930530E+3,
424.400,1.78586206E+3,
424.5500,1.76634521E+3,
424.700,1.81866870E+3,
424.8500,1.75851685E+3,
425.00,1.71194800E+3,
425.1500,1.73573010E+3,
425.300,1.74731873E+3,
425.4500,1.80219910E+3,
425.600,1.67039502E+3,
425.7500,1.77935596E+3,
425.900,1.88554492E+3,
426.0500,1.85786938E+3,
426.200,1.83151001E+3,
426.3500,1.78762268E+3,
426.500,1.85174597E+3,
426.6500,1.72289417E+3,
426.800,1.85848303E+3,
426.9500,1.73512402E+3,
427.100,1.75750891E+3,
427.2500,1.67887695E+3,
427.400,1.79426563E+3,
427.5500,1.85842139E+3,
427.700,1.79733765E+3,
427.8500,1.76724646E+3,
428.00,1.74121155E+3,
428.1500,1.85682129E+3,
428.300,1.62260266E+3,
428.4500,1.76376880E+3,
428.600,1.69370972E+3,
428.7500,1.57523193E+3,
428.900,1.71906799E+3,
429.0500,1.73378918E+3,
429.200,1.69879395E+3,
429.3500,1.72970630E+3,
429.500,1.73640759E+3,
429.6500,1.81977368E+3,
429.800,1.71753125E+3,
429.9500,1.71347351E+3,
430.100,1.72672144E+3,
430.2500,1.63365662E+3,
430.400,1.65758337E+3,
430.5500,1.68956836E+3,
430.700,1.74842297E+3,
430.8500,1.68498401E+3,
431.00,1.79487537E+3,
431.1500,1.74474756E+3,
431.300,1.65301880E+3,
431.4500,1.69558630E+3,
431.600,1.63613049E+3,
431.7500,1.62367053E+3,
431.900,1.73061743E+3,
432.0500,1.62700513E+3,
432.200,1.52623730E+3,
432.3500,1.60921106E+3,
432.500,1.63048816E+3,
432.6500,1.61288074E+3,
432.800,1.53897424E+3,
432.9500,1.53210645E+3,
433.100,1.63534546E+3,
433.2500,1.69713794E+3,
433.400,1.50823682E+3,
433.5500,1.60488684E+3,
433.700,1.68411987E+3,
433.8500,1.62122278E+3,
434.00,1.64146045E+3,
434.1500,1.54248511E+3,
434.300,1.72116858E+3,
434.4500,1.60472668E+3,
434.600,1.58083997E+3,
434.7500,1.57573438E+3,
434.900,1.57062537E+3,
435.0500,1.63399878E+3,
435.200,1.58192639E+3,
435.3500,1.55535278E+3,
435.500,1.58787695E+3,
435.6500,1.55860400E+3,
435.800,1.56291516E+3,
435.9500,1.69626086E+3,
436.100,1.57696838E+3,
436.2500,1.49664404E+3,
436.400,1.60189111E+3,
436.5500,1.64664465E+3,
436.700,1.61875391E+3,
436.8500,1.72812976E+3,
437.00,1.59523706E+3,
437.1500,1.51629626E+3,
437.300,1.63127698E+3,
437.4500,1.54555396E+3,
437.600,1.53660413E+3,
437.7500,1.63146619E+3,
437.900,1.63871667E+3,
438.0500,1.67573279E+3,
438.200,1.71969067E+3,
438.3500,1.67185364E+3,
438.500,1.64153247E+3,
438.6500,1.67335608E+3,
438.800,1.67545398E+3,
438.9500,1.65184448E+3,
439.100,1.47945984E+3,
439.2500,1.50061829E+3,
439.400,1.48249707E+3,
439.5500,1.36401526E+3,
439.700,1.54928296E+3,
439.8500,1.49720825E+3,
440.00,1.42741455E+3,
440.1500,1.43091760E+3,
440.300,1.51599780E+3,
440.4500,1.47056970E+3,
440.600,1.40603162E+3,
440.7500,1.40406458E+3,
440.900,1.37756470E+3,
441.0500,1.39328418E+3,
441.200,1.32306482E+3,
441.3500,1.39196692E+3,
441.500,1.43362720E+3,
441.6500,1.50264587E+3,
441.800,1.55669495E+3,
441.9500,1.50003369E+3,
442.100,1.34493176E+3,
442.2500,1.42517432E+3,
442.400,1.49318225E+3,
442.5500,1.41322937E+3,
442.700,1.41546741E+3,
442.8500,1.38751038E+3,
443.00,1.46525415E+3,
443.1500,1.34416077E+3,
443.300,1.31364417E+3,
443.4500,1.35465808E+3,
443.600,1.40262244E+3,
443.7500,1.35275305E+3,
443.900,1.34419812E+3,
444.0500,1.32329504E+3,
444.200,1.39381116E+3,
444.3500,1.35788318E+3,
444.500,1.32187292E+3,
444.6500,1.36484167E+3,
444.800,1.26071387E+3,
444.9500,1.34121851E+3,
445.100,1.36648462E+3,
445.2500,1.39332544E+3,
445.400,1.26536768E+3,
445.5500,1.37314771E+3,
445.700,1.33992688E+3,
445.8500,1.27160059E+3,
446.00,1.26619177E+3,
446.1500,1.27398828E+3,
446.300,1.23536694E+3,
446.4500,1.34177209E+3,
446.600,1.22263538E+3,
446.7500,1.29258606E+3,
446.900,1.29901501E+3,
447.0500,1.31293176E+3,
447.200,1.30347632E+3,
447.3500,1.27397998E+3,
447.500,1.42595642E+3,
447.6500,1.30911731E+3,
447.800,1.30810339E+3,
447.9500,1.24942297E+3,
448.100,1.33927856E+3,
448.2500,1.35793750E+3,
448.400,1.42047314E+3,
448.5500,1.27993579E+3,
448.700,1.36024988E+3,
448.8500,1.25366589E+3,
449.00,1.33151111E+3,
449.1500,1.44952454E+3,
449.300,1.31687390E+3,
449.4500,1.43456860E+3,
449.600,1.56722681E+3,
449.7500,1.76697729E+3,
449.900,1.92293762E+3,
450.0500,2.12766431E+3,
450.200,1.08499367E+2,
450.3500,1.15225502E+2,
450.500,6.88264160E+1,
450.6500,7.85699463E+1,
450.800,8.84007416E+1,
450.9500,1.07834198E+2,
451.100,1.03239006E+2,
451.2500,1.12777939E+2,
451.400,1.04844315E+2,
451.5500,1.38215027E+2,
451.700,1.77946243E+2,
451.8500,1.81138306E+2,
452.00,1.81152649E+2,
452.1500,2.37321030E+2,
452.300,2.37873566E+2,
452.4500,3.01170715E+2,
452.600,3.10831818E+2,
452.7500,2.98643005E+2,
452.900,3.02052032E+2,
453.0500,2.49707794E+2,
453.200,3.27748657E+2,
453.3500,3.04369324E+2,
453.500,3.13052795E+2,
453.6500,3.06609100E+2,
453.800,3.42081604E+2,
453.9500,3.65257324E+2,
454.100,3.58383057E+2,
454.2500,3.57341980E+2,
454.400,4.26139832E+2,
454.5500,4.14566772E+2,
454.700,4.26120880E+2,
454.8500,4.36111755E+2,
455.00,4.89877380E+2,
455.1500,4.73720093E+2,
455.300,4.78747620E+2,
455.4500,4.71248199E+2,
455.600,5.73988647E+2,
455.7500,5.53675964E+2,
455.900,6.55868347E+2,
456.0500,5.71877930E+2,
456.200,6.44336182E+2,
456.3500,6.37337891E+2,
456.500,6.42351501E+2,
456.6500,6.88025146E+2,
456.800,6.62686157E+2,
456.9500,7.93230957E+2,
457.100,7.23879333E+2,
457.2500,7.69377441E+2,
457.400,7.64723755E+2,
457.5500,7.82918335E+2,
457.700,8.14751892E+2,
457.8500,8.46239136E+2,
458.00,8.14006958E+2,
458.1500,9.01042358E+2,
458.300,9.18322327E+2,
458.4500,9.15878540E+2,
458.600,8.41722168E+2,
458.7500,9.52288025E+2,
458.900,8.65519287E+2,
459.0500,8.21628296E+2,
459.200,9.16544312E+2,
459.3500,8.72977112E+2,
459.500,9.75044189E+2,
459.6500,8.47070007E+2,
459.800,8.81690613E+2,
459.9500,8.81092285E+2,
460.100,8.80658936E+2,
460.2500,9.55312683E+2,
460.400,9.01827637E+2,
460.5500,9.51774536E+2,
460.700,1.05486218E+3,
460.8500,9.34767273E+2,
461.00,9.77239685E+2,
461.1500,1.00184735E+3,
461.300,1.05546094E+3,
461.4500,1.14782947E+3,
461.600,1.20058826E+3,
461.7500,1.15089514E+3,
461.900,1.21437854E+3,
462.0500,1.19608411E+3,
462.200,1.38276355E+3,
462.3500,1.47084058E+3,
462.500,1.49504871E+3,
462.6500,1.49407556E+3,
462.800,1.50399780E+3,
462.9500,1.44128027E+3,
463.100,1.33921582E+3,
463.2500,1.38121973E+3,
463.400,1.27460144E+3,
463.5500,1.18353796E+3,
463.700,1.22459131E+3,
463.8500,1.21100183E+3,
464.00,1.17511841E+3,
464.1500,1.17791235E+3,
464.300,1.17116077E+3,
464.4500,1.14751257E+3,
464.600,1.15355554E+3,
464.7500,1.12058167E+3,
464.900,1.07407996E+3,
465.0500,1.09087109E+3,
465.200,1.07007800E+3,
465.3500,1.11423462E+3,
465.500,1.14571399E+3,
465.6500,1.11558093E+3,
465.800,1.14488794E+3,
465.9500,1.16371411E+3,
466.100,1.19306726E+3,
466.2500,1.25456238E+3,
466.400,1.29623584E+3,
466.5500,1.39978503E+3,
466.700,1.62272034E+3,
466.8500,1.75954285E+3,
467.00,1.99784656E+3,
467.1500,2.24407227E+3,
467.300,2.27112134E+3,
467.4500,2.26429321E+3,
467.600,2.16432935E+3,
467.7500,1.95110828E+3,
467.900,1.97230029E+3,
468.0500,1.81094019E+3,
468.200,1.71230347E+3,
468.3500,1.64034570E+3,
468.500,1.51055762E+3,
468.6500,1.45623193E+3,
468.800,1.45481152E+3,
468.9500,1.44630139E+3,
469.100,1.35894714E+3,
469.2500,1.50066968E+3,
469.400,1.44082776E+3,
469.5500,1.41545886E+3,
469.700,1.42044202E+3,
469.8500,1.36485315E+3,
470.00,1.39610535E+3,
470.1500,1.35192798E+3,
470.300,1.30679919E+3,
470.4500,1.38054919E+3,
470.600,1.27306909E+3,
470.7500,1.25422778E+3,
470.900,1.25350537E+3,
471.0500,1.25085449E+3,
471.200,1.19412769E+3,
471.3500,1.25892249E+3,
471.500,1.25342188E+3,
471.6500,1.28203516E+3,
471.800,1.23040710E+3,
471.9500,1.28006274E+3,
472.100,1.15144409E+3,
472.2500,1.28645300E+3,
472.400,1.21505530E+3,
472.5500,1.24183484E+3,
472.700,1.38074622E+3,
472.8500,1.39646997E+3,
473.00,1.55330750E+3,
473.1500,1.76628406E+3,
473.300,1.93818799E+3,
473.4500,1.97698706E+3,
473.600,1.81169971E+3,
473.7500,1.56742896E+3,
473.900,1.55025061E+3,
474.0500,1.40911694E+3,
474.200,1.35309424E+3,
474.3500,1.28007239E+3,
474.500,1.35805872E+3,
474.6500,1.31003943E+3,
474.800,1.33702295E+3,
474.9500,1.29600562E+3,
475.100,1.28306628E+3,
475.2500,1.34517322E+3,
475.400,1.32127136E+3,
475.5500,1.26735730E+3,
475.700,1.34948291E+3,
475.8500,1.30056384E+3,
476.00,1.31666980E+3,
476.1500,1.38989954E+3,
476.300,1.29401599E+3,
476.4500,1.30019922E+3,
476.600,1.37545654E+3,
476.7500,1.36563171E+3,
476.900,1.38984863E+3,
477.0500,1.35502380E+3,
477.200,1.42243762E+3,
477.3500,1.42575562E+3,
477.500,1.42105664E+3,
477.6500,1.49052905E+3,
477.800,1.45977161E+3,
477.9500,1.47412537E+3,
478.100,1.52170337E+3,
478.2500,1.50314197E+3,
478.400,1.56787817E+3,
478.5500,1.53726563E+3,
478.700,1.61209509E+3,
478.8500,1.57142432E+3,
479.00,1.64329333E+3,
479.1500,1.60075952E+3,
479.300,1.65274365E+3,
479.4500,1.55280847E+3,
479.600,1.65011475E+3,
479.7500,1.57828931E+3,
479.900,1.64948340E+3,
480.0500,1.66531055E+3,
480.200,1.68622949E+3,
480.3500,1.88171375E+3,
480.500,1.86842053E+3,
480.6500,1.97932422E+3,
480.800,2.03879639E+3,
480.9500,2.10033813E+3,
481.100,2.07999805E+3,
481.2500,2.07682178E+3,
481.400,2.02202527E+3,
481.5500,2.01982605E+3,
481.700,1.99229968E+3,
481.8500,1.92320239E+3,
482.00,2.03346814E+3,
482.1500,2.03946252E+3,
482.300,1.99168347E+3,
482.4500,2.06769531E+3,
482.600,2.11228979E+3,
482.7500,2.09900903E+3,
482.900,2.12840210E+3,
483.0500,2.09179346E+3,
483.200,2.20689404E+3,
483.3500,2.05539185E+3,
483.500,2.11863916E+3,
483.6500,2.05455884E+3,
483.800,1.98938464E+3,
483.9500,1.92413538E+3,
484.100,1.97732959E+3,
484.2500,1.89886975E+3,
484.400,1.92967004E+3,
484.5500,1.90016321E+3,
484.700,1.92792114E+3,
484.8500,1.93318018E+3,
485.00,1.82778931E+3,
485.1500,1.95000159E+3,
485.300,1.87847156E+3,
485.4500,1.76474915E+3,
485.600,1.86351917E+3,
485.7500,1.78663062E+3,
485.900,1.83821741E+3,
486.0500,1.86518018E+3,
486.200,1.86233948E+3,
486.3500,1.88010352E+3,
486.500,1.89169739E+3,
486.6500,1.91878345E+3,
486.800,1.97172156E+3,
486.9500,2.00818799E+3,
487.100,2.08390283E+3,
487.2500,2.19070142E+3,
487.400,2.19822070E+3,
487.5500,2.38601416E+3,
487.700,2.49212817E+3,
487.8500,2.53301221E+3,
488.00,2.66838477E+3,
488.1500,2.95853052E+3,
488.300,3.15235718E+3,
488.4500,3.31831812E+3,
488.600,3.36275464E+3,
488.7500,3.31773071E+3,
488.900,3.41842651E+3,
489.0500,3.37556445E+3,
489.200,3.22132129E+3,
489.3500,3.29115234E+3,
489.500,3.23476025E+3,
489.6500,3.23677856E+3,
489.800,3.23774536E+3,
489.9500,3.42694043E+3,
490.100,3.48069067E+3,
490.2500,3.74625049E+3,
490.400,3.69148047E+3,
490.5500,4.08240576E+3,
490.700,4.20308594E+3,
490.8500,4.50357373E+3,
491.00,4.66572852E+3,
491.1500,4.72227637E+3,
491.300,5.08850732E+3,
491.4500,5.20449023E+3,
491.600,5.35967627E+3,
491.7500,5.45070215E+3,
491.900,5.49219873E+3,
492.0500,5.60037109E+3,
492.200,5.62299170E+3,
492.3500,5.46026465E+3,
492.500,5.29512939E+3,
492.6500,4.99708643E+3,
492.800,4.84188232E+3,
492.9500,4.75017041E+3,
493.100,4.49231006E+3,
493.2500,4.42877002E+3,
493.400,4.08071289E+3,
493.5500,4.13078564E+3,
493.700,4.03049829E+3,
493.8500,4.06563379E+3,
494.00,3.87643042E+3,
494.1500,3.66765161E+3,
494.300,3.73034595E+3,
494.4500,3.74171997E+3,
494.600,3.76167236E+3,
494.7500,3.64757935E+3,
494.900,3.76513721E+3,
495.0500,3.50160059E+3,
495.200,3.55055566E+3,
495.3500,3.49199561E+3,
495.500,3.50115942E+3,
495.6500,3.60406396E+3,
495.800,3.49361572E+3,
495.9500,3.49952905E+3,
496.100,3.47109912E+3,
496.2500,3.41677563E+3,
496.400,3.32123755E+3,
496.5500,3.35220581E+3,
496.700,3.33119897E+3,
496.8500,3.23422266E+3,
497.00,3.13707178E+3,
497.1500,3.16383032E+3,
497.300,3.13733838E+3,
497.4500,3.18588965E+3,
497.600,3.14300293E+3,
497.7500,3.08040015E+3,
497.900,2.97838330E+3,
498.0500,2.86526904E+3,
498.200,2.94878418E+3,
498.3500,2.92300415E+3,
498.500,3.10637451E+3,
498.6500,3.03133252E+3,
498.800,2.89140234E+3,
498.9500,2.96647412E+3,
499.100,2.92077783E+3,
499.2500,2.82218945E+3,
499.400,2.90181543E+3,
499.5500,2.82285010E+3,
499.700,2.95224316E+3,
499.8500,2.69317261E+3,
500.00,2.64803809E+3,
500.1500,2.69245996E+3,
500.300,2.64062598E+3,
500.4500,2.52109106E+3,
500.600,2.49006470E+3,
500.7500,2.37460254E+3,
500.900,2.39781787E+3,
501.0500,2.28427100E+3,
501.200,2.21280566E+3,
501.3500,2.20470728E+3,
501.500,2.27352344E+3,
501.6500,2.07907788E+3,
501.800,2.00715259E+3,
501.9500,1.95969031E+3,
502.100,2.07214478E+3,
502.2500,2.03585229E+3,
502.400,2.00621460E+3,
502.5500,1.84976111E+3,
502.700,1.85694910E+3,
502.8500,1.78099182E+3,
503.00,1.72401782E+3,
503.1500,1.81448083E+3,
503.300,1.75187915E+3,
503.4500,1.84251477E+3,
503.600,1.83511487E+3,
503.7500,1.71021643E+3,
503.900,1.81234155E+3,
504.0500,1.79018774E+3,
504.200,1.72612598E+3,
504.3500,1.75376685E+3,
504.500,1.83251196E+3,
504.6500,1.69901611E+3,
504.800,1.82103577E+3,
504.9500,1.86817712E+3,
505.100,1.99740027E+3,
505.2500,1.94676807E+3,
505.400,1.95079712E+3,
505.5500,2.05644897E+3,
505.700,2.10971094E+3,
505.8500,2.13560669E+3,
506.00,2.16497534E+3,
506.1500,2.27814893E+3,
506.300,2.26076465E+3,
506.4500,2.41210669E+3,
506.600,2.57521021E+3,
506.7500,2.57412695E+3,
506.900,2.83436475E+3,
507.0500,3.09746045E+3,
507.200,3.15129785E+3,
507.3500,3.24910449E+3,
507.500,3.57708887E+3,
507.6500,3.72407275E+3,
507.800,3.81806104E+3,
507.9500,3.70009009E+3,
508.100,3.68295410E+3,
508.2500,3.77385889E+3,
508.400,3.43821069E+3,
508.5500,3.17169531E+3,
508.700,3.23434937E+3,
508.8500,3.06852222E+3,
509.00,2.81828833E+3,
509.1500,2.75445850E+3,
509.300,2.67177466E+3,
509.4500,2.49992822E+3,
509.600,2.44962939E+3,
509.7500,2.34408105E+3,
509.900,2.33344141E+3,
510.0500,2.25455322E+3,
510.200,2.23425781E+3,
510.3500,2.10439868E+3,
510.500,2.07094727E+3,
510.6500,2.12354980E+3,
510.800,2.14081519E+3,
510.9500,2.10964697E+3,
511.100,2.15769189E+3,
511.2500,2.11702466E+3,
511.400,2.15449219E+3,
511.5500,1.99274475E+3,
511.700,1.94229846E+3,
511.8500,1.73965259E+3,
512.00,1.65795190E+3,
512.1500,1.62620789E+3,
512.300,1.61584485E+3,
512.4500,1.48856628E+3,
512.600,1.38252930E+3,
512.7500,1.44000439E+3,
512.900,1.41265601E+3,
513.0500,1.31344421E+3,
513.200,1.32555701E+3,
513.3500,1.28130139E+3,
513.500,1.22374109E+3,
513.6500,1.20092297E+3,
513.800,1.20211963E+3,
513.9500,1.18042932E+3,
514.100,1.15510986E+3,
514.2500,1.17682471E+3,
514.400,1.17803992E+3,
514.5500,1.09579688E+3,
514.700,9.97641846E+2,
514.8500,1.06774463E+3,
515.00,1.11493555E+3,
515.1500,1.05656189E+3,
515.300,1.01751520E+3,
515.4500,1.07208740E+3,
515.600,1.00251642E+3,
515.7500,1.03034900E+3,
515.900,9.82558594E+2,
516.0500,9.77433228E+2,
516.200,9.58847107E+2,
516.3500,9.12061646E+2,
516.500,9.55863525E+2,
516.6500,9.26148193E+2,
516.800,9.18471497E+2,
516.9500,9.35359436E+2,
517.100,9.14160522E+2,
517.2500,9.28644104E+2,
517.400,8.35893250E+2,
517.5500,8.63894226E+2,
517.700,8.51181824E+2,
517.8500,8.74302246E+2,
518.00,7.79866943E+2,
518.1500,8.31480530E+2,
518.300,8.33578857E+2,
518.4500,8.26986877E+2,
518.600,8.53938599E+2,
518.7500,8.72232117E+2,
518.900,7.85934814E+2,
519.0500,8.35372375E+2,
519.200,7.81340393E+2,
519.3500,8.50887695E+2,
519.500,8.23016968E+2,
519.6500,7.70042542E+2,
519.800,7.80877136E+2,
519.9500,7.77929871E+2,
520.100,7.27264526E+2,
520.2500,8.24874207E+2,
520.400,7.54014343E+2,
520.5500,7.33403381E+2,
520.700,7.75820740E+2,
520.8500,8.12011108E+2,
521.00,7.31969482E+2,
521.1500,7.73237122E+2,
521.300,8.28522888E+2,
521.4500,8.01490356E+2,
521.600,7.90901123E+2,
521.7500,7.87911560E+2,
521.900,7.63286621E+2,
522.0500,7.55162048E+2,
522.200,7.64866150E+2,
522.3500,7.56721313E+2,
522.500,7.85601501E+2,
522.6500,7.31421997E+2,
522.800,7.82089294E+2,
522.9500,7.82886414E+2,
523.100,8.77346985E+2,
523.2500,9.23228210E+2,
523.400,8.41947876E+2,
523.5500,7.60489868E+2,
523.700,7.49704773E+2,
523.8500,8.39475403E+2,
524.00,7.71945496E+2,
524.1500,8.29635254E+2,
524.300,8.60277832E+2,
524.4500,8.23641663E+2,
524.600,8.11555420E+2,
524.7500,8.34480469E+2,
524.900,8.06783630E+2,
525.0500,8.53145935E+2,
525.200,8.47508911E+2,
525.3500,8.50978882E+2,
525.500,8.64888733E+2,
525.6500,9.23222229E+2,
525.800,8.65332947E+2,
525.9500,8.85832336E+2,
526.100,8.82818420E+2,
526.2500,9.15209229E+2,
526.400,9.38476379E+2,
526.5500,1.02091394E+3,
526.700,9.62784607E+2,
526.8500,9.58512878E+2,
527.00,9.75316650E+2,
527.1500,9.86983887E+2,
527.300,1.06736414E+3,
527.4500,1.03947900E+3,
527.600,1.07640112E+3,
527.7500,1.10147290E+3,
527.900,1.07749915E+3,
528.0500,1.15178833E+3,
528.200,1.10923621E+3,
528.3500,1.16245227E+3,
528.500,1.15579724E+3,
528.6500,1.17981873E+3,
528.800,1.21858740E+3,
528.9500,1.19724438E+3,
529.100,1.19993347E+3,
529.2500,1.18652551E+3,
529.400,1.15160754E+3,
529.5500,1.25634985E+3,
529.700,1.23352905E+3,
529.8500,1.29010510E+3,
530.00,1.25782300E+3,
530.1500,1.27538000E+3,
530.300,1.26729834E+3,
530.4500,1.31464905E+3,
530.600,1.35397180E+3,
530.7500,1.40557214E+3,
530.900,1.39621924E+3,
531.0500,1.32436560E+3,
531.200,1.38291162E+3,
531.3500,1.33948340E+3,
531.500,1.38862207E+3,
531.6500,1.39420691E+3,
531.800,1.43120728E+3,
531.9500,1.58448730E+3,
532.100,1.37546484E+3,
532.2500,1.49894348E+3,
532.400,1.51433008E+3,
532.5500,1.54896802E+3,
532.700,1.44208191E+3,
532.8500,1.55102222E+3,
533.00,1.41633374E+3,
533.1500,1.50485645E+3,
533.300,1.38643677E+3,
533.4500,1.52765039E+3,
533.600,1.43942444E+3,
533.7500,1.42720166E+3,
533.900,1.38720203E+3,
534.0500,1.42627173E+3,
534.200,1.45848840E+3,
534.3500,1.46293298E+3,
534.500,1.38934412E+3,
534.6500,1.39510388E+3,
534.800,1.47210071E+3,
534.9500,1.41922888E+3,
535.100,1.54259998E+3,
535.2500,1.38175598E+3,
535.400,1.45483875E+3,
535.5500,1.43397607E+3,
535.700,1.36103979E+3,
535.8500,1.52581775E+3,
536.00,1.47817395E+3,
536.1500,1.54047449E+3,
536.300,1.54782751E+3,
536.4500,1.44774255E+3,
536.600,1.53284363E+3,
536.7500,1.49485388E+3,
536.900,1.55323145E+3,
537.0500,1.59187195E+3,
537.200,1.60647180E+3,
537.3500,1.58978601E+3,
537.500,1.60155334E+3,
537.6500,1.53203210E+3,
537.800,1.58801794E+3,
537.9500,1.51259436E+3,
538.100,1.48423486E+3,
538.2500,1.55324597E+3,
538.400,1.52916479E+3,
538.5500,1.42460107E+3,
538.700,1.44919153E+3,
538.8500,1.48534497E+3,
539.00,1.46826001E+3,
539.1500,1.37903064E+3,
539.300,1.38634985E+3,
539.4500,1.40524731E+3,
539.600,1.37207642E+3,
539.7500,1.34462207E+3,
539.900,1.44475061E+3,
540.0500,1.32293982E+3,
540.200,1.34628430E+3,
540.3500,1.36094324E+3,
540.500,1.29693994E+3,
540.6500,1.39618274E+3,
540.800,1.23858289E+3,
540.9500,1.17273975E+3,
541.100,1.32635437E+3,
541.2500,1.28979443E+3,
541.400,1.29423120E+3,
541.5500,1.25900647E+3,
541.700,1.32076819E+3,
541.8500,1.41358899E+3,
542.00,1.28843921E+3,
542.1500,1.39323694E+3,
542.300,1.38892798E+3,
542.4500,1.37720862E+3,
542.600,1.31658398E+3,
542.7500,1.30919141E+3,
542.900,1.34630798E+3,
543.0500,1.31068750E+3,
543.200,1.28391052E+3,
543.3500,1.31813281E+3,
543.500,1.22270227E+3,
543.6500,1.35992578E+3,
543.800,1.33754443E+3,
543.9500,1.31810120E+3,
544.100,1.31807385E+3,
544.2500,1.31203967E+3,
544.400,1.33901318E+3,
544.5500,1.32696704E+3,
544.700,1.38710425E+3,
544.8500,1.28772095E+3,
545.00,1.31928918E+3,
545.1500,1.20303760E+3,
545.300,1.26634558E+3,
545.4500,1.28591968E+3,
545.600,1.33127917E+3,
545.7500,1.25088782E+3,
545.900,1.25531628E+3,
546.0500,1.21723291E+3,
546.200,1.21716040E+3,
546.3500,1.33741919E+3,
546.500,1.25665002E+3,
546.6500,1.13903992E+3,
546.800,1.23974536E+3,
546.9500,1.29936206E+3,
547.100,1.30707227E+3,
547.2500,1.23964734E+3,
547.400,1.24424817E+3,
547.5500,1.27961377E+3,
547.700,1.30890283E+3,
547.8500,1.22879211E+3,
548.00,1.28432153E+3,
548.1500,1.34926160E+3,
548.300,1.24723059E+3,
548.4500,1.24410327E+3,
548.600,1.34489294E+3,
548.7500,1.20830017E+3,
548.900,1.29217700E+3,
549.0500,1.27660571E+3,
549.200,1.28592053E+3,
549.3500,1.32022009E+3,
549.500,1.32647278E+3,
549.6500,1.30457935E+3,
549.800,1.31394934E+3,
549.9500,1.32333765E+3,
550.100,1.35628711E+3,
550.2500,1.31858533E+3,
550.400,1.39722583E+3,
550.5500,1.38310156E+3,
550.700,1.38155737E+3,
550.8500,1.37684521E+3,
551.00,1.32311279E+3,
551.1500,1.54463403E+3,
551.300,1.54008582E+3,
551.4500,1.47841614E+3,
551.600,1.45630054E+3,
551.7500,1.46115698E+3,
551.900,1.51377307E+3,
552.0500,1.49640564E+3,
552.200,1.47903516E+3,
552.3500,1.44564319E+3,
552.500,1.41536487E+3,
552.6500,1.46506848E+3,
552.800,1.43953894E+3,
552.9500,1.37221680E+3,
553.100,1.41887097E+3,
553.2500,1.39004602E+3,
553.400,1.31604236E+3,
553.5500,1.34506946E+3,
553.700,1.36447461E+3,
553.8500,1.33380237E+3,
554.00,1.34513623E+3,
554.1500,1.27547510E+3,
554.300,1.31435535E+3,
554.4500,1.31595972E+3,
554.600,1.31105530E+3,
554.7500,1.29310535E+3,
554.900,1.24249548E+3,
555.0500,1.29950232E+3,
555.200,1.19645654E+3,
555.3500,1.29935217E+3,
555.500,1.24520093E+3,
555.6500,1.24996948E+3,
555.800,1.32700574E+3,
555.9500,1.25788025E+3,
556.100,1.33346985E+3,
556.2500,1.34166577E+3,
556.400,1.25581433E+3,
556.5500,1.20609888E+3,
556.700,1.31671521E+3,
556.8500,1.25700769E+3,
557.00,1.27010999E+3,
557.1500,1.24674121E+3,
557.300,1.37123743E+3,
557.4500,1.28801624E+3,
557.600,1.33287903E+3,
557.7500,1.29277173E+3,
557.900,1.27761511E+3,
558.0500,1.23233289E+3,
558.200,1.26397607E+3,
558.3500,1.31412915E+3,
558.500,1.27713135E+3,
558.6500,1.27868542E+3,
558.800,1.25668445E+3,
558.9500,1.20936145E+3,
559.100,1.37949683E+3,
559.2500,1.21067249E+3,
559.400,1.31023315E+3,
559.5500,1.26953882E+3,
559.700,1.24738257E+3,
559.8500,1.30661743E+3,
560.00,1.28953870E+3,
560.1500,1.21457947E+3,
560.300,1.11558508E+3,
560.4500,1.15276599E+3,
560.600,1.03466284E+3,
560.7500,1.12823828E+3,
560.900,1.06800037E+3,
561.0500,1.02131488E+3,
561.200,1.09460229E+3,
561.3500,9.98005188E+2,
561.500,1.00779968E+3,
561.6500,9.26356262E+2,
561.800,1.04296289E+3,
561.9500,9.30292236E+2,
562.100,9.02028931E+2,
562.2500,9.20410767E+2,
562.400,8.60885864E+2,
562.5500,8.13354492E+2,
562.700,8.64676331E+2,
562.8500,9.26546814E+2,
563.00,8.31922791E+2,
563.1500,8.69572021E+2,
563.300,8.21815674E+2,
563.4500,8.08876526E+2,
563.600,7.69662659E+2,
563.7500,7.42607239E+2,
563.900,7.29510071E+2,
564.0500,7.63807617E+2,
564.200,7.59559753E+2,
564.3500,7.37690857E+2,
564.500,7.12234131E+2,
564.6500,8.12043945E+2,
564.800,6.71713318E+2,
564.9500,7.31018799E+2,
565.100,6.68172546E+2,
565.2500,7.09857117E+2,
565.400,6.96562195E+2,
565.5500,7.22372620E+2,
565.700,7.33995239E+2,
565.8500,7.75969849E+2,
566.00,6.84089417E+2,
566.1500,6.83118164E+2,
566.300,6.98255066E+2,
566.4500,7.51068909E+2,
566.600,6.76584839E+2,
566.7500,7.90583496E+2,
566.900,6.76388672E+2,
567.0500,6.84390381E+2,
567.200,6.72573669E+2,
567.3500,7.00442322E+2,
567.500,7.10299927E+2,
567.6500,7.18369019E+2,
567.800,7.40946411E+2,
567.9500,7.23672668E+2,
568.100,7.13659119E+2,
568.2500,6.80001587E+2,
568.400,6.55360168E+2,
568.5500,7.10853333E+2,
568.700,6.80708923E+2,
568.8500,7.47329224E+2,
569.00,7.57397888E+2,
569.1500,7.89510132E+2,
569.300,6.76802917E+2,
569.4500,8.22751221E+2,
569.600,7.50247009E+2,
569.7500,6.55460571E+2,
569.900,8.00088440E+2,
570.0500,7.10643433E+2,
570.200,7.50315857E+2,
570.3500,6.90164795E+2,
570.500,7.78069031E+2,
570.6500,7.56751343E+2,
570.800,6.81525024E+2,
570.9500,7.41840820E+2,
571.100,7.78070129E+2,
571.2500,7.28642578E+2,
571.400,7.46263794E+2,
571.5500,7.32169678E+2,
571.700,6.97472534E+2,
571.8500,7.33830933E+2,
572.00,8.35863708E+2,
572.1500,8.18085083E+2,
572.300,6.76276978E+2,
572.4500,8.20007751E+2,
572.600,7.00459167E+2,
572.7500,7.33325684E+2,
572.900,6.86997742E+2,
573.0500,7.23715942E+2,
573.200,7.35959045E+2,
573.3500,7.84220093E+2,
573.500,8.78114807E+2,
573.6500,7.70953552E+2,
573.800,7.26266541E+2,
573.9500,7.72838440E+2,
574.100,8.65266235E+2,
574.2500,8.31978271E+2,
574.400,7.73768860E+2,
574.5500,8.26360168E+2,
574.700,7.85232605E+2,
574.8500,8.37960632E+2,
575.00,8.58176208E+2,
575.1500,8.64991150E+2,
575.300,8.39101379E+2,
575.4500,8.20853821E+2,
575.600,8.02558533E+2,
575.7500,9.94756714E+2,
575.900,9.18604553E+2,
576.0500,9.19721680E+2,
576.200,8.43308594E+2,
576.3500,8.83165344E+2,
576.500,9.60041565E+2,
576.6500,9.61217529E+2,
576.800,1.03642224E+3,
576.9500,9.96725891E+2,
577.100,1.03307678E+3,
577.2500,1.07145825E+3,
577.400,1.00422046E+3,
577.5500,1.13280530E+3,
577.700,1.08117041E+3,
577.8500,1.16299646E+3,
578.00,1.16830530E+3,
578.1500,1.34684949E+3,
578.300,1.17490039E+3,
578.4500,1.22359534E+3,
578.600,1.15780103E+3,
578.7500,1.31141223E+3,
578.900,1.28318518E+3,
579.0500,1.27273328E+3,
579.200,1.18485535E+3,
579.3500,1.23188538E+3,
579.500,1.26509314E+3,
579.6500,1.33023352E+3,
579.800,1.24599487E+3,
579.9500,1.24538904E+3,
580.100,1.17487683E+3,
580.2500,1.27824805E+3,
580.400,1.24166516E+3,
580.5500,1.23907776E+3,
580.700,1.22443787E+3,
580.8500,1.21779785E+3,
581.00,1.33185022E+3,
581.1500,1.46636865E+3,
581.300,1.27047302E+3,
581.4500,1.34263892E+3,
581.600,1.37656335E+3,
581.7500,1.42472961E+3,
581.900,1.38790674E+3,
582.0500,1.48894946E+3,
582.200,1.42372546E+3,
582.3500,1.48034509E+3,
582.500,1.48009094E+3,
582.6500,1.45537170E+3,
582.800,1.49181018E+3,
582.9500,1.45886230E+3,
583.100,1.63246619E+3,
583.2500,1.62216113E+3,
583.400,1.52979919E+3,
583.5500,1.59119275E+3,
583.700,1.71234412E+3,
583.8500,1.68148108E+3,
584.00,1.56605334E+3,
584.1500,1.61541382E+3,
584.300,1.70206848E+3,
584.4500,1.69379553E+3,
584.600,1.75589746E+3,
584.7500,1.63985376E+3,
584.900,1.77882861E+3,
585.0500,1.75810681E+3,
585.200,1.81638049E+3,
585.3500,1.93519568E+3,
585.500,1.76230713E+3,
585.6500,1.95649878E+3,
585.800,1.97553894E+3,
585.9500,1.95066699E+3,
586.100,2.00531689E+3,
586.2500,1.92370850E+3,
586.400,2.00992603E+3,
586.5500,1.89237708E+3,
586.700,2.19977344E+3,
586.8500,2.23600366E+3,
587.00,2.12040015E+3,
587.1500,2.17982788E+3,
587.300,2.16536938E+3,
587.4500,2.16145801E+3,
587.600,2.28045410E+3,
587.7500,2.35727490E+3,
587.900,2.50860693E+3,
588.0500,2.39234033E+3,
588.200,2.41634131E+3,
588.3500,2.51498486E+3,
588.500,2.54129590E+3,
588.6500,2.27714233E+3,
588.800,2.48286694E+3,
588.9500,2.65051172E+3,
589.100,2.71574341E+3,
589.2500,2.66743408E+3,
589.400,2.93483032E+3,
589.5500,2.87373853E+3,
589.700,2.71989551E+3,
589.8500,2.93867651E+3,
590.00,2.86871313E+3,
590.1500,3.06037476E+3,
590.300,3.10102661E+3,
590.4500,3.20027563E+3,
590.600,3.39087915E+3,
590.7500,3.31694336E+3,
590.900,3.33850830E+3,
591.0500,3.41024097E+3,
591.200,3.50403784E+3,
591.3500,3.56313037E+3,
591.500,3.84315796E+3,
591.6500,3.60074536E+3,
591.800,3.78288574E+3,
591.9500,3.83381177E+3,
592.100,4.08684399E+3,
592.2500,4.16220947E+3,
592.400,4.34787695E+3,
592.5500,4.39063428E+3,
592.700,4.28555420E+3,
592.8500,4.48305371E+3,
593.00,4.48624902E+3,
593.1500,4.95703223E+3,
593.300,4.68570020E+3,
593.4500,4.90682764E+3,
593.600,4.71481250E+3,
593.7500,4.90752832E+3,
593.900,4.81534033E+3,
594.0500,5.00877930E+3,
594.200,4.87449902E+3,
594.3500,4.84950537E+3,
594.500,5.07539893E+3,
594.6500,4.82171143E+3,
594.800,5.07283008E+3,
594.9500,4.86568652E+3,
595.100,4.93522217E+3,
595.2500,4.86292188E+3,
595.400,4.78363574E+3,
595.5500,5.16547803E+3,
595.700,4.89612061E+3,
595.8500,5.07728369E+3,
596.00,5.20895850E+3,
596.1500,4.99987207E+3,
596.300,5.05885938E+3,
596.4500,5.37104004E+3,
596.600,5.49912305E+3,
596.7500,5.52237939E+3,
596.900,5.59832275E+3,
597.0500,5.29627295E+3,
597.200,5.62901855E+3,
597.3500,5.65241309E+3,
597.500,5.92892529E+3,
597.6500,5.83293994E+3,
597.800,5.78281396E+3,
597.9500,6.04203613E+3,
598.100,5.98967529E+3,
598.2500,6.01819336E+3,
598.400,6.22993066E+3,
598.5500,6.27271240E+3,
598.700,6.18541895E+3,
598.8500,6.22821387E+3,
599.00,6.19419287E+3,
599.1500,6.48697900E+3,
599.300,6.46507422E+3,
599.4500,6.60920557E+3,
599.600,6.80287744E+3,
599.7500,6.48568311E+3,
599.900,6.67731006E+3,
600.0500,6.77562402E+3,
600.200,6.70520117E+3,
600.3500,7.00483838E+3,
600.500,6.74317188E+3,
600.6500,7.30857275E+3,
600.800,7.05127588E+3,
600.9500,6.89047949E+3,
601.100,7.36641309E+3,
601.2500,7.21598633E+3,
601.400,7.16276611E+3,
601.5500,7.22866748E+3,
601.700,7.25650977E+3,
601.8500,7.76077393E+3,
602.00,7.74390088E+3,
602.1500,7.83035791E+3,
602.300,7.85932227E+3,
602.4500,7.75106104E+3,
602.600,7.89090234E+3,
602.7500,7.99248633E+3,
602.900,8.45007422E+3,
603.0500,8.43634668E+3,
603.200,8.56316211E+3,
603.3500,8.91638965E+3,
603.500,9.02232520E+3,
603.6500,9.27240430E+3,
603.800,9.40841797E+3,
603.9500,9.49346191E+3,
604.100,9.69857129E+3,
604.2500,9.94586523E+3,
604.400,1.01275352E+4,
604.5500,1.01940703E+4,
604.700,1.01671582E+4,
604.8500,1.03917744E+4,
605.00,1.06318340E+4,
605.1500,1.07316318E+4,
605.300,1.11810791E+4,
605.4500,1.08798574E+4,
605.600,1.09132256E+4,
605.7500,1.15290771E+4,
605.900,1.16531543E+4,
606.0500,1.15930674E+4,
606.200,1.18307998E+4,
606.3500,1.20742139E+4,
606.500,1.17490508E+4,
606.6500,1.27289014E+4,
606.800,1.28010820E+4,
606.9500,1.27449629E+4,
607.100,1.30597832E+4,
607.2500,1.36283643E+4,
607.400,1.33685059E+4,
607.5500,1.36476973E+4,
607.700,1.37550791E+4,
607.8500,1.36999961E+4,
608.00,1.39018945E+4,
608.1500,1.44638672E+4,
608.300,1.43633438E+4,
608.4500,1.48073857E+4,
608.600,1.49503799E+4,
608.7500,1.52528486E+4,
608.900,1.52991895E+4,
609.0500,1.53329727E+4,
609.200,1.56148096E+4,
609.3500,1.49395283E+4,
609.500,1.54852754E+4,
609.6500,1.58928115E+4,
609.800,1.58112451E+4,
609.9500,1.56514395E+4,
610.100,1.65612188E+4,
610.2500,1.61422393E+4,
610.400,1.59985908E+4,
610.5500,1.66780996E+4,
610.700,1.70664023E+4,
610.8500,1.70990977E+4,
611.00,1.71134375E+4,
611.1500,1.66749297E+4,
611.300,1.67963965E+4,
611.4500,1.76864902E+4,
611.600,1.73655723E+4,
611.7500,1.74885215E+4,
611.900,1.67204707E+4,
612.0500,1.77990195E+4,
612.200,1.77044238E+4,
612.3500,1.64527227E+4,
612.500,1.64757031E+4,
612.6500,1.60147822E+4,
612.800,1.60504023E+4,
612.9500,1.57776738E+4,
613.100,1.54802705E+4,
613.2500,1.54107549E+4,
613.400,1.52628232E+4,
613.5500,1.54517109E+4,
613.700,1.50085938E+4,
613.8500,1.50621875E+4,
614.00,1.48853867E+4,
614.1500,1.48178184E+4,
614.300,1.45703633E+4,
614.4500,1.45564336E+4,
614.600,1.41465400E+4,
614.7500,1.41836836E+4,
614.900,1.43277217E+4,
615.0500,1.47823818E+4,
615.200,1.36971846E+4,
615.3500,1.39048447E+4,
615.500,1.43006650E+4,
615.6500,1.42226768E+4,
615.800,1.41637109E+4,
615.9500,1.39437559E+4,
616.100,1.39951465E+4,
616.2500,1.37825078E+4,
616.400,1.40593760E+4,
616.5500,1.37957695E+4,
616.700,1.34194248E+4,
616.8500,1.26329590E+4,
617.00,1.31507188E+4,
617.1500,1.26537432E+4,
617.300,1.29908223E+4,
617.4500,1.26778027E+4,
617.600,1.27985391E+4,
617.7500,1.28093125E+4,
617.900,1.23865049E+4,
618.0500,1.24450215E+4,
618.200,1.26805840E+4,
618.3500,1.23414434E+4,
618.500,1.24205723E+4,
618.6500,1.21625684E+4,
618.800,1.24907275E+4,
618.9500,1.24986631E+4,
619.100,1.23775938E+4,
619.2500,1.21237500E+4,
619.400,1.20304971E+4,
619.5500,1.19975215E+4,
619.700,1.26390557E+4,
619.8500,1.20413135E+4,
620.00,1.22986387E+4,
620.1500,1.26413760E+4,
620.300,1.20111006E+4,
620.4500,1.19891963E+4,
620.600,1.23038018E+4,
620.7500,1.18657900E+4,
620.900,1.21459629E+4,
621.0500,1.21856152E+4,
621.200,1.19951602E+4,
621.3500,1.17035283E+4,
621.500,1.22896924E+4,
621.6500,1.16268809E+4,
621.800,1.16209316E+4,
621.9500,1.12817109E+4,
622.100,1.11705684E+4,
622.2500,1.14052490E+4,
622.400,1.11352480E+4,
622.5500,1.07054346E+4,
622.700,1.03491113E+4,
622.8500,1.03011768E+4,
623.00,1.03765254E+4,
623.1500,1.03165264E+4,
623.300,1.01746426E+4,
623.4500,9.76271875E+3,
623.600,1.00075557E+4,
623.7500,9.83689063E+3,
623.900,9.44944238E+3,
624.0500,9.39923926E+3,
624.200,9.45608301E+3,
624.3500,9.33555566E+3,
624.500,9.22374805E+3,
624.6500,9.16986719E+3,
624.800,9.02648926E+3,
624.9500,8.81473633E+3,
625.100,8.58705469E+3,
625.2500,8.48553613E+3,
625.400,8.93858398E+3,
625.5500,8.64156641E+3,
625.700,8.64839258E+3,
625.8500,8.33094043E+3,
626.00,8.42771484E+3,
626.1500,8.32788867E+3,
626.300,8.44711914E+3,
626.4500,8.45054395E+3,
626.600,8.45078906E+3,
626.7500,8.38477734E+3,
626.900,8.65337012E+3,
627.0500,7.90687695E+3,
627.200,8.44506836E+3,
627.3500,8.25448340E+3,
627.500,8.32735059E+3,
627.6500,8.34943555E+3,
627.800,7.82197266E+3,
627.9500,7.40774072E+3,
628.100,7.36405420E+3,
628.2500,7.40055469E+3,
628.400,7.65931348E+3,
628.5500,7.53515918E+3,
628.700,7.12934375E+3,
628.8500,7.67066211E+3,
629.00,7.17589844E+3,
629.1500,7.00443994E+3,
629.300,7.11560010E+3,
629.4500,6.99877002E+3,
629.600,6.92068213E+3,
629.7500,6.84226318E+3,
629.900,6.78320752E+3,
630.0500,6.81600439E+3,
630.200,6.82266553E+3,
630.3500,6.84581885E+3,
630.500,6.83265381E+3,
630.6500,6.80284424E+3,
630.800,6.80939795E+3,
630.9500,6.80597754E+3,
631.100,6.75935498E+3,
631.2500,6.75601904E+3,
631.400,6.29421436E+3,
631.5500,6.52122363E+3,
631.700,6.72559619E+3,
631.8500,6.64798926E+3,
632.00,6.65773682E+3,
632.1500,6.69459912E+3,
632.300,6.57919385E+3,
632.4500,6.54473584E+3,
632.600,6.37072705E+3,
632.7500,6.74440723E+3,
632.900,6.95913232E+3,
633.0500,6.85658398E+3,
633.200,6.42800879E+3,
633.3500,6.83540820E+3,
633.500,7.01390283E+3,
633.6500,6.58646729E+3,
633.800,6.84453467E+3,
633.9500,6.83370557E+3,
634.100,6.95111768E+3,
634.2500,6.63129834E+3,
634.400,6.85664063E+3,
634.5500,6.90845801E+3,
634.700,6.73683008E+3,
634.8500,6.45595996E+3,
635.00,6.64051367E+3,
635.1500,6.58714648E+3,
635.300,6.30458643E+3,
635.4500,6.76553320E+3,
635.600,6.48213525E+3,
635.7500,6.67239063E+3,
635.900,6.41955908E+3,
636.0500,6.31876855E+3,
636.200,6.32116797E+3,
636.3500,6.19849951E+3,
636.500,6.31873633E+3,
636.6500,5.94437939E+3,
636.800,5.75536670E+3,
636.9500,5.81051074E+3,
637.100,5.83324512E+3,
637.2500,6.01151953E+3,
637.400,5.92229297E+3,
637.5500,5.55301709E+3,
637.700,5.46971582E+3,
637.8500,5.33863818E+3,
638.00,5.64914014E+3,
638.1500,5.65302832E+3,
638.300,5.42945166E+3,
638.4500,5.49167822E+3,
638.600,5.18213330E+3,
638.7500,5.32156592E+3,
638.900,4.96603857E+3,
639.0500,5.23533447E+3,
639.200,5.22374658E+3,
639.3500,4.86982275E+3,
639.500,5.10343115E+3,
639.6500,4.99804785E+3,
639.800,4.79488818E+3,
639.9500,4.81967041E+3,
640.100,4.81850635E+3,
640.2500,5.11878271E+3,
640.400,4.74843994E+3,
640.5500,4.79636523E+3,
640.700,5.09844678E+3,
640.8500,4.71422021E+3,
641.00,4.85748242E+3,
641.1500,4.75717139E+3,
641.300,4.67552344E+3,
641.4500,4.86934668E+3,
641.600,4.63781396E+3,
641.7500,4.65920410E+3,
641.900,4.42234375E+3,
642.0500,4.47034131E+3,
642.200,4.40617822E+3,
642.3500,4.41544385E+3,
642.500,4.09812256E+3,
642.6500,4.14181006E+3,
642.800,4.40821631E+3,
642.9500,3.71319043E+3,
643.100,3.74056738E+3,
643.2500,3.79945728E+3,
643.400,3.48059595E+3,
643.5500,3.65752124E+3,
643.700,3.69283374E+3,
643.8500,3.56583350E+3,
644.00,3.39858203E+3,
644.1500,3.29427661E+3,
644.300,3.18951758E+3,
644.4500,3.28007227E+3,
644.600,3.25889014E+3,
644.7500,3.18545068E+3,
644.900,3.29260474E+3,
645.0500,3.20688306E+3,
645.200,3.11688452E+3,
645.3500,2.92937769E+3,
645.500,2.92757007E+3,
645.6500,2.84853662E+3,
645.800,3.05827832E+3,
645.9500,2.89753491E+3,
646.100,2.80979102E+3,
646.2500,2.94303564E+3,
646.400,2.71535620E+3,
646.5500,2.85718677E+3,
646.700,2.78920068E+3,
646.8500,2.61338940E+3,
647.00,2.55697314E+3,
647.1500,2.67880591E+3,
647.300,2.66380103E+3,
647.4500,2.86144922E+3,
647.600,2.46216650E+3,
647.7500,2.57642480E+3,
647.900,2.54002710E+3,
648.0500,2.61281738E+3,
648.200,2.49188477E+3,
648.3500,2.35774951E+3,
648.500,2.66340430E+3,
648.6500,2.54601538E+3,
648.800,2.30054102E+3,
648.9500,2.45458521E+3,
649.100,2.26339355E+3,
649.2500,2.23829419E+3,
649.400,2.09727881E+3,
649.5500,2.36826465E+3,
649.700,2.27858691E+3,
649.8500,2.31369556E+3,
650.00,2.38355078E+3,
650.1500,2.39320410E+3,
650.300,2.32032861E+3,
650.4500,2.28631079E+3,
650.600,2.36124512E+3,
650.7500,2.16529370E+3,
650.900,2.24904126E+3,
651.0500,2.23212329E+3,
651.200,2.22839380E+3,
651.3500,2.53361475E+3,
651.500,2.35357300E+3,
651.6500,2.36780078E+3,
651.800,2.72872656E+3,
651.9500,2.89974854E+3,
652.100,2.66521826E+3,
652.2500,3.01125952E+3,
652.400,3.17498413E+3,
652.5500,3.26302051E+3,
652.700,3.41450244E+3,
652.8500,3.35897192E+3,
653.00,3.35294922E+3,
653.1500,2.74824219E+3,
653.300,2.78168042E+3,
653.4500,2.67403638E+3,
653.600,2.35131152E+3,
653.7500,2.42065186E+3,
653.900,2.26557202E+3,
654.0500,2.25230127E+3,
654.200,2.44633154E+3,
654.3500,2.16101245E+3,
654.500,2.17057617E+3,
654.6500,2.09204053E+3,
654.800,2.24094751E+3,
654.9500,2.08297241E+3,
655.100,1.93829675E+3,
655.2500,2.14873877E+3,
655.400,2.10207568E+3,
655.5500,2.07399658E+3,
655.700,2.25318408E+3,
655.8500,2.03631812E+3,
656.00,2.02206946E+3,
656.1500,1.81313171E+3,
656.300,1.94099255E+3,
656.4500,1.92161560E+3,
656.600,2.05029736E+3,
656.7500,1.97358142E+3,
656.900,1.88690186E+3,
657.0500,1.75170349E+3,
657.200,1.99696130E+3,
657.3500,1.78888110E+3,
657.500,1.65251294E+3,
657.6500,1.79237219E+3,
657.800,1.59693347E+3,
657.9500,1.52257593E+3,
658.100,1.66311536E+3,
658.2500,1.67194104E+3,
658.400,1.60708215E+3,
658.5500,1.81284961E+3,
658.700,1.66405530E+3,
658.8500,1.69273206E+3,
659.00,1.54293298E+3,
659.1500,1.54656482E+3,
659.300,1.52528210E+3,
659.4500,1.56384717E+3,
659.600,1.45234412E+3,
659.7500,1.49090454E+3,
659.900,1.55983142E+3,
660.0500,1.55847852E+3,
660.200,1.23863452E+3,
660.3500,1.21118359E+3,
660.500,1.33598999E+3,
660.6500,1.41046814E+3,
660.800,1.25560962E+3,
660.9500,1.34047009E+3,
661.100,1.30269507E+3,
661.2500,1.36757959E+3,
661.400,1.31423767E+3,
661.5500,1.34329041E+3,
661.700,1.43462842E+3,
661.8500,1.49525647E+3,
662.00,1.25951270E+3,
662.1500,1.39828198E+3,
662.300,1.29713257E+3,
662.4500,1.39472131E+3,
662.600,1.39817383E+3,
662.7500,1.15397852E+3,
662.900,1.23079187E+3,
663.0500,1.28148584E+3,
663.200,1.33239172E+3,
663.3500,1.56978552E+3,
663.500,1.39759131E+3,
663.6500,1.12294775E+3,
663.800,1.16857922E+3,
663.9500,9.40375916E+2,
664.100,1.16348792E+3,
664.2500,1.18246533E+3,
664.400,1.12034473E+3,
664.5500,1.15014880E+3,
664.700,1.03869702E+3,
664.8500,9.86669495E+2,
665.00,1.02728040E+3,
665.1500,1.03519604E+3,
665.300,8.94907532E+2,
665.4500,9.52065186E+2,
665.600,9.43293884E+2,
665.7500,1.02847705E+3,
665.900,8.20303894E+2,
666.0500,1.03893250E+3,
666.200,9.35600708E+2,
666.3500,8.65264526E+2,
666.500,8.50544312E+2,
666.6500,8.24532532E+2,
666.800,8.48993530E+2,
666.9500,7.15761780E+2,
667.100,7.96578308E+2,
667.2500,8.26819397E+2,
667.400,8.00435181E+2,
667.5500,8.02371338E+2,
667.700,7.98608521E+2,
667.8500,7.20487671E+2,
668.00,6.70644470E+2,
668.1500,7.41288086E+2,
668.300,7.77717834E+2,
668.4500,8.54754761E+2,
668.600,6.25310181E+2,
668.7500,5.86253784E+2,
668.900,6.63380493E+2,
669.0500,7.70085266E+2,
669.200,7.01908386E+2,
669.3500,6.62693420E+2,
669.500,7.40867249E+2,
669.6500,6.19007507E+2,
669.800,5.08325745E+2,
669.9500,7.17078613E+2,
670.100,6.29820251E+2,
670.2500,7.92296814E+2,
670.400,5.61423584E+2,
670.5500,7.12584961E+2,
670.700,5.88360107E+2,
670.8500,6.38044678E+2,
671.00,7.06089722E+2,
671.1500,6.71534241E+2,
671.300,6.42868774E+2,
671.4500,5.16781799E+2,
671.600,6.03386658E+2,
671.7500,6.35428406E+2,
671.900,5.51251038E+2,
672.0500,6.75399536E+2,
672.200,5.66229492E+2,
672.3500,6.16938110E+2,
672.500,6.36965942E+2,
672.6500,5.88898804E+2,
672.800,5.96521851E+2,
672.9500,7.59894897E+2,
673.100,6.43109253E+2,
673.2500,6.25906555E+2,
673.400,6.71360840E+2,
673.5500,6.73006042E+2,
673.700,6.36824463E+2,
673.8500,6.38386230E+2,
674.00,5.63918640E+2,
674.1500,6.22523438E+2,
674.300,5.73159546E+2,
674.4500,7.85311707E+2,
674.600,6.01685364E+2,
674.7500,6.41721680E+2,
674.900,5.79022461E+2,
675.0500,6.90158630E+2,
675.200,6.66080566E+2,
675.3500,7.26160583E+2,
675.500,6.76042175E+2,
675.6500,5.93073792E+2,
675.800,6.14217712E+2,
675.9500,6.35468506E+2,
676.100,7.75073425E+2,
676.2500,5.59788635E+2,
676.400,7.59361389E+2,
676.5500,6.95161377E+2,
676.700,5.57599304E+2,
676.8500,5.59074158E+2,
677.00,5.00494598E+2,
677.1500,5.35277466E+2,
677.300,6.44037659E+2,
677.4500,5.78482605E+2,
677.600,7.01419556E+2,
677.7500,5.13938904E+2,
677.900,6.10232178E+2,
678.0500,7.07020630E+2,
678.200,5.58910278E+2,
678.3500,6.35537842E+2,
678.500,6.02937012E+2,
678.6500,6.38857910E+2,
678.800,6.26750977E+2,
678.9500,8.14832886E+2,
679.100,6.71546204E+2,
679.2500,5.48329346E+2,
679.400,6.05403503E+2,
679.5500,6.69743225E+2,
679.700,6.22499878E+2,
679.8500,6.10072144E+2,
680.00,4.79639923E+2,
680.1500,7.00229858E+2,
680.300,6.09962463E+2,
680.4500,5.68977173E+2,
680.600,6.20476318E+2,
680.7500,4.93465881E+2,
680.900,5.88065063E+2,
681.0500,6.40029297E+2,
681.200,5.62460999E+2,
681.3500,7.59234802E+2,
681.500,6.45307190E+2,
681.6500,5.45291748E+2,
681.800,7.14472290E+2,
681.9500,5.62914734E+2,
682.100,5.71775696E+2,
682.2500,6.10073303E+2,
682.400,5.89614685E+2,
682.5500,7.68574890E+2,
682.700,8.07708923E+2,
682.8500,6.76154724E+2,
683.00,7.00341431E+2,
683.1500,8.06809082E+2,
683.300,7.34071594E+2,
683.4500,7.58577393E+2,
683.600,7.15433228E+2,
683.7500,8.60831604E+2,
683.900,6.51149963E+2,
684.0500,6.07354980E+2,
684.200,6.54670898E+2,
684.3500,9.54129578E+2,
684.500,7.80676514E+2,
684.6500,6.83023987E+2,
684.800,5.92532288E+2,
684.9500,8.17906128E+2,
685.100,8.04648560E+2,
685.2500,8.14586914E+2,
685.400,7.54564758E+2,
685.5500,5.69409302E+2,
685.700,8.21237854E+2,
685.8500,8.39155090E+2,
686.00,8.41437500E+2,
686.1500,8.35832458E+2,
686.300,8.22285034E+2,
686.4500,8.08659729E+2,
686.600,8.18804565E+2,
686.7500,1.00436584E+3,
686.900,8.79212341E+2,
687.0500,9.13670044E+2,
687.200,1.04476526E+3,
687.3500,1.00734253E+3,
687.500,8.00009460E+2,
687.6500,9.80481628E+2,
687.800,1.06443738E+3,
687.9500,8.79970459E+2,
688.100,9.39588440E+2,
688.2500,9.58565186E+2,
688.400,1.04336633E+3,
688.5500,9.06198914E+2,
688.700,9.66530457E+2,
688.8500,9.11217712E+2,
689.00,1.07156860E+3,
689.1500,1.03283240E+3,
689.300,9.60471130E+2,
689.4500,8.45837585E+2,
689.600,8.98523743E+2,
689.7500,1.00201398E+3,
689.900,9.11870056E+2,
690.0500,1.08367114E+3,
690.200,9.59259277E+2,
690.3500,9.02265747E+2,
690.500,1.00712311E+3,
690.6500,1.00984735E+3,
690.800,1.10697327E+3,
690.9500,9.37882507E+2,
691.100,7.50623108E+2,
691.2500,9.34352478E+2,
691.400,9.45582031E+2,
691.5500,8.95975525E+2,
691.700,1.04671216E+3,
691.8500,9.79607605E+2,
692.00,9.91063782E+2,
692.1500,9.76202942E+2,
692.300,8.55427673E+2,
692.4500,9.90432678E+2,
692.600,1.02863501E+3,
692.7500,1.09371912E+3,
692.900,1.01649310E+3,
693.0500,1.12658752E+3,
693.200,1.15656775E+3,
693.3500,1.06084351E+3,
693.500,1.02769202E+3,
693.6500,9.67235535E+2,
693.800,8.79247192E+2,
693.9500,9.72556213E+2,
694.100,1.01169086E+3,
694.2500,1.17898987E+3,
694.400,1.13642017E+3,
694.5500,8.82238342E+2,
694.700,9.58399109E+2,
694.8500,9.14845398E+2,
695.00,1.02857483E+3,
695.1500,9.29258423E+2,
695.300,9.78475586E+2,
695.4500,1.22421362E+3,
695.600,1.03087268E+3,
695.7500,1.05258667E+3,
695.900,1.17809131E+3,
696.0500,1.14361890E+3,
696.200,9.85716736E+2,
696.3500,1.02651794E+3,
696.500,1.09613904E+3,
696.6500,1.30952881E+3,
696.800,1.25572083E+3,
696.9500,1.35540576E+3,
697.100,1.33026282E+3,
697.2500,1.35327161E+3,
697.400,1.44425293E+3,
697.5500,1.04001917E+3,
697.700,1.25732886E+3,
697.8500,1.08488745E+3,
698.00,1.36232349E+3,
698.1500,1.39559680E+3,
698.300,1.31078076E+3,
698.4500,1.30454822E+3,
698.600,1.21898999E+3,
698.7500,1.38140112E+3,
698.900,1.11618066E+3,
699.0500,1.25922778E+3,
699.200,1.38306177E+3,
699.3500,1.37693335E+3,
699.500,1.19941736E+3,
699.6500,1.20282642E+3,
699.800,1.15556458E+3,
699.9500,1.15885388E+3,
700.100,1.19268909E+3,
700.2500,1.34935144E+3,
700.400,1.33261829E+3,
700.5500,1.27466467E+3,
700.700,1.31946252E+3,
700.8500,1.08540161E+3,
701.00,1.21283618E+3,
701.1500,1.32004956E+3,
701.300,1.18812488E+3,
701.4500,1.29583728E+3,
701.600,1.35173340E+3,
701.7500,1.35539050E+3,
701.900,1.26424414E+3,
702.0500,1.27823230E+3,
702.200,1.20754565E+3,
702.3500,1.37013574E+3,
702.500,1.25670117E+3,
702.6500,1.34554492E+3,
702.800,1.65973010E+3,
702.9500,1.34213074E+3,
703.100,1.24898389E+3,
703.2500,1.34971106E+3,
703.400,1.38603625E+3,
703.5500,1.40084045E+3,
703.700,1.50284302E+3,
703.8500,1.52897156E+3,
704.00,1.47857410E+3,
704.1500,1.46098950E+3,
704.300,1.43227307E+3,
704.4500,1.43652832E+3,
704.600,1.66246277E+3,
704.7500,1.45620703E+3,
704.900,1.30446021E+3,
705.0500,1.49844727E+3,
705.200,1.50289819E+3,
705.3500,1.40612634E+3,
705.500,1.36518250E+3,
705.6500,1.53899512E+3,
705.800,1.38468823E+3,
705.9500,1.50266211E+3,
706.100,1.27874341E+3,
706.2500,1.44279846E+3,
706.400,1.33218567E+3,
706.5500,1.76226318E+3,
706.700,1.54795374E+3,
706.8500,1.51774805E+3,
707.00,1.53383569E+3,
707.1500,1.08382275E+3,
707.300,1.49608594E+3,
707.4500,1.52392102E+3,
707.600,1.41082861E+3,
707.7500,1.60364124E+3,
707.900,1.36001392E+3,
708.0500,1.63679260E+3,
708.200,1.48688416E+3,
708.3500,1.34802966E+3,
708.500,1.43567883E+3,
708.6500,1.15187207E+3,
708.800,1.62451782E+3,
708.9500,1.47234497E+3,
709.100,1.64592297E+3,
709.2500,1.67475818E+3,
709.400,1.30214893E+3,
709.5500,1.56203748E+3,
709.700,1.41953174E+3,
709.8500,1.61982385E+3,
710.00,1.36591833E+3,
710.1500,1.80149988E+3,
710.300,1.45996863E+3,
710.4500,1.61282092E+3,
710.600,1.33109399E+3,
710.7500,1.74636975E+3,
710.900,1.18827368E+3,
711.0500,1.25425354E+3,
711.200,1.40867688E+3,
711.3500,1.53872913E+3,
711.500,1.17623877E+3,
711.6500,1.23025781E+3,
711.800,1.34816394E+3,
711.9500,1.35193689E+3,
712.100,1.54761475E+3,
712.2500,1.42375269E+3,
712.400,1.14482104E+3,
712.5500,1.36738281E+3,
712.700,1.73351257E+3,
712.8500,1.50494067E+3,
713.00,1.41817017E+3,
713.1500,1.44822583E+3,
713.300,1.17751941E+3,
713.4500,1.70561975E+3,
713.600,1.56567004E+3,
713.7500,1.05550195E+3,
713.900,1.29661926E+3,
714.0500,1.37984863E+3,
714.200,1.55662524E+3,
714.3500,1.37415771E+3,
714.500,1.49837231E+3,
714.6500,1.51594727E+3,
714.800,1.30491431E+3,
714.9500,1.34901270E+3,
715.100,1.35284497E+3,
715.2500,1.62807800E+3,
715.400,1.04768896E+3,
715.5500,1.52829834E+3,
715.700,1.51901794E+3,
715.8500,1.34498401E+3,
716.00,1.29381262E+3,
716.1500,1.50468408E+3,
716.300,1.37066138E+3,
716.4500,1.20806958E+3,
716.600,1.40660815E+3,
716.7500,1.22917883E+3,
716.900,1.45696167E+3,
717.0500,1.36289514E+3,
717.200,1.36686133E+3,
717.3500,1.78068286E+3,
717.500,1.38901514E+3,
717.6500,1.17984692E+3,
717.800,1.32586145E+3,
717.9500,1.35833789E+3,
718.100,1.06112878E+3,
718.2500,1.03541235E+3,
718.400,9.95121765E+2,
718.5500,1.22939978E+3,
718.700,1.18942371E+3,
718.8500,1.17830432E+3,
719.00,1.18170398E+3,
719.1500,9.94873413E+2,
719.300,1.20311975E+3,
719.4500,1.20655273E+3,
719.600,1.37231580E+3,
719.7500,1.24305530E+3,
719.900,1.20209290E+3,
720.0500,1.29482520E+3,
720.200,1.10447595E+3,
720.3500,1.15252197E+3,
720.500,1.00570020E+3,
720.6500,1.06878210E+3,
720.800,1.04164038E+3,
720.9500,1.10517419E+3,
721.100,1.47266064E+3,
721.2500,1.12662195E+3,
721.400,1.00764539E+3,
721.5500,9.95165161E+2,
721.700,1.30502881E+3,
721.8500,1.18552966E+3,
722.00,1.11167029E+3,
722.1500,1.13020679E+3,
722.300,1.27303687E+3,
722.4500,1.19870203E+3,
722.600,1.09273047E+3,
722.7500,1.53404004E+3,
722.900,1.13016138E+3,
723.0500,9.44413147E+2,
723.200,8.68134216E+2,
723.3500,1.32959094E+3,
723.500,9.52370483E+2,
723.6500,1.08238379E+3,
723.800,1.18119727E+3,
723.9500,1.16851233E+3,
724.100,1.17186609E+3,
724.2500,1.30406128E+3,
724.400,1.27555725E+3,
724.5500,1.27926550E+3,
724.700,1.39667163E+3,
724.8500,1.04241223E+3,
725.00,1.11079407E+3,
725.1500,1.06484924E+3,
725.300,1.03506165E+3,
725.4500,1.28520557E+3,
725.600,9.25379456E+2,
725.7500,1.20978967E+3,
725.900,1.11357373E+3,
726.0500,1.08342920E+3,
726.200,1.20346558E+3,
726.3500,1.17331482E+3,
726.500,1.09256299E+3,
726.6500,1.24733533E+3,
726.800,1.36916455E+3,
726.9500,1.10180432E+3,
727.100,8.15893921E+2,
727.2500,8.18136902E+2,
727.400,1.24767529E+3,
727.5500,8.22649048E+2,
727.700,1.11707593E+3,
727.8500,9.13360596E+2,
728.00,1.07141187E+3,
728.1500,9.70371033E+2,
728.300,1.25103052E+3,
728.4500,9.75686707E+2,
728.600,9.43417908E+2,
728.7500,1.06863525E+3,
728.900,1.08913647E+3,
729.0500,1.21545313E+3,
729.200,8.30233276E+2,
729.3500,6.73132446E+2,
729.500,8.88183716E+2,
729.6500,1.15788062E+3,
729.800,7.85998413E+2,
729.9500,9.49433777E+2,
730.100,1.16770813E+3,
730.2500,9.54851685E+2,
730.400,7.76907837E+2,
730.5500,7.24774475E+2,
730.700,9.44908081E+2,
730.8500,9.11173279E+2,
731.00,9.13791748E+2,
731.1500,1.08128674E+3,
731.300,8.45394043E+2,
731.4500,8.47760193E+2,
731.600,1.07191016E+3,
731.7500,9.63718628E+2,
731.900,9.47840698E+2,
732.0500,9.13212708E+2,
732.200,9.53105957E+2,
732.3500,1.25557373E+3,
732.500,9.01999573E+2,
732.6500,1.24367957E+3,
732.800,1.09595520E+3,
732.9500,8.14769592E+2,
733.100,1.31109229E+3,
733.2500,1.04802954E+3,
733.400,7.83471680E+2,
733.5500,9.58162170E+2,
733.700,9.60881775E+2,
733.8500,1.07924585E+3,
734.00,1.14029749E+3,
734.1500,8.91606750E+2,
734.300,1.08856384E+3,
734.4500,1.15019055E+3,
734.600,1.27082153E+3,
734.7500,1.17646045E+3,
734.900,1.06188330E+3,
735.0500,1.12410791E+3,
735.200,1.28552991E+3,
735.3500,8.92521118E+2,
735.500,1.33266016E+3,
735.6500,1.33647217E+3,
735.800,1.20026709E+3,
735.9500,1.16358398E+3,
736.100,1.30765918E+3,
736.2500,1.14987964E+3,
736.400,1.23397241E+3,
736.5500,1.17652869E+3,
736.700,1.15944360E+3,
736.8500,1.50941296E+3,
737.00,1.16588086E+3,
737.1500,1.31250183E+3,
737.300,1.06921362E+3,
737.4500,6.18478882E+2,
737.600,1.13686743E+3,
737.7500,7.87544922E+2,
737.900,9.55863403E+2,
738.0500,1.04169458E+3,
738.200,9.81686401E+2,
738.3500,9.42308044E+2,
738.500,1.32259668E+3,
738.6500,1.19969177E+3,
738.800,1.30826294E+3,
738.9500,1.48084949E+3,
739.100,1.33622693E+3,
739.2500,1.80756873E+3,
739.400,2.08948755E+3,
739.5500,1.85982178E+3,
739.700,1.58607361E+3,
739.8500,1.48279602E+3,
740.00,1.46515332E+3,
740.1500,1.96613953E+3,
740.300,2.10157251E+3,
740.4500,1.97703845E+3,
740.600,1.69930261E+3,
740.7500,1.70401917E+3,
740.900,1.53349951E+3,
741.0500,1.51579492E+3,
741.200,1.23362952E+3,
741.3500,1.25915283E+3,
741.500,1.37342004E+3,
741.6500,1.66603101E+3,
741.800,1.31427100E+3,
741.9500,9.38198181E+2,
742.100,1.11996631E+3,
742.2500,6.73806152E+2,
742.400,8.55811279E+2,
742.5500,9.25890564E+2,
742.700,8.15194214E+2,
742.8500,7.49301575E+2,
743.00,5.46436035E+2,
743.1500,5.70765564E+2,
743.300,7.09692078E+2,
743.4500,6.88686340E+2,
743.600,7.82658569E+2,
743.7500,4.15489990E+2,
743.900,5.09222107E+2,
744.0500,6.03472717E+2,
744.200,4.65500275E+2,
744.3500,6.30174377E+2,
744.500,6.31930359E+2,
744.6500,8.21455383E+2,
744.800,1.01203564E+3,
744.9500,3.54023071E+2,
745.100,6.62662476E+2,
745.2500,6.40742493E+2,
745.400,4.52127136E+2,
745.5500,4.29504333E+2,
745.700,5.98169983E+2,
745.8500,8.39737366E+2,
746.00,9.38279602E+2,
746.1500,4.58309448E+2,
746.300,4.83696991E+2,
746.4500,4.36470825E+2,
746.600,7.53676575E+2,
746.7500,7.55660706E+2,
746.900,6.59891235E+2,
747.0500,4.90071198E+2,
747.200,7.86056152E+2,
747.3500,3.69377350E+2,
747.500,4.44352844E+2,
747.6500,3.95961761E+2,
747.800,4.96182739E+2,
747.9500,5.47159119E+2,
748.100,6.23313110E+2,
748.2500,3.99907898E+2,
748.400,5.76292664E+2,
748.5500,6.78195129E+2,
748.700,4.02891052E+2,
748.8500,6.05838074E+2,
749.00,4.30202545E+2,
749.1500,4.31349121E+2,
749.300,1.11941077E+3,
749.4500,1.78563599E+2,
749.600,2.81350006E+2,
749.7500,5.64205811E+2,
749.900,2.57144653E+2,
750.0500,5.15673401E+2,
