Labels,32C_23_500K,
Type,Emission Scan,
Comment,,
Start,450.00,
Stop,750.1500,
Step,0.150,
Fixed/Offset,248.400,
Xaxis,Wavelength,
Yaxis,Counts,
Scan Corr. by File,True,
Corr. by Ref. Det.,False,
Fixed/Offset Corr. by File,False,
Repeats,1,
Dwell Time,0.20,
Lamp,Xe,
Temp,28.50,
Scan Polariser,None,
Scan Slit,0.2520,
Fixed/Offset Polariser,None,
Fixed/Offset Slit,2.9970,
Detector,Red PMT,

450.00,1.48816809E+3,
450.1500,1.62964856E+3,
450.300,1.56250037E+3,
450.4500,1.38849048E+3,
450.600,1.15635950E+3,
450.7500,1.14588721E+3,
450.900,1.04661987E+3,
451.0500,1.14036279E+3,
451.200,1.05150659E+3,
451.3500,1.05318054E+3,
451.500,1.09139282E+3,
451.6500,1.03905127E+3,
451.800,1.13287878E+3,
451.9500,1.12820166E+3,
452.100,1.20892407E+3,
452.2500,1.21000708E+3,
452.400,1.36505090E+3,
452.5500,1.43434375E+3,
452.700,1.26632910E+3,
452.8500,1.21142798E+3,
453.00,1.16473157E+3,
453.1500,1.07283069E+3,
453.300,1.05229089E+3,
453.4500,1.08205505E+3,
453.600,9.89496216E+2,
453.7500,1.01336646E+3,
453.900,1.06822375E+3,
454.0500,1.01855731E+3,
454.200,1.13324170E+3,
454.3500,1.12975781E+3,
454.500,1.12202124E+3,
454.6500,1.03965674E+3,
454.800,1.05270667E+3,
454.9500,1.10109253E+3,
455.100,1.13851477E+3,
455.2500,1.20318738E+3,
455.400,1.15585803E+3,
455.5500,1.10095105E+3,
455.700,1.11123486E+3,
455.8500,1.12958960E+3,
456.00,1.08149792E+3,
456.1500,1.09155249E+3,
456.300,1.21352893E+3,
456.4500,1.07428369E+3,
456.600,1.23431641E+3,
456.7500,1.19489514E+3,
456.900,1.13913892E+3,
457.0500,1.21067810E+3,
457.200,1.21735059E+3,
457.3500,1.24311011E+3,
457.500,1.26353101E+3,
457.6500,1.24343555E+3,
457.800,1.20357715E+3,
457.9500,1.24515271E+3,
458.100,1.27043347E+3,
458.2500,1.27958301E+3,
458.400,1.30337146E+3,
458.5500,1.19656567E+3,
458.700,1.17697241E+3,
458.8500,1.22393921E+3,
459.00,1.21767188E+3,
459.1500,1.07681165E+3,
459.300,1.15356787E+3,
459.4500,1.09128186E+3,
459.600,1.11669519E+3,
459.7500,1.14892444E+3,
459.900,1.17155554E+3,
460.0500,1.17669275E+3,
460.200,1.13924255E+3,
460.3500,1.14240894E+3,
460.500,1.17421387E+3,
460.6500,1.23771765E+3,
460.800,1.13372644E+3,
460.9500,1.17768921E+3,
461.100,1.21268152E+3,
461.2500,1.24987317E+3,
461.400,1.24318262E+3,
461.5500,1.31572986E+3,
461.700,1.37112366E+3,
461.8500,1.35086511E+3,
462.00,1.46980603E+3,
462.1500,1.41380994E+3,
462.300,1.64120166E+3,
462.4500,1.67259204E+3,
462.600,1.68092358E+3,
462.7500,1.61526782E+3,
462.900,1.54566589E+3,
463.0500,1.45065930E+3,
463.200,1.37587195E+3,
463.3500,1.41772974E+3,
463.500,1.36275354E+3,
463.6500,1.31127295E+3,
463.800,1.25791736E+3,
463.9500,1.23788184E+3,
464.100,1.27024585E+3,
464.2500,1.24417920E+3,
464.400,1.15997375E+3,
464.5500,1.22201733E+3,
464.700,1.19414673E+3,
464.8500,1.19061841E+3,
465.00,1.14929749E+3,
465.1500,1.19550159E+3,
465.300,1.20700806E+3,
465.4500,1.21221423E+3,
465.600,1.13291516E+3,
465.7500,1.15595715E+3,
465.900,1.20388147E+3,
466.0500,1.25695203E+3,
466.200,1.29557910E+3,
466.3500,1.34963135E+3,
466.500,1.39940662E+3,
466.6500,1.56980701E+3,
466.800,1.71809924E+3,
466.9500,2.01214294E+3,
467.100,2.22750635E+3,
467.2500,2.33568945E+3,
467.400,2.41696460E+3,
467.5500,2.10885791E+3,
467.700,2.05827002E+3,
467.8500,1.90154907E+3,
468.00,1.85849377E+3,
468.1500,1.65475818E+3,
468.300,1.56347827E+3,
468.4500,1.55786108E+3,
468.600,1.46585681E+3,
468.7500,1.42786401E+3,
468.900,1.43155005E+3,
469.0500,1.42011877E+3,
469.200,1.35925671E+3,
469.3500,1.42500427E+3,
469.500,1.40469556E+3,
469.6500,1.43090771E+3,
469.800,1.43991968E+3,
469.9500,1.43479700E+3,
470.100,1.36429468E+3,
470.2500,1.31209412E+3,
470.400,1.29923840E+3,
470.5500,1.23808606E+3,
470.700,1.23535559E+3,
470.8500,1.21151843E+3,
471.00,1.22589600E+3,
471.1500,1.17318872E+3,
471.300,1.18578821E+3,
471.4500,1.13314172E+3,
471.600,1.18688599E+3,
471.7500,1.18342603E+3,
471.900,1.14388025E+3,
472.0500,1.18860925E+3,
472.200,1.14226013E+3,
472.3500,1.18008069E+3,
472.500,1.21888770E+3,
472.6500,1.17556995E+3,
472.800,1.35752478E+3,
472.9500,1.37925769E+3,
473.100,1.51716101E+3,
473.2500,1.69610388E+3,
473.400,1.88301111E+3,
473.5500,1.88279785E+3,
473.700,1.57048840E+3,
473.8500,1.38027478E+3,
474.00,1.32711597E+3,
474.1500,1.24809253E+3,
474.300,1.18507227E+3,
474.4500,1.19205688E+3,
474.600,1.16504041E+3,
474.7500,1.19702588E+3,
474.900,1.21701062E+3,
475.0500,1.18603064E+3,
475.200,1.17712134E+3,
475.3500,1.18021228E+3,
475.500,1.21031030E+3,
475.6500,1.22340686E+3,
475.800,1.21549634E+3,
475.9500,1.22059033E+3,
476.100,1.20572498E+3,
476.2500,1.21389722E+3,
476.400,1.25309863E+3,
476.5500,1.18620215E+3,
476.700,1.28948242E+3,
476.8500,1.27263550E+3,
477.00,1.27080432E+3,
477.1500,1.26808020E+3,
477.300,1.18219873E+3,
477.4500,1.28366785E+3,
477.600,1.31401636E+3,
477.7500,1.22607959E+3,
477.900,1.25542358E+3,
478.0500,1.27881140E+3,
478.200,1.22806604E+3,
478.3500,1.26962122E+3,
478.500,1.39152039E+3,
478.6500,1.30761340E+3,
478.800,1.33616907E+3,
478.9500,1.41297949E+3,
479.100,1.41956714E+3,
479.2500,1.27131580E+3,
479.400,1.35335876E+3,
479.5500,1.31366516E+3,
479.700,1.35450073E+3,
479.8500,1.38831506E+3,
480.00,1.43021826E+3,
480.1500,1.44296228E+3,
480.300,1.47589124E+3,
480.4500,1.55022595E+3,
480.600,1.68116748E+3,
480.7500,1.68999243E+3,
480.900,1.70892749E+3,
481.0500,1.79459424E+3,
481.200,1.79332312E+3,
481.3500,1.77585693E+3,
481.500,1.65511780E+3,
481.6500,1.60111487E+3,
481.800,1.66458850E+3,
481.9500,1.57709155E+3,
482.100,1.62341431E+3,
482.2500,1.60994702E+3,
482.400,1.59544885E+3,
482.5500,1.67333362E+3,
482.700,1.78175940E+3,
482.8500,1.72462463E+3,
483.00,1.79859363E+3,
483.1500,1.80669910E+3,
483.300,1.71709631E+3,
483.4500,1.69155042E+3,
483.600,1.73933630E+3,
483.7500,1.69745398E+3,
483.900,1.64736194E+3,
484.0500,1.65441089E+3,
484.200,1.64623633E+3,
484.3500,1.65337451E+3,
484.500,1.61961743E+3,
484.6500,1.66459387E+3,
484.800,1.57960681E+3,
484.9500,1.57748486E+3,
485.100,1.54571057E+3,
485.2500,1.60008752E+3,
485.400,1.50878552E+3,
485.5500,1.54265955E+3,
485.700,1.59918469E+3,
485.8500,1.50562817E+3,
486.00,1.47266089E+3,
486.1500,1.43144958E+3,
486.300,1.44170325E+3,
486.4500,1.58293262E+3,
486.600,1.63973059E+3,
486.7500,1.53757666E+3,
486.900,1.60267725E+3,
487.0500,1.58510364E+3,
487.200,1.65744226E+3,
487.3500,1.70087573E+3,
487.500,1.62523511E+3,
487.6500,1.78788452E+3,
487.800,1.94657288E+3,
487.9500,1.93111414E+3,
488.100,2.06820679E+3,
488.2500,1.99869385E+3,
488.400,2.13178027E+3,
488.5500,2.33364209E+3,
488.700,2.26518481E+3,
488.8500,2.30804150E+3,
489.00,2.25927612E+3,
489.1500,2.40245435E+3,
489.300,2.36016406E+3,
489.4500,2.24163208E+3,
489.600,2.13443115E+3,
489.7500,2.25487695E+3,
489.900,2.25732007E+3,
490.0500,2.40007446E+3,
490.200,2.45218579E+3,
490.3500,2.56933496E+3,
490.500,2.59647021E+3,
490.6500,2.71599048E+3,
490.800,2.85353833E+3,
490.9500,3.00074463E+3,
491.100,3.06630396E+3,
491.2500,3.18890259E+3,
491.400,3.36227173E+3,
491.5500,3.48108203E+3,
491.700,3.65812695E+3,
491.8500,3.70130029E+3,
492.00,3.60921265E+3,
492.1500,3.56352832E+3,
492.300,3.61094067E+3,
492.4500,3.39558911E+3,
492.600,3.45988599E+3,
492.7500,3.19838574E+3,
492.900,3.13724023E+3,
493.0500,2.96963623E+3,
493.200,2.89215723E+3,
493.3500,2.86246680E+3,
493.500,2.81673389E+3,
493.6500,2.79651782E+3,
493.800,2.72395898E+3,
493.9500,2.72284937E+3,
494.100,2.68216187E+3,
494.2500,2.56009009E+3,
494.400,2.50420459E+3,
494.5500,2.50286987E+3,
494.700,2.46935840E+3,
494.8500,2.45081030E+3,
495.00,2.48591846E+3,
495.1500,2.50290503E+3,
495.300,2.50807959E+3,
495.4500,2.26139038E+3,
495.600,2.57120825E+3,
495.7500,2.25625513E+3,
495.900,2.35400073E+3,
496.0500,2.31700464E+3,
496.200,2.31250342E+3,
496.3500,2.28959863E+3,
496.500,2.35324243E+3,
496.6500,2.29564844E+3,
496.800,2.15120654E+3,
496.9500,2.24634082E+3,
497.100,2.21140332E+3,
497.2500,2.15253174E+3,
497.400,2.15339160E+3,
497.5500,2.10087817E+3,
497.700,2.21395557E+3,
497.8500,2.14283740E+3,
498.00,2.09888477E+3,
498.1500,2.12921460E+3,
498.300,2.12348853E+3,
498.4500,2.01590918E+3,
498.600,2.04622156E+3,
498.7500,2.08864771E+3,
498.900,2.04330457E+3,
499.0500,2.08579761E+3,
499.200,1.92709216E+3,
499.3500,2.02020410E+3,
499.500,1.97794019E+3,
499.6500,1.96206213E+3,
499.800,1.83024036E+3,
499.9500,1.89042419E+3,
500.100,1.92750610E+3,
500.2500,1.86836255E+3,
500.400,1.82350732E+3,
500.5500,1.75860535E+3,
500.700,1.77237927E+3,
500.8500,1.89947156E+3,
501.00,1.69658215E+3,
501.1500,1.71920972E+3,
501.300,1.67281921E+3,
501.4500,1.60962183E+3,
501.600,1.61101636E+3,
501.7500,1.58114209E+3,
501.900,1.57132666E+3,
502.0500,1.49885352E+3,
502.200,1.62776819E+3,
502.3500,1.50703308E+3,
502.500,1.49374268E+3,
502.6500,1.44675269E+3,
502.800,1.42102100E+3,
502.9500,1.49530261E+3,
503.100,1.44597705E+3,
503.2500,1.43600269E+3,
503.400,1.50266016E+3,
503.5500,1.44419165E+3,
503.700,1.45337097E+3,
503.8500,1.39248438E+3,
504.00,1.44234851E+3,
504.1500,1.38138782E+3,
504.300,1.40984277E+3,
504.4500,1.41906030E+3,
504.600,1.40104028E+3,
504.7500,1.33411768E+3,
504.900,1.42175684E+3,
505.0500,1.39684888E+3,
505.200,1.45052307E+3,
505.3500,1.42901660E+3,
505.500,1.41203235E+3,
505.6500,1.47384570E+3,
505.800,1.56206519E+3,
505.9500,1.59320862E+3,
506.100,1.50874854E+3,
506.2500,1.62825671E+3,
506.400,1.61484436E+3,
506.5500,1.68411353E+3,
506.700,1.80984668E+3,
506.8500,1.80690320E+3,
507.00,1.99286658E+3,
507.1500,2.09517188E+3,
507.300,1.97374988E+3,
507.4500,2.27841577E+3,
507.600,2.27950854E+3,
507.7500,2.32458569E+3,
507.900,2.43347510E+3,
508.0500,2.40458057E+3,
508.200,2.36874048E+3,
508.3500,2.32816553E+3,
508.500,2.19790625E+3,
508.6500,2.13259497E+3,
508.800,2.16274536E+3,
508.9500,1.99571191E+3,
509.100,1.99536267E+3,
509.2500,1.94704407E+3,
509.400,1.84477722E+3,
509.5500,1.72121228E+3,
509.700,1.81789185E+3,
509.8500,1.69287073E+3,
510.00,1.71801465E+3,
510.1500,1.61843286E+3,
510.300,1.64580737E+3,
510.4500,1.61077454E+3,
510.600,1.58392749E+3,
510.7500,1.55938672E+3,
510.900,1.63758813E+3,
511.0500,1.57757031E+3,
511.200,1.52810632E+3,
511.3500,1.43826526E+3,
511.500,1.42059058E+3,
511.6500,1.49308044E+3,
511.800,1.36255884E+3,
511.9500,1.26865796E+3,
512.100,1.24366333E+3,
512.2500,1.24008826E+3,
512.400,1.29015906E+3,
512.5500,1.16009814E+3,
512.700,1.16358704E+3,
512.8500,1.14435754E+3,
513.00,1.09037830E+3,
513.1500,1.04595203E+3,
513.300,1.05779871E+3,
513.4500,1.02284558E+3,
513.600,9.91422363E+2,
513.7500,9.87600708E+2,
513.900,9.78950623E+2,
514.0500,1.01489142E+3,
514.200,9.71300110E+2,
514.3500,9.66264038E+2,
514.500,9.38242004E+2,
514.6500,9.33154602E+2,
514.800,9.98322144E+2,
514.9500,8.95041748E+2,
515.100,8.43749023E+2,
515.2500,8.99292053E+2,
515.400,8.50326172E+2,
515.5500,8.76755310E+2,
515.700,8.47163757E+2,
515.8500,7.65041687E+2,
516.00,8.90387634E+2,
516.1500,8.39933472E+2,
516.300,8.06507629E+2,
516.4500,8.25689819E+2,
516.600,8.30190857E+2,
516.7500,8.05238708E+2,
516.900,8.28153381E+2,
517.0500,7.51495422E+2,
517.200,8.16288269E+2,
517.3500,7.45638977E+2,
517.500,8.11785767E+2,
517.6500,8.20020203E+2,
517.800,8.12196655E+2,
517.9500,7.70943115E+2,
518.100,7.46959167E+2,
518.2500,8.09732422E+2,
518.400,7.65880188E+2,
518.5500,7.54240967E+2,
518.700,7.82378479E+2,
518.8500,7.83177124E+2,
519.00,7.47830017E+2,
519.1500,7.79817017E+2,
519.300,7.23187134E+2,
519.4500,6.81439087E+2,
519.600,7.49745850E+2,
519.7500,7.22967773E+2,
519.900,7.36267639E+2,
520.0500,7.10678467E+2,
520.200,7.41616516E+2,
520.3500,7.23542725E+2,
520.500,6.91570984E+2,
520.6500,7.47800476E+2,
520.800,7.04417725E+2,
520.9500,7.05170898E+2,
521.100,7.76760925E+2,
521.2500,7.52248962E+2,
521.400,7.63179138E+2,
521.5500,7.42401733E+2,
521.700,6.54248413E+2,
521.8500,7.65565735E+2,
522.00,7.40898621E+2,
522.1500,7.64603088E+2,
522.300,7.09262451E+2,
522.4500,7.30423584E+2,
522.600,7.26059082E+2,
522.7500,7.54952515E+2,
522.900,7.05768005E+2,
523.0500,6.78290222E+2,
523.200,7.81704590E+2,
523.3500,7.34996399E+2,
523.500,7.87233459E+2,
523.6500,7.59741394E+2,
523.800,7.82460510E+2,
523.9500,7.70383850E+2,
524.100,7.02741150E+2,
524.2500,7.33238708E+2,
524.400,7.54736511E+2,
524.5500,7.91828003E+2,
524.700,8.28996155E+2,
524.8500,7.62342285E+2,
525.00,8.20353088E+2,
525.1500,7.65231628E+2,
525.300,7.79039307E+2,
525.4500,8.22866150E+2,
525.600,8.21089661E+2,
525.7500,7.85332825E+2,
525.900,8.48910645E+2,
526.0500,8.13114136E+2,
526.200,8.21829102E+2,
526.3500,8.10876770E+2,
526.500,8.59005127E+2,
526.6500,8.21766418E+2,
526.800,9.14748901E+2,
526.9500,9.26233032E+2,
527.100,9.06150146E+2,
527.2500,8.62283936E+2,
527.400,9.50513733E+2,
527.5500,9.21147949E+2,
527.700,9.12912598E+2,
527.8500,9.00674377E+2,
528.00,9.34884521E+2,
528.1500,9.69209656E+2,
528.300,9.82312500E+2,
528.4500,9.06159180E+2,
528.600,9.88585449E+2,
528.7500,1.03246472E+3,
528.900,9.69464905E+2,
529.0500,9.74582458E+2,
529.200,1.07752783E+3,
529.3500,9.67366821E+2,
529.500,1.09067310E+3,
529.6500,1.01926996E+3,
529.800,1.03655054E+3,
529.9500,1.06060437E+3,
530.100,1.09143921E+3,
530.2500,1.07641199E+3,
530.400,1.05999561E+3,
530.5500,1.05030615E+3,
530.700,1.07988623E+3,
530.8500,1.12444434E+3,
531.00,1.14193787E+3,
531.1500,1.10919324E+3,
531.300,1.11991699E+3,
531.4500,1.08570667E+3,
531.600,1.33370422E+3,
531.7500,1.19588794E+3,
531.900,1.11380322E+3,
532.0500,1.18068018E+3,
532.200,1.24226416E+3,
532.3500,1.17920313E+3,
532.500,1.17914209E+3,
532.6500,1.25190894E+3,
532.800,1.23403271E+3,
532.9500,1.13898694E+3,
533.100,1.20094287E+3,
533.2500,1.30722729E+3,
533.400,1.21474670E+3,
533.5500,1.22581421E+3,
533.700,1.19257935E+3,
533.8500,1.14539636E+3,
534.00,1.18556238E+3,
534.1500,1.14939172E+3,
534.300,1.17435510E+3,
534.4500,1.18265552E+3,
534.600,1.17144458E+3,
534.7500,1.11971619E+3,
534.900,1.23559387E+3,
535.0500,1.25237219E+3,
535.200,1.19352979E+3,
535.3500,1.11351453E+3,
535.500,1.11194031E+3,
535.6500,1.30853601E+3,
535.800,1.20022632E+3,
535.9500,1.12970691E+3,
536.100,1.16056873E+3,
536.2500,1.24655896E+3,
536.400,1.14052673E+3,
536.5500,1.27902368E+3,
536.700,1.27193188E+3,
536.8500,1.21944348E+3,
537.00,1.24491003E+3,
537.1500,1.26053381E+3,
537.300,1.23635071E+3,
537.4500,1.21638184E+3,
537.600,1.26623279E+3,
537.7500,1.30048938E+3,
537.900,1.17618286E+3,
538.0500,1.27622131E+3,
538.200,1.26762878E+3,
538.3500,1.17010559E+3,
538.500,1.21735168E+3,
538.6500,1.15260010E+3,
538.800,1.20999292E+3,
538.9500,1.21565674E+3,
539.100,1.18673364E+3,
539.2500,1.20683020E+3,
539.400,1.11135144E+3,
539.5500,1.12127075E+3,
539.700,1.10224048E+3,
539.8500,1.12376282E+3,
540.00,1.05387756E+3,
540.1500,1.07254211E+3,
540.300,1.06650964E+3,
540.4500,1.05900330E+3,
540.600,1.09959998E+3,
540.7500,1.06290491E+3,
540.900,1.04658533E+3,
541.0500,1.15023010E+3,
541.200,1.06513232E+3,
541.3500,9.85698059E+2,
541.500,1.04411633E+3,
541.6500,1.08796399E+3,
541.800,1.02298547E+3,
541.9500,1.13468823E+3,
542.100,1.10206335E+3,
542.2500,1.17275195E+3,
542.400,1.06615295E+3,
542.5500,1.11030542E+3,
542.700,1.16493030E+3,
542.8500,1.13213062E+3,
543.00,1.05914502E+3,
543.1500,1.09752917E+3,
543.300,1.06750793E+3,
543.4500,1.04337744E+3,
543.600,1.07141516E+3,
543.7500,1.09801904E+3,
543.900,1.04541260E+3,
544.0500,1.07203516E+3,
544.200,1.09121387E+3,
544.3500,1.15544763E+3,
544.500,1.13569470E+3,
544.6500,1.08431165E+3,
544.800,1.05539368E+3,
544.9500,1.07765417E+3,
545.100,9.59654541E+2,
545.2500,1.04079492E+3,
545.400,9.19467712E+2,
545.5500,1.01284869E+3,
545.700,1.05490271E+3,
545.8500,1.06518127E+3,
546.00,1.02838940E+3,
546.1500,1.02809351E+3,
546.300,1.05976733E+3,
546.4500,1.05035254E+3,
546.600,1.04548901E+3,
546.7500,9.24478149E+2,
546.900,1.05254565E+3,
547.0500,1.00172632E+3,
547.200,1.03823792E+3,
547.3500,1.08865332E+3,
547.500,1.05463452E+3,
547.6500,1.06978381E+3,
547.800,1.03718909E+3,
547.9500,1.05388831E+3,
548.100,1.05054224E+3,
548.2500,9.82220520E+2,
548.400,1.01748999E+3,
548.5500,1.03578381E+3,
548.700,1.08516821E+3,
548.8500,1.01964587E+3,
549.00,1.07379053E+3,
549.1500,1.07818689E+3,
549.300,1.07634900E+3,
549.4500,1.12760376E+3,
549.600,1.14144714E+3,
549.7500,1.15845117E+3,
549.900,1.12847119E+3,
550.0500,1.05447754E+3,
550.200,1.12955103E+3,
550.3500,1.06481226E+3,
550.500,1.21092529E+3,
550.6500,1.10986267E+3,
550.800,1.17744202E+3,
550.9500,1.13930310E+3,
551.100,1.15328064E+3,
551.2500,1.24331396E+3,
551.400,1.21462561E+3,
551.5500,1.17316504E+3,
551.700,1.24762671E+3,
551.8500,1.14722632E+3,
552.00,1.22659937E+3,
552.1500,1.11481946E+3,
552.300,1.12891370E+3,
552.4500,1.17980664E+3,
552.600,1.08996680E+3,
552.7500,1.15214209E+3,
552.900,1.14707825E+3,
553.0500,1.15005103E+3,
553.200,1.14342444E+3,
553.3500,1.20601306E+3,
553.500,1.14945349E+3,
553.6500,1.17506995E+3,
553.800,1.12155554E+3,
553.9500,1.05172681E+3,
554.100,1.09189197E+3,
554.2500,1.13702246E+3,
554.400,1.19362683E+3,
554.5500,1.09914880E+3,
554.700,1.15583582E+3,
554.8500,1.05944299E+3,
555.00,1.12926550E+3,
555.1500,1.14532886E+3,
555.300,1.12052979E+3,
555.4500,1.10713257E+3,
555.600,1.08221960E+3,
555.7500,1.09336084E+3,
555.900,1.17684436E+3,
556.0500,1.17495740E+3,
556.200,1.19449463E+3,
556.3500,1.16128699E+3,
556.500,1.11313269E+3,
556.6500,1.11446399E+3,
556.800,1.18035657E+3,
556.9500,1.12872388E+3,
557.100,1.19147803E+3,
557.2500,1.17463806E+3,
557.400,1.16274341E+3,
557.5500,1.11917139E+3,
557.700,1.19221143E+3,
557.8500,1.32218054E+3,
558.00,1.19673047E+3,
558.1500,1.11452368E+3,
558.300,1.16950110E+3,
558.4500,1.21622180E+3,
558.600,1.22777905E+3,
558.7500,1.29989941E+3,
558.900,1.16509875E+3,
559.0500,1.19012256E+3,
559.200,1.20510779E+3,
559.3500,1.28603137E+3,
559.500,1.21317847E+3,
559.6500,1.18757507E+3,
559.800,1.13476294E+3,
559.9500,1.08691211E+3,
560.100,1.13756262E+3,
560.2500,1.19003796E+3,
560.400,1.05513416E+3,
560.5500,1.07861377E+3,
560.700,1.06284656E+3,
560.8500,1.00768622E+3,
561.00,9.54101074E+2,
561.1500,9.96409607E+2,
561.300,9.28924133E+2,
561.4500,9.07689941E+2,
561.600,9.03611816E+2,
561.7500,8.85735718E+2,
561.900,8.31582825E+2,
562.0500,8.65394226E+2,
562.200,7.92067749E+2,
562.3500,8.25913208E+2,
562.500,7.43689880E+2,
562.6500,7.65403870E+2,
562.800,8.87951111E+2,
562.9500,6.90675720E+2,
563.100,8.63979065E+2,
563.2500,7.74379272E+2,
563.400,7.21221985E+2,
563.5500,7.83327942E+2,
563.700,7.44047363E+2,
563.8500,7.74780151E+2,
564.00,6.95017090E+2,
564.1500,7.11768921E+2,
564.300,7.23282593E+2,
564.4500,6.23808350E+2,
564.600,7.11103821E+2,
564.7500,7.42090515E+2,
564.900,7.21848816E+2,
565.0500,6.90913513E+2,
565.200,7.13098145E+2,
565.3500,7.31784546E+2,
565.500,6.58036377E+2,
565.6500,6.09025452E+2,
565.800,6.66869202E+2,
565.9500,6.99864868E+2,
566.100,6.25644409E+2,
566.2500,7.19454468E+2,
566.400,6.73723572E+2,
566.5500,6.67347778E+2,
566.700,6.57362610E+2,
566.8500,6.76122009E+2,
567.00,6.69719360E+2,
567.1500,7.01149475E+2,
567.300,6.20767822E+2,
567.4500,6.52209412E+2,
567.600,6.83721802E+2,
567.7500,6.41059204E+2,
567.900,6.21863525E+2,
568.0500,7.44220703E+2,
568.200,7.01529297E+2,
568.3500,6.51449341E+2,
568.500,6.59545471E+2,
568.6500,6.95022278E+2,
568.800,6.88575073E+2,
568.9500,6.16276367E+2,
569.100,6.75648926E+2,
569.2500,7.37015930E+2,
569.400,7.45301270E+2,
569.5500,6.85596130E+2,
569.700,7.26958618E+2,
569.8500,7.37096191E+2,
570.00,7.47257568E+2,
570.1500,7.31539612E+2,
570.300,7.62019104E+2,
570.4500,7.88866760E+2,
570.600,7.50884583E+2,
570.7500,7.77777832E+2,
570.900,8.69780945E+2,
571.0500,7.42420288E+2,
571.200,7.28365845E+2,
571.3500,7.81414368E+2,
571.500,7.86037781E+2,
571.6500,7.58892700E+2,
571.800,7.84079468E+2,
571.9500,7.54991821E+2,
572.100,7.63371094E+2,
572.2500,7.92436768E+2,
572.400,7.46366943E+2,
572.5500,7.62299255E+2,
572.700,8.76256592E+2,
572.8500,7.96154358E+2,
573.00,8.70746826E+2,
573.1500,8.09412292E+2,
573.300,7.63070740E+2,
573.4500,7.84861938E+2,
573.600,7.82027405E+2,
573.7500,8.11491333E+2,
573.900,8.29607849E+2,
574.0500,8.49671936E+2,
574.200,8.81232361E+2,
574.3500,8.82309753E+2,
574.500,9.46486572E+2,
574.6500,9.57212769E+2,
574.800,8.18453674E+2,
574.9500,8.96211304E+2,
575.100,9.58788513E+2,
575.2500,9.90738403E+2,
575.400,9.57275024E+2,
575.5500,9.39153503E+2,
575.700,1.00207843E+3,
575.8500,1.02262250E+3,
576.00,8.99989624E+2,
576.1500,1.09100769E+3,
576.300,1.02444080E+3,
576.4500,1.01598541E+3,
576.600,9.39430115E+2,
576.7500,1.09636926E+3,
576.900,9.80723389E+2,
577.0500,1.17516956E+3,
577.200,1.10621277E+3,
577.3500,1.12122766E+3,
577.500,1.18133459E+3,
577.6500,1.16116211E+3,
577.800,1.16253760E+3,
577.9500,1.21896326E+3,
578.100,1.20265100E+3,
578.2500,1.21780969E+3,
578.400,1.29415527E+3,
578.5500,1.17119067E+3,
578.700,1.25357983E+3,
578.8500,1.24113440E+3,
579.00,1.35350549E+3,
579.1500,1.27964063E+3,
579.300,1.25724475E+3,
579.4500,1.37795947E+3,
579.600,1.28992456E+3,
579.7500,1.45278833E+3,
579.900,1.29280859E+3,
580.0500,1.22835339E+3,
580.200,1.46372339E+3,
580.3500,1.41335474E+3,
580.500,1.41497595E+3,
580.6500,1.36442725E+3,
580.800,1.48852295E+3,
580.9500,1.47011072E+3,
581.100,1.54028699E+3,
581.2500,1.52396777E+3,
581.400,1.58227881E+3,
581.5500,1.63465881E+3,
581.700,1.50913672E+3,
581.8500,1.60407532E+3,
582.00,1.52079333E+3,
582.1500,1.69113635E+3,
582.300,1.68301270E+3,
582.4500,1.61788318E+3,
582.600,1.62594006E+3,
582.7500,1.71153088E+3,
582.900,1.62167407E+3,
583.0500,1.60931079E+3,
583.200,1.76072522E+3,
583.3500,1.74236328E+3,
583.500,1.69932434E+3,
583.6500,1.64179175E+3,
583.800,1.78366968E+3,
583.9500,1.78170166E+3,
584.100,1.89522607E+3,
584.2500,1.82320154E+3,
584.400,1.80061023E+3,
584.5500,1.83591040E+3,
584.700,1.87336377E+3,
584.8500,1.93372217E+3,
585.00,1.89658801E+3,
585.1500,2.04235730E+3,
585.300,1.91152319E+3,
585.4500,2.00969531E+3,
585.600,2.04964966E+3,
585.7500,2.10223193E+3,
585.900,2.12354932E+3,
586.0500,2.11137329E+3,
586.200,2.10541406E+3,
586.3500,2.15401807E+3,
586.500,2.02617346E+3,
586.6500,2.20945752E+3,
586.800,2.38261890E+3,
586.9500,2.13014136E+3,
587.100,2.10299414E+3,
587.2500,2.27870288E+3,
587.400,2.43363867E+3,
587.5500,2.39612207E+3,
587.700,2.61303198E+3,
587.8500,2.45246240E+3,
588.00,2.33404224E+3,
588.1500,2.39202075E+3,
588.300,2.48207886E+3,
588.4500,2.54673999E+3,
588.600,2.66278491E+3,
588.7500,2.68502417E+3,
588.900,2.50827002E+3,
589.0500,2.51970093E+3,
589.200,2.64493896E+3,
589.3500,2.80482251E+3,
589.500,2.57589526E+3,
589.6500,2.75543213E+3,
589.800,2.82546265E+3,
589.9500,2.85896899E+3,
590.100,2.90137695E+3,
590.2500,3.02834155E+3,
590.400,2.89788208E+3,
590.5500,2.89068896E+3,
590.700,3.01157568E+3,
590.8500,2.93491797E+3,
591.00,3.16280420E+3,
591.1500,3.34560767E+3,
591.300,3.21024341E+3,
591.4500,3.46566650E+3,
591.600,3.46573853E+3,
591.7500,3.34311816E+3,
591.900,3.51411133E+3,
592.0500,3.48778223E+3,
592.200,3.55799756E+3,
592.3500,3.82211572E+3,
592.500,3.84659277E+3,
592.6500,3.84904541E+3,
592.800,3.92661621E+3,
592.9500,4.13710791E+3,
593.100,4.07566040E+3,
593.2500,4.19813477E+3,
593.400,4.04778271E+3,
593.5500,4.11491113E+3,
593.700,4.13099902E+3,
593.8500,4.19836230E+3,
594.00,4.23687354E+3,
594.1500,4.26250098E+3,
594.300,4.32620313E+3,
594.4500,4.36542090E+3,
594.600,4.25221582E+3,
594.7500,4.35653271E+3,
594.900,4.41388574E+3,
595.0500,4.44218213E+3,
595.200,4.46169385E+3,
595.3500,4.44060059E+3,
595.500,4.47821484E+3,
595.6500,4.63588428E+3,
595.800,4.50835840E+3,
595.9500,4.72547021E+3,
596.100,4.60448242E+3,
596.2500,4.53776660E+3,
596.400,4.57112109E+3,
596.5500,4.97190234E+3,
596.700,4.80482861E+3,
596.8500,4.71049902E+3,
597.00,4.93890771E+3,
597.1500,5.07149268E+3,
597.300,5.02525439E+3,
597.4500,5.15366309E+3,
597.600,5.17185010E+3,
597.7500,5.30305127E+3,
597.900,5.28220117E+3,
598.0500,5.52478857E+3,
598.200,5.48558398E+3,
598.3500,5.43003223E+3,
598.500,5.35576025E+3,
598.6500,5.72506494E+3,
598.800,5.63232617E+3,
598.9500,5.55098242E+3,
599.100,5.87305273E+3,
599.2500,5.79898926E+3,
599.400,5.78785156E+3,
599.5500,5.81412354E+3,
599.700,5.89906592E+3,
599.8500,5.89029541E+3,
600.00,5.86973486E+3,
600.1500,6.00522021E+3,
600.300,6.15756494E+3,
600.4500,6.05064160E+3,
600.600,6.19398096E+3,
600.7500,6.21460205E+3,
600.900,6.37750830E+3,
601.0500,6.20635352E+3,
601.200,6.52743848E+3,
601.3500,6.66609668E+3,
601.500,6.39728125E+3,
601.6500,6.67706738E+3,
601.800,6.51026221E+3,
601.9500,6.58974219E+3,
602.100,6.86871777E+3,
602.2500,6.94186621E+3,
602.400,6.88762012E+3,
602.5500,7.09116162E+3,
602.700,7.15525000E+3,
602.8500,7.42507959E+3,
603.00,7.30814941E+3,
603.1500,7.68550928E+3,
603.300,7.50272070E+3,
603.4500,7.49212695E+3,
603.600,8.00540723E+3,
603.7500,7.88564941E+3,
603.900,8.09547852E+3,
604.0500,8.05613965E+3,
604.200,8.13665723E+3,
604.3500,8.23210840E+3,
604.500,8.31305469E+3,
604.6500,8.61336230E+3,
604.800,8.50022656E+3,
604.9500,8.51021387E+3,
605.100,8.94317383E+3,
605.2500,9.00091895E+3,
605.400,9.01167676E+3,
605.5500,8.86592090E+3,
605.700,9.22970898E+3,
605.8500,9.45500391E+3,
606.00,9.47383105E+3,
606.1500,9.93562012E+3,
606.300,9.70301367E+3,
606.4500,1.01965625E+4,
606.600,9.87068848E+3,
606.7500,1.03307188E+4,
606.900,1.01525420E+4,
607.0500,1.06219893E+4,
607.200,1.02722070E+4,
607.3500,1.03867490E+4,
607.500,1.06688184E+4,
607.6500,1.10227725E+4,
607.800,1.12506943E+4,
607.9500,1.13622051E+4,
608.100,1.17467031E+4,
608.2500,1.16038076E+4,
608.400,1.15524893E+4,
608.5500,1.19721572E+4,
608.700,1.19621875E+4,
608.8500,1.17415010E+4,
609.00,1.23227480E+4,
609.1500,1.21436709E+4,
609.300,1.19949375E+4,
609.4500,1.23600615E+4,
609.600,1.22991279E+4,
609.7500,1.21575771E+4,
609.900,1.23011953E+4,
610.0500,1.22685742E+4,
610.200,1.25463057E+4,
610.3500,1.21360078E+4,
610.500,1.21660234E+4,
610.6500,1.23557822E+4,
610.800,1.26797998E+4,
610.9500,1.27632197E+4,
611.100,1.28257178E+4,
611.2500,1.27961104E+4,
611.400,1.29589961E+4,
611.5500,1.32069092E+4,
611.700,1.30479082E+4,
611.8500,1.31190098E+4,
612.00,1.31902881E+4,
612.1500,1.27481123E+4,
612.300,1.29997637E+4,
612.4500,1.24891045E+4,
612.600,1.25486475E+4,
612.7500,1.22550459E+4,
612.900,1.25930938E+4,
613.0500,1.23550869E+4,
613.200,1.20063848E+4,
613.3500,1.24914277E+4,
613.500,1.18018311E+4,
613.6500,1.19205557E+4,
613.800,1.20585352E+4,
613.9500,1.19204580E+4,
614.100,1.14540254E+4,
614.2500,1.15002734E+4,
614.400,1.15847734E+4,
614.5500,1.15139688E+4,
614.700,1.14128340E+4,
614.8500,1.12948838E+4,
615.00,1.13602100E+4,
615.1500,1.16349355E+4,
615.300,1.11566631E+4,
615.4500,1.14677090E+4,
615.600,1.16720859E+4,
615.7500,1.10530371E+4,
615.900,1.16700469E+4,
616.0500,1.12902285E+4,
616.200,1.08368965E+4,
616.3500,1.10557266E+4,
616.500,1.09991621E+4,
616.6500,1.07635752E+4,
616.800,1.05271338E+4,
616.9500,1.07719766E+4,
617.100,1.06079648E+4,
617.2500,1.04997471E+4,
617.400,1.00389229E+4,
617.5500,1.02171357E+4,
617.700,1.01951982E+4,
617.8500,1.00910010E+4,
618.00,1.00488164E+4,
618.1500,1.02401768E+4,
618.300,9.83424609E+3,
618.4500,9.77196387E+3,
618.600,1.02523105E+4,
618.7500,9.73818555E+3,
618.900,9.81864746E+3,
619.0500,9.57199902E+3,
619.200,9.73627441E+3,
619.3500,9.77135449E+3,
619.500,9.68231152E+3,
619.6500,9.61895313E+3,
619.800,9.45094043E+3,
619.9500,9.81378125E+3,
620.100,9.55236621E+3,
620.2500,9.56398242E+3,
620.400,9.25145410E+3,
620.5500,9.65450293E+3,
620.700,9.38780859E+3,
620.8500,9.17294531E+3,
621.00,9.36908789E+3,
621.1500,9.45661719E+3,
621.300,9.20490332E+3,
621.4500,9.13266699E+3,
621.600,9.11641895E+3,
621.7500,8.99322070E+3,
621.900,8.46219922E+3,
622.0500,9.12063965E+3,
622.200,8.88311230E+3,
622.3500,8.57893945E+3,
622.500,8.66892188E+3,
622.6500,8.58520801E+3,
622.800,8.48011621E+3,
622.9500,8.60943359E+3,
623.100,8.16027832E+3,
623.2500,7.97539355E+3,
623.400,7.70508594E+3,
623.5500,7.71269238E+3,
623.700,7.77193408E+3,
623.8500,7.36584863E+3,
624.00,7.91837012E+3,
624.1500,7.59997461E+3,
624.300,7.87381934E+3,
624.4500,7.50201611E+3,
624.600,7.32838135E+3,
624.7500,7.34785059E+3,
624.900,7.28416943E+3,
625.0500,7.08452979E+3,
625.200,7.01120605E+3,
625.3500,7.25981641E+3,
625.500,6.86052295E+3,
625.6500,6.94488818E+3,
625.800,7.04510938E+3,
625.9500,6.82726514E+3,
626.100,6.76194482E+3,
626.2500,6.74654541E+3,
626.400,6.91001367E+3,
626.5500,6.85702588E+3,
626.700,6.34371533E+3,
626.8500,6.38727637E+3,
627.00,6.34872900E+3,
627.1500,6.75688086E+3,
627.300,6.58546387E+3,
627.4500,6.26068164E+3,
627.600,6.57527441E+3,
627.7500,6.55573438E+3,
627.900,6.46891260E+3,
628.0500,6.29843018E+3,
628.200,6.22691895E+3,
628.3500,6.07144678E+3,
628.500,6.06042090E+3,
628.6500,5.87492285E+3,
628.800,6.08022754E+3,
628.9500,5.98154346E+3,
629.100,5.89230273E+3,
629.2500,6.11843018E+3,
629.400,5.84325195E+3,
629.5500,5.76299951E+3,
629.700,5.59731641E+3,
629.8500,5.87370801E+3,
630.00,5.87183789E+3,
630.1500,5.93592920E+3,
630.300,5.70665576E+3,
630.4500,5.72765771E+3,
630.600,5.74871094E+3,
630.7500,5.45793701E+3,
630.900,5.52171729E+3,
631.0500,5.44255908E+3,
631.200,5.41994971E+3,
631.3500,5.58782959E+3,
631.500,5.44474268E+3,
631.6500,5.78115186E+3,
631.800,5.32498535E+3,
631.9500,5.57480615E+3,
632.100,5.59259717E+3,
632.2500,5.40403564E+3,
632.400,5.48595264E+3,
632.5500,5.67687256E+3,
632.700,5.38856689E+3,
632.8500,5.81534912E+3,
633.00,5.49194238E+3,
633.1500,5.62597803E+3,
633.300,5.43799805E+3,
633.4500,5.36958252E+3,
633.600,5.66252930E+3,
633.7500,5.41132373E+3,
633.900,5.38733350E+3,
634.0500,5.48103174E+3,
634.200,5.39807666E+3,
634.3500,5.50607129E+3,
634.500,5.48203223E+3,
634.6500,5.37756445E+3,
634.800,5.23066895E+3,
634.9500,5.73873486E+3,
635.100,5.49730371E+3,
635.2500,5.40985352E+3,
635.400,5.49484521E+3,
635.5500,5.47766162E+3,
635.700,5.18772656E+3,
635.8500,5.12368115E+3,
636.00,5.24067773E+3,
636.1500,5.18740869E+3,
636.300,5.26598242E+3,
636.4500,5.04077344E+3,
636.600,4.80384717E+3,
636.7500,5.07962744E+3,
636.900,5.01094971E+3,
637.0500,4.71825684E+3,
637.200,4.57245215E+3,
637.3500,4.99105225E+3,
637.500,5.06655127E+3,
637.6500,4.69138330E+3,
637.800,4.51872900E+3,
637.9500,4.60461768E+3,
638.100,4.68335156E+3,
638.2500,4.72563525E+3,
638.400,4.42277002E+3,
638.5500,4.49410498E+3,
638.700,4.31124023E+3,
638.8500,4.34934521E+3,
639.00,4.43571436E+3,
639.1500,4.32233838E+3,
639.300,4.42038281E+3,
639.4500,4.27294482E+3,
639.600,4.45711084E+3,
639.7500,4.10711133E+3,
639.900,4.30664844E+3,
640.0500,4.57846875E+3,
640.200,4.08008325E+3,
640.3500,4.12270898E+3,
640.500,4.00295898E+3,
640.6500,4.12890283E+3,
640.800,4.21360010E+3,
640.9500,3.76226587E+3,
641.100,4.06761060E+3,
641.2500,3.70950244E+3,
641.400,4.18062109E+3,
641.5500,3.83269775E+3,
641.700,4.02922949E+3,
641.8500,3.94916895E+3,
642.00,3.94596997E+3,
642.1500,3.76081494E+3,
642.300,3.93932153E+3,
642.4500,3.67562817E+3,
642.600,3.61327148E+3,
642.7500,3.68719897E+3,
642.900,3.70668359E+3,
643.0500,3.15807056E+3,
643.200,3.33350293E+3,
643.3500,3.36013745E+3,
643.500,3.57217822E+3,
643.6500,3.18058447E+3,
643.800,3.30995947E+3,
643.9500,3.12246118E+3,
644.100,3.02163013E+3,
644.2500,2.89645874E+3,
644.400,3.07418018E+3,
644.5500,3.00457666E+3,
644.700,3.04292017E+3,
644.8500,2.91267334E+3,
645.00,2.93485205E+3,
645.1500,2.88871997E+3,
645.300,2.97579639E+3,
645.4500,3.02272021E+3,
645.600,2.91146509E+3,
645.7500,2.97469946E+3,
645.900,2.88730518E+3,
646.0500,2.97529810E+3,
646.200,2.81800488E+3,
646.3500,2.75031177E+3,
646.500,2.87155005E+3,
646.6500,2.75417627E+3,
646.800,2.83460742E+3,
646.9500,2.72074902E+3,
647.100,2.58971802E+3,
647.2500,2.60364893E+3,
647.400,2.82604028E+3,
647.5500,2.64418726E+3,
647.700,2.77132251E+3,
647.8500,2.60531885E+3,
648.00,2.78755273E+3,
648.1500,2.67551074E+3,
648.300,2.65164404E+3,
648.4500,2.64036206E+3,
648.600,2.42548120E+3,
648.7500,2.47313501E+3,
648.900,2.44433105E+3,
649.0500,2.63304712E+3,
649.200,2.54033862E+3,
649.3500,2.42150293E+3,
649.500,2.41811133E+3,
649.6500,2.37595801E+3,
649.800,2.42419189E+3,
649.9500,2.30836084E+3,
650.100,2.48673657E+3,
650.2500,2.23610767E+3,
650.400,2.39340503E+3,
650.5500,2.40746484E+3,
650.700,2.34290112E+3,
650.8500,2.38755640E+3,
651.00,2.12066602E+3,
651.1500,2.28831567E+3,
651.300,2.18766602E+3,
651.4500,2.22801221E+3,
651.600,2.24637598E+3,
651.7500,2.41135913E+3,
651.900,2.55483081E+3,
652.0500,2.53831592E+3,
652.200,2.56637549E+3,
652.3500,2.58110449E+3,
652.500,2.50157275E+3,
652.6500,2.75476660E+3,
652.800,2.71133130E+3,
652.9500,2.68125708E+3,
653.100,2.60117529E+3,
653.2500,2.52071680E+3,
653.400,2.50816699E+3,
653.5500,2.34042896E+3,
653.700,2.89895483E+3,
653.8500,2.36011572E+3,
654.00,2.31029834E+3,
654.1500,2.29255688E+3,
654.300,2.05785986E+3,
654.4500,2.18280029E+3,
654.600,2.46589502E+3,
654.7500,2.15561890E+3,
654.900,2.06276318E+3,
655.0500,2.39417822E+3,
655.200,2.08628174E+3,
655.3500,2.06295459E+3,
655.500,2.47654785E+3,
655.6500,2.26558765E+3,
655.800,2.05836011E+3,
655.9500,2.05837402E+3,
656.100,2.14373779E+3,
656.2500,1.89196875E+3,
656.400,1.90585156E+3,
656.5500,2.00574597E+3,
656.700,2.11566772E+3,
656.8500,1.80869360E+3,
657.00,1.92345593E+3,
657.1500,1.81226050E+3,
657.300,1.85995923E+3,
657.4500,2.03861743E+3,
657.600,1.60654333E+3,
657.7500,1.80001990E+3,
657.900,1.76520813E+3,
658.0500,1.75467505E+3,
658.200,1.70492346E+3,
658.3500,1.79733875E+3,
658.500,1.76712354E+3,
658.6500,1.76636206E+3,
658.800,1.55292346E+3,
658.9500,1.75984167E+3,
659.100,1.70436011E+3,
659.2500,1.48922180E+3,
659.400,1.42782751E+3,
659.5500,1.61133777E+3,
659.700,1.65024622E+3,
659.8500,1.57871826E+3,
660.00,1.38589380E+3,
660.1500,1.39930371E+3,
660.300,1.23047546E+3,
660.4500,1.29432275E+3,
660.600,1.17021533E+3,
660.7500,1.36681165E+3,
660.900,1.54389392E+3,
661.0500,1.28113513E+3,
661.200,1.21235303E+3,
661.3500,1.30286621E+3,
661.500,1.22862366E+3,
661.6500,1.15401160E+3,
661.800,1.21390356E+3,
661.9500,1.17527917E+3,
662.100,1.16253772E+3,
662.2500,1.28561194E+3,
662.400,1.21020850E+3,
662.5500,1.12917126E+3,
662.700,1.26359216E+3,
662.8500,1.19810779E+3,
663.00,1.07409082E+3,
663.1500,1.26235632E+3,
663.300,1.04212695E+3,
663.4500,1.20990515E+3,
663.600,1.30369556E+3,
663.7500,1.17833911E+3,
663.900,1.11679382E+3,
664.0500,1.28635376E+3,
664.200,9.54931824E+2,
664.3500,1.01670111E+3,
664.500,8.72766724E+2,
664.6500,9.18325256E+2,
664.800,9.74989380E+2,
664.9500,9.77323181E+2,
665.100,9.24920044E+2,
665.2500,1.10814941E+3,
665.400,8.30336731E+2,
665.5500,9.70107361E+2,
665.700,8.84011902E+2,
665.8500,8.75036499E+2,
666.00,8.43808655E+2,
666.1500,8.68082031E+2,
666.300,8.92465637E+2,
666.4500,9.00189575E+2,
666.600,8.91131409E+2,
666.7500,9.04497314E+2,
666.900,7.37717896E+2,
667.0500,7.56422607E+2,
667.200,8.94057617E+2,
667.3500,7.31723328E+2,
667.500,8.47212769E+2,
667.6500,6.49771912E+2,
667.800,7.65614990E+2,
667.9500,9.16381653E+2,
668.100,6.60284912E+2,
668.2500,6.44677185E+2,
668.400,7.09775757E+2,
668.5500,7.69412109E+2,
668.700,6.61157776E+2,
668.8500,6.74452209E+2,
669.00,8.27703796E+2,
669.1500,7.65583252E+2,
669.300,5.68364868E+2,
669.4500,6.10976807E+2,
669.600,8.12842834E+2,
669.7500,6.14182800E+2,
669.900,6.33557495E+2,
670.0500,5.93656799E+2,
670.200,6.78525269E+2,
670.3500,7.16091248E+2,
670.500,5.44446289E+2,
670.6500,7.31814758E+2,
670.800,7.99871887E+2,
670.9500,7.11507935E+2,
671.100,5.62174133E+2,
671.2500,5.87801636E+2,
671.400,6.19628296E+2,
671.5500,7.67314270E+2,
671.700,6.16590942E+2,
671.8500,6.73195984E+2,
672.00,6.01240906E+2,
672.1500,6.27277161E+2,
672.300,5.48637695E+2,
672.4500,5.56129272E+2,
672.600,6.07011475E+2,
672.7500,5.46375793E+2,
672.900,5.91250061E+2,
673.0500,6.80017334E+2,
673.200,6.37904602E+2,
673.3500,6.95890381E+2,
673.500,8.04434082E+2,
673.6500,6.67805420E+2,
673.800,7.45228149E+2,
673.9500,6.39430115E+2,
674.100,7.23546692E+2,
674.2500,5.79036926E+2,
674.400,6.50682678E+2,
674.5500,6.07570435E+2,
674.700,5.70648071E+2,
674.8500,5.52818298E+2,
675.00,6.31562317E+2,
675.1500,5.94432617E+2,
675.300,7.83835022E+2,
675.4500,6.23500000E+2,
675.600,7.22793884E+2,
675.7500,6.00628906E+2,
675.900,5.82554321E+2,
676.0500,5.90638611E+2,
676.200,6.84316650E+2,
676.3500,5.87162842E+2,
676.500,6.68090698E+2,
676.6500,5.83637878E+2,
676.800,4.98733582E+2,
676.9500,6.46736267E+2,
677.100,6.01655090E+2,
677.2500,4.75898468E+2,
677.400,5.04044983E+2,
677.5500,4.85168304E+2,
677.700,6.08073364E+2,
677.8500,6.63885925E+2,
678.00,5.63767761E+2,
678.1500,6.12906616E+2,
678.300,5.05257843E+2,
678.4500,5.33957886E+2,
678.600,5.83394958E+2,
678.7500,5.02341003E+2,
678.900,6.48540100E+2,
679.0500,6.84808472E+2,
679.200,6.93496704E+2,
679.3500,5.14501587E+2,
679.500,5.36731384E+2,
679.6500,6.07992004E+2,
679.800,5.74519226E+2,
679.9500,5.40872986E+2,
680.100,6.50119812E+2,
680.2500,4.53507507E+2,
680.400,6.11087463E+2,
680.5500,5.91402710E+2,
680.700,5.93042053E+2,
680.8500,6.30511108E+2,
681.00,4.74195740E+2,
681.1500,6.48402161E+2,
681.300,5.12918518E+2,
681.4500,4.49129578E+2,
681.600,5.52057068E+2,
681.7500,7.42953979E+2,
681.900,7.52300964E+2,
682.0500,5.27317932E+2,
682.200,5.21400513E+2,
682.3500,6.84809021E+2,
682.500,5.75911194E+2,
682.6500,7.10735229E+2,
682.800,7.42355896E+2,
682.9500,6.32715576E+2,
683.100,6.71739563E+2,
683.2500,7.03479309E+2,
683.400,5.62796143E+2,
683.5500,7.44888611E+2,
683.700,7.39350220E+2,
683.8500,5.52224243E+2,
684.00,6.97830078E+2,
684.1500,5.62815063E+2,
684.300,7.01606873E+2,
684.4500,6.11744080E+2,
684.600,5.21390259E+2,
684.7500,6.68880188E+2,
684.900,7.94040649E+2,
685.0500,6.80242310E+2,
685.200,6.89836853E+2,
685.3500,6.99479248E+2,
685.500,6.00066956E+2,
685.6500,6.95467834E+2,
685.800,7.13027832E+2,
685.9500,6.28542969E+2,
686.100,6.38125977E+2,
686.2500,7.97844299E+2,
686.400,7.36642090E+2,
686.5500,7.30698120E+2,
686.700,7.24719727E+2,
686.8500,6.78776062E+2,
687.00,9.68886230E+2,
687.1500,6.82491699E+2,
687.300,9.01752808E+2,
687.4500,7.99277466E+2,
687.600,6.31466553E+2,
687.7500,7.06267700E+2,
687.900,8.87303955E+2,
688.0500,1.02851733E+3,
688.200,7.85793335E+2,
688.3500,8.04377258E+2,
688.500,8.55981750E+2,
688.6500,7.92321411E+2,
688.800,8.52445007E+2,
688.9500,8.38207275E+2,
689.100,7.90567322E+2,
689.2500,8.34436462E+2,
689.400,9.20376099E+2,
689.5500,7.80252014E+2,
689.700,7.57139099E+2,
689.8500,1.04601160E+3,
690.00,7.52813477E+2,
690.1500,7.29400635E+2,
690.300,7.99402954E+2,
690.4500,8.44199524E+2,
690.600,6.49824402E+2,
690.7500,8.91639099E+2,
690.900,8.59667419E+2,
691.0500,7.67180908E+2,
691.200,8.03850342E+2,
691.3500,7.54043640E+2,
691.500,9.38613525E+2,
691.6500,7.84319214E+2,
691.800,6.02957581E+2,
691.9500,7.71097900E+2,
692.100,7.82003784E+2,
692.2500,8.81075195E+2,
692.400,7.86318665E+2,
692.5500,9.21377197E+2,
692.700,9.50572815E+2,
692.8500,8.99748230E+2,
693.00,9.37967957E+2,
693.1500,8.06173157E+2,
693.300,8.80235779E+2,
693.4500,1.09880774E+3,
693.600,9.30226379E+2,
693.7500,1.11390186E+3,
693.900,8.44533203E+2,
694.0500,8.83279236E+2,
694.200,9.03976318E+2,
694.3500,8.42375610E+2,
694.500,9.08971497E+2,
694.6500,7.64173157E+2,
694.800,8.77073181E+2,
694.9500,7.12858948E+2,
695.100,7.14856934E+2,
695.2500,9.03075195E+2,
695.400,1.09235400E+3,
695.5500,7.02205688E+2,
695.700,9.67092163E+2,
695.8500,9.41583679E+2,
696.00,7.83729736E+2,
696.1500,6.91248352E+2,
696.300,9.11602600E+2,
696.4500,8.66564575E+2,
696.600,9.54960266E+2,
696.7500,8.61895752E+2,
696.900,9.89186096E+2,
697.0500,8.28241882E+2,
697.200,8.40188416E+2,
697.3500,9.29668091E+2,
697.500,8.93397583E+2,
697.6500,9.25086304E+2,
697.800,1.01553247E+3,
697.9500,7.14804260E+2,
698.100,1.13900928E+3,
698.2500,8.56633301E+2,
698.400,1.16510669E+3,
698.5500,1.09904309E+3,
698.700,1.02267804E+3,
698.8500,1.12509912E+3,
699.00,1.06833606E+3,
699.1500,1.03131213E+3,
699.300,8.43453674E+2,
699.4500,1.05731018E+3,
699.600,8.98741577E+2,
699.7500,8.60789001E+2,
699.900,1.14760071E+3,
700.0500,9.36970520E+2,
700.200,9.19158630E+2,
700.3500,9.01241089E+2,
700.500,9.03758728E+2,
700.6500,1.00927386E+3,
700.800,8.15874023E+2,
700.9500,1.08742822E+3,
701.100,1.06962976E+3,
701.2500,8.53847595E+2,
701.400,1.00232727E+3,
701.5500,8.68936523E+2,
701.700,1.01825232E+3,
701.8500,8.94698547E+2,
702.00,9.71003174E+2,
702.1500,1.06887927E+3,
702.300,1.06116199E+3,
702.4500,1.17044409E+3,
702.600,1.07759668E+3,
702.7500,9.41445740E+2,
702.900,1.16927954E+3,
703.0500,1.19401831E+3,
703.200,1.03559851E+3,
703.3500,1.15754224E+3,
703.500,1.05234644E+3,
703.6500,1.26206226E+3,
703.800,1.02562012E+3,
703.9500,1.34586609E+3,
704.100,1.11935181E+3,
704.2500,1.13367908E+3,
704.400,1.35783350E+3,
704.5500,1.31758032E+3,
704.700,1.18824292E+3,
704.8500,1.32544141E+3,
705.00,1.17299585E+3,
705.1500,1.12045752E+3,
705.300,1.31483069E+3,
705.4500,1.21730334E+3,
705.600,9.94831787E+2,
705.7500,1.12252380E+3,
705.900,1.26234668E+3,
706.0500,1.36874719E+3,
706.200,1.23547998E+3,
706.3500,1.26204626E+3,
706.500,1.21972095E+3,
706.6500,1.05019507E+3,
706.800,1.14587683E+3,
706.9500,1.32337903E+3,
707.100,1.04783777E+3,
707.2500,1.45959485E+3,
707.400,1.26479077E+3,
707.5500,1.32723035E+3,
707.700,1.20155432E+3,
707.8500,1.35868018E+3,
708.00,1.27973718E+3,
708.1500,1.28343359E+3,
708.300,1.17987964E+3,
708.4500,1.33867700E+3,
708.600,1.60626990E+3,
708.7500,1.37048975E+3,
708.900,1.26595813E+3,
709.0500,1.30585071E+3,
709.200,1.18822400E+3,
709.3500,1.09425330E+3,
709.500,1.36551819E+3,
709.6500,1.49157483E+3,
709.800,1.31182227E+3,
709.9500,1.34006445E+3,
710.100,1.36839319E+3,
710.2500,1.33503162E+3,
710.400,1.35106262E+3,
710.5500,1.34231409E+3,
710.700,1.23381201E+3,
710.8500,1.18719312E+3,
711.00,1.42852405E+3,
711.1500,1.16862097E+3,
711.300,1.18447729E+3,
711.4500,1.32677881E+3,
711.600,1.17842822E+3,
711.7500,1.35961536E+3,
711.900,9.68410767E+2,
712.0500,1.13725000E+3,
712.200,1.33270386E+3,
712.3500,1.16943665E+3,
712.500,1.23720813E+3,
712.6500,1.17611816E+3,
712.800,1.33501172E+3,
712.9500,1.59879773E+3,
713.100,1.42080908E+3,
713.2500,1.20256580E+3,
713.400,1.28457825E+3,
713.5500,1.24873889E+3,
713.700,1.09406201E+3,
713.8500,1.12356750E+3,
714.00,1.07370007E+3,
714.1500,1.15642468E+3,
714.300,1.15962549E+3,
714.4500,9.89082764E+2,
714.600,1.21967871E+3,
714.7500,9.54259766E+2,
714.900,1.42863086E+3,
715.0500,9.73117371E+2,
715.200,1.24700012E+3,
715.3500,1.08746533E+3,
715.500,1.11785974E+3,
715.6500,9.16005554E+2,
715.800,1.28884717E+3,
715.9500,1.38882471E+3,
716.100,1.08948315E+3,
716.2500,1.21717163E+3,
716.400,1.12365198E+3,
716.5500,9.18266602E+2,
716.700,1.35355920E+3,
716.8500,1.13363171E+3,
717.00,1.06680139E+3,
717.1500,1.04175061E+3,
717.300,1.29891943E+3,
717.4500,1.00535077E+3,
717.600,9.79882690E+2,
717.7500,1.11093030E+3,
717.900,1.08561243E+3,
718.0500,9.74160278E+2,
718.200,1.04879102E+3,
718.3500,1.13825208E+3,
718.500,1.06927588E+3,
718.6500,1.10133691E+3,
718.800,9.30112183E+2,
718.9500,1.19514478E+3,
719.100,1.16932935E+3,
719.2500,9.96762024E+2,
719.400,1.14660693E+3,
719.5500,1.04668530E+3,
719.700,1.13838354E+3,
719.8500,9.78549377E+2,
720.00,1.14491089E+3,
720.1500,7.90295532E+2,
720.300,1.12152246E+3,
720.4500,8.39788879E+2,
720.600,1.15800085E+3,
720.7500,7.99339844E+2,
720.900,1.11924854E+3,
721.0500,1.04658569E+3,
721.200,1.01909845E+3,
721.3500,8.69425903E+2,
721.500,1.08600977E+3,
721.6500,1.01236871E+3,
721.800,9.53687439E+2,
721.9500,9.71799866E+2,
722.100,8.81682922E+2,
722.2500,9.61658936E+2,
722.400,9.79858459E+2,
722.5500,1.21649683E+3,
722.700,9.53985901E+2,
722.8500,9.25253174E+2,
723.00,1.06933826E+3,
723.1500,1.00925214E+3,
723.300,8.85566956E+2,
723.4500,1.22106873E+3,
723.600,1.11317676E+3,
723.7500,9.40884155E+2,
723.900,8.79562256E+2,
724.0500,1.10658533E+3,
724.200,7.55947388E+2,
724.3500,7.74272461E+2,
724.500,8.08877686E+2,
724.6500,8.11232056E+2,
724.800,7.97322266E+2,
724.9500,1.02811926E+3,
725.100,7.36495667E+2,
725.2500,8.37101990E+2,
725.400,1.03705347E+3,
725.5500,8.41944763E+2,
725.700,8.77494690E+2,
725.8500,9.29849792E+2,
726.00,9.49199036E+2,
726.1500,8.51660889E+2,
726.300,9.21029602E+2,
726.4500,8.73234558E+2,
726.600,7.40965027E+2,
726.7500,9.79471619E+2,
726.900,7.79008484E+2,
727.0500,1.20573901E+3,
727.200,6.47099304E+2,
727.3500,8.36712891E+2,
727.500,8.73262634E+2,
727.6500,1.11605090E+3,
727.800,7.40347107E+2,
727.9500,7.07863037E+2,
728.100,8.13677551E+2,
728.2500,8.15901367E+2,
728.400,1.04442676E+3,
728.5500,9.42556946E+2,
728.700,8.22623474E+2,
728.8500,1.00038739E+3,
729.00,7.39152222E+2,
729.1500,8.29460754E+2,
729.300,9.20269165E+2,
729.4500,6.74389954E+2,
729.600,6.94078979E+2,
729.7500,9.81578369E+2,
729.900,8.23265808E+2,
730.0500,8.79435547E+2,
730.200,1.15193262E+3,
730.3500,9.74721985E+2,
730.500,8.14593628E+2,
730.6500,7.08005188E+2,
730.800,1.00133234E+3,
730.9500,8.39884583E+2,
731.100,7.14083984E+2,
731.2500,9.91494873E+2,
731.400,6.81259155E+2,
731.5500,7.93950378E+2,
731.700,8.14693054E+2,
731.8500,8.16980042E+2,
732.00,7.63416260E+2,
732.1500,8.02862427E+2,
732.300,7.86352844E+2,
732.4500,7.32201416E+2,
732.600,7.15398499E+2,
732.7500,8.11769470E+2,
732.900,8.70810364E+2,
733.0500,7.97304932E+2,
733.200,8.37634644E+2,
733.3500,7.63641541E+2,
733.500,8.23241272E+2,
733.6500,8.63976990E+2,
733.800,9.24192200E+2,
733.9500,8.10968872E+2,
734.100,9.10115662E+2,
734.2500,7.96218811E+2,
734.400,1.16856189E+3,
734.5500,7.81291138E+2,
734.700,9.01084717E+2,
734.8500,8.44757874E+2,
735.00,7.88099854E+2,
735.1500,8.69380005E+2,
735.300,9.70932861E+2,
735.4500,1.09293518E+3,
735.600,9.36632263E+2,
735.7500,9.59298218E+2,
735.900,7.41578552E+2,
736.0500,8.64272888E+2,
736.200,6.44954041E+2,
736.3500,1.27325818E+3,
736.500,1.21597778E+3,
736.6500,9.95797058E+2,
736.800,6.72495422E+2,
736.9500,1.12393457E+3,
737.100,8.81064880E+2,
737.2500,9.03926270E+2,
737.400,8.44513611E+2,
737.5500,6.40216980E+2,
737.700,1.01462677E+3,
737.8500,9.13499573E+2,
738.00,7.70200684E+2,
738.1500,8.34769836E+2,
738.300,7.53206360E+2,
738.4500,1.11171619E+3,
738.600,1.00940741E+3,
738.7500,8.85487976E+2,
738.900,8.66616394E+2,
739.0500,9.53615845E+2,
739.200,1.14733704E+3,
739.3500,1.49118726E+3,
739.500,1.13200415E+3,
739.6500,1.15639331E+3,
739.800,1.22384534E+3,
739.9500,1.37775989E+3,
740.100,1.25199048E+3,
740.2500,1.38532678E+3,
740.400,1.54110303E+3,
740.5500,1.00122711E+3,
740.700,9.82180176E+2,
740.8500,1.29132458E+3,
741.00,8.99856750E+2,
741.1500,1.14445398E+3,
741.300,1.03728625E+3,
741.4500,1.08443896E+3,
741.600,6.21406982E+2,
741.7500,9.34712402E+2,
741.900,9.59642883E+2,
742.0500,9.62299988E+2,
742.200,7.40516602E+2,
742.3500,4.72519623E+2,
742.500,9.70174805E+2,
742.6500,5.20346008E+2,
742.800,6.80563660E+2,
742.9500,8.18908691E+2,
743.100,4.33385590E+2,
743.2500,7.09043152E+2,
743.400,6.19250916E+2,
743.5500,5.51958496E+2,
743.700,7.61033569E+2,
743.8500,5.78129944E+2,
744.00,3.94213318E+2,
744.1500,3.48802307E+2,
744.300,2.56499695E+2,
744.4500,4.91045715E+2,
744.600,5.62760193E+2,
744.7500,4.93790131E+2,
744.900,5.42330139E+2,
745.0500,5.91124878E+2,
745.200,6.87579102E+2,
745.3500,6.18136292E+2,
745.500,3.09914490E+2,
745.6500,5.49814148E+2,
745.800,7.43087036E+2,
745.9500,5.04765381E+2,
746.100,4.82009644E+2,
746.2500,4.59110382E+2,
746.400,4.36089355E+2,
746.5500,3.64362732E+2,
746.700,6.81934326E+2,
746.8500,2.93027496E+2,
747.00,6.36567261E+2,
747.1500,3.68160126E+2,
747.300,5.41305969E+2,
747.4500,6.65978882E+2,
747.600,4.69815430E+2,
747.7500,6.69291809E+2,
747.900,2.98203369E+2,
748.0500,4.48415680E+2,
748.200,8.24130798E+2,
748.3500,5.00710327E+2,
748.500,5.52146912E+2,
748.6500,4.27718201E+2,
748.800,4.28780090E+2,
748.9500,4.55131653E+2,
749.100,5.07019135E+2,
749.2500,4.57533875E+2,
749.400,6.11674133E+2,
749.5500,7.15525940E+2,
749.700,2.30606003E+2,
749.8500,5.65213196E+2,
750.00,5.92489014E+2,
750.1500,4.64945190E+2,
