Labels,32C_25_550K,
Type,Emission Scan,
Comment,,
Start,450.00,
Stop,750.1500,
Step,0.150,
Fixed/Offset,248.400,
Xaxis,Wavelength,
Yaxis,Counts,
Scan Corr. by File,True,
Corr. by Ref. Det.,False,
Fixed/Offset Corr. by File,False,
Repeats,1,
Dwell Time,0.20,
Lamp,Xe,
Temp,28.450,
Scan Polariser,None,
Scan Slit,0.2520,
Fixed/Offset Polariser,None,
Fixed/Offset Slit,2.9970,
Detector,Red PMT,

450.00,1.33257288E+3,
450.1500,1.64976758E+3,
450.300,1.46144312E+3,
450.4500,1.36974817E+3,
450.600,1.14694543E+3,
450.7500,1.08441589E+3,
450.900,1.05137000E+3,
451.0500,1.03077356E+3,
451.200,1.00862036E+3,
451.3500,1.00711389E+3,
451.500,1.03420190E+3,
451.6500,9.86622070E+2,
451.800,1.02006757E+3,
451.9500,1.12502356E+3,
452.100,1.24061279E+3,
452.2500,1.23524841E+3,
452.400,1.34620105E+3,
452.5500,1.27949097E+3,
452.700,1.16664270E+3,
452.8500,1.11991162E+3,
453.00,1.15237366E+3,
453.1500,1.09585278E+3,
453.300,1.04314050E+3,
453.4500,1.04416797E+3,
453.600,1.05877600E+3,
453.7500,1.07174353E+3,
453.900,1.08310156E+3,
454.0500,1.05255847E+3,
454.200,1.00846765E+3,
454.3500,1.11663806E+3,
454.500,1.08727478E+3,
454.6500,9.74947815E+2,
454.800,1.10841296E+3,
454.9500,1.06703809E+3,
455.100,1.07088025E+3,
455.2500,1.06328186E+3,
455.400,1.05722107E+3,
455.5500,1.04576550E+3,
455.700,1.10027332E+3,
455.8500,1.13095056E+3,
456.00,1.10312793E+3,
456.1500,1.11437708E+3,
456.300,1.09617664E+3,
456.4500,1.10739966E+3,
456.600,1.17115308E+3,
456.7500,1.14783142E+3,
456.900,1.20278528E+3,
457.0500,1.23649219E+3,
457.200,1.20837122E+3,
457.3500,1.16661096E+3,
457.500,1.22044165E+3,
457.6500,1.13635144E+3,
457.800,1.16600452E+3,
457.9500,1.16048230E+3,
458.100,1.20233032E+3,
458.2500,1.16135400E+3,
458.400,1.16739941E+3,
458.5500,1.25627209E+3,
458.700,1.18060876E+3,
458.8500,1.15158813E+3,
459.00,1.12169775E+3,
459.1500,1.06487354E+3,
459.300,1.05139807E+3,
459.4500,1.12556921E+3,
459.600,1.06374341E+3,
459.7500,1.05288794E+3,
459.900,1.02117676E+3,
460.0500,1.05252490E+3,
460.200,1.06760657E+3,
460.3500,1.10904553E+3,
460.500,1.12266296E+3,
460.6500,1.13276831E+3,
460.800,1.15076636E+3,
460.9500,1.28063806E+3,
461.100,1.19126794E+3,
461.2500,1.17238782E+3,
461.400,1.22639795E+3,
461.5500,1.23098792E+3,
461.700,1.33112329E+3,
461.8500,1.38186853E+3,
462.00,1.46649573E+3,
462.1500,1.46222058E+3,
462.300,1.49419568E+3,
462.4500,1.60476941E+3,
462.600,1.63947314E+3,
462.7500,1.41295142E+3,
462.900,1.45780701E+3,
463.0500,1.43984155E+3,
463.200,1.38774231E+3,
463.3500,1.32515210E+3,
463.500,1.30261621E+3,
463.6500,1.23628186E+3,
463.800,1.18417358E+3,
463.9500,1.13872339E+3,
464.100,1.19790356E+3,
464.2500,1.17199133E+3,
464.400,1.09005762E+3,
464.5500,1.13322021E+3,
464.700,1.16249976E+3,
464.8500,1.12008655E+3,
465.00,1.14614587E+3,
465.1500,1.15774890E+3,
465.300,1.14524451E+3,
465.4500,1.11816321E+3,
465.600,1.14856311E+3,
465.7500,1.08410034E+3,
465.900,1.10719678E+3,
466.0500,1.14900562E+3,
466.200,1.23339136E+3,
466.3500,1.23267712E+3,
466.500,1.37770239E+3,
466.6500,1.43666760E+3,
466.800,1.82116467E+3,
466.9500,1.89378162E+3,
467.100,2.09901611E+3,
467.2500,2.17244800E+3,
467.400,2.20880005E+3,
467.5500,2.03101758E+3,
467.700,1.95187830E+3,
467.8500,1.84432886E+3,
468.00,1.73296118E+3,
468.1500,1.69044299E+3,
468.300,1.55431128E+3,
468.4500,1.42558020E+3,
468.600,1.36420239E+3,
468.7500,1.40450635E+3,
468.900,1.33516650E+3,
469.0500,1.28631750E+3,
469.200,1.35014099E+3,
469.3500,1.26509607E+3,
469.500,1.26311353E+3,
469.6500,1.37229712E+3,
469.800,1.30562146E+3,
469.9500,1.22896106E+3,
470.100,1.29169360E+3,
470.2500,1.19015601E+3,
470.400,1.20557239E+3,
470.5500,1.12132349E+3,
470.700,1.19511597E+3,
470.8500,1.17331287E+3,
471.00,1.05406958E+3,
471.1500,1.08781104E+3,
471.300,1.10646802E+3,
471.4500,1.06188123E+3,
471.600,1.09759363E+3,
471.7500,1.09316467E+3,
471.900,1.06768835E+3,
472.0500,1.07235413E+3,
472.200,1.08915503E+3,
472.3500,1.11095886E+3,
472.500,1.13676050E+3,
472.6500,1.15253918E+3,
472.800,1.16731116E+3,
472.9500,1.31820203E+3,
473.100,1.51916260E+3,
473.2500,1.59003479E+3,
473.400,1.79296277E+3,
473.5500,1.76274707E+3,
473.700,1.43644678E+3,
473.8500,1.30325940E+3,
474.00,1.24410876E+3,
474.1500,1.18608789E+3,
474.300,1.16407092E+3,
474.4500,1.10505273E+3,
474.600,1.02203540E+3,
474.7500,1.07502332E+3,
474.900,1.13100989E+3,
475.0500,1.14302954E+3,
475.200,1.10711414E+3,
475.3500,1.12020154E+3,
475.500,1.11328552E+3,
475.6500,1.09836536E+3,
475.800,1.13246240E+3,
475.9500,1.11053711E+3,
476.100,1.08965515E+3,
476.2500,1.15585437E+3,
476.400,1.10897229E+3,
476.5500,1.10912402E+3,
476.700,1.09425793E+3,
476.8500,1.13445789E+3,
477.00,1.07853137E+3,
477.1500,1.06074011E+3,
477.300,1.16817273E+3,
477.4500,1.14337622E+3,
477.600,1.14462744E+3,
477.7500,1.13384790E+3,
477.900,1.10100244E+3,
478.0500,1.18352734E+3,
478.200,1.13776709E+3,
478.3500,1.10201111E+3,
478.500,1.16261230E+3,
478.6500,1.21421240E+3,
478.800,1.18848718E+3,
478.9500,1.11953003E+3,
479.100,1.14610950E+3,
479.2500,1.19286426E+3,
479.400,1.14305994E+3,
479.5500,1.19085510E+3,
479.700,1.30616162E+3,
479.8500,1.24928210E+3,
480.00,1.23468457E+3,
480.1500,1.25843250E+3,
480.300,1.40224792E+3,
480.4500,1.36956812E+3,
480.600,1.38734180E+3,
480.7500,1.49705237E+3,
480.900,1.51186011E+3,
481.0500,1.52262476E+3,
481.200,1.49696460E+3,
481.3500,1.52086218E+3,
481.500,1.45873083E+3,
481.6500,1.42692651E+3,
481.800,1.48931531E+3,
481.9500,1.37742126E+3,
482.100,1.35977429E+3,
482.2500,1.36749121E+3,
482.400,1.42392798E+3,
482.5500,1.45096716E+3,
482.700,1.41301440E+3,
482.8500,1.49494568E+3,
483.00,1.49967529E+3,
483.1500,1.47608130E+3,
483.300,1.52472461E+3,
483.4500,1.47972473E+3,
483.600,1.36640308E+3,
483.7500,1.45685388E+3,
483.900,1.38011194E+3,
484.0500,1.32067102E+3,
484.200,1.41850012E+3,
484.3500,1.35294678E+3,
484.500,1.42023267E+3,
484.6500,1.40267859E+3,
484.800,1.33800781E+3,
484.9500,1.30193713E+3,
485.100,1.27613367E+3,
485.2500,1.32520068E+3,
485.400,1.28606006E+3,
485.5500,1.27459424E+3,
485.700,1.31346912E+3,
485.8500,1.26394604E+3,
486.00,1.36254578E+3,
486.1500,1.31096069E+3,
486.300,1.26033105E+3,
486.4500,1.27150220E+3,
486.600,1.30641846E+3,
486.7500,1.31246460E+3,
486.900,1.28958167E+3,
487.0500,1.41759766E+3,
487.200,1.36878662E+3,
487.3500,1.37788538E+3,
487.500,1.34762964E+3,
487.6500,1.39921399E+3,
487.800,1.53382056E+3,
487.9500,1.53160913E+3,
488.100,1.57088196E+3,
488.2500,1.64653320E+3,
488.400,1.69004138E+3,
488.5500,1.69199451E+3,
488.700,1.73868799E+3,
488.8500,1.77605725E+3,
489.00,1.64055322E+3,
489.1500,1.76874841E+3,
489.300,1.69477087E+3,
489.4500,1.70522656E+3,
489.600,1.67287598E+3,
489.7500,1.71989221E+3,
489.900,1.78369067E+3,
490.0500,1.76605310E+3,
490.200,1.85118042E+3,
490.3500,1.87146497E+3,
490.500,1.87814136E+3,
490.6500,1.98556958E+3,
490.800,1.99548132E+3,
490.9500,2.06426001E+3,
491.100,2.16482104E+3,
491.2500,2.33508936E+3,
491.400,2.31492041E+3,
491.5500,2.46027393E+3,
491.700,2.43593677E+3,
491.8500,2.58900879E+3,
492.00,2.58269092E+3,
492.1500,2.52240234E+3,
492.300,2.58166382E+3,
492.4500,2.43647290E+3,
492.600,2.47028638E+3,
492.7500,2.22602563E+3,
492.900,2.37869312E+3,
493.0500,2.21367090E+3,
493.200,2.18029077E+3,
493.3500,2.06165771E+3,
493.500,2.11548120E+3,
493.6500,2.11498657E+3,
493.800,2.03549756E+3,
493.9500,1.90887866E+3,
494.100,1.90819397E+3,
494.2500,1.86042480E+3,
494.400,1.93355859E+3,
494.5500,1.92108118E+3,
494.700,1.84317273E+3,
494.8500,1.86922571E+3,
495.00,1.75893494E+3,
495.1500,1.81081799E+3,
495.300,1.81760474E+3,
495.4500,1.84269409E+3,
495.600,1.74394055E+3,
495.7500,1.70216284E+3,
495.900,1.67973376E+3,
496.0500,1.76960413E+3,
496.200,1.72897449E+3,
496.3500,1.71963245E+3,
496.500,1.65289844E+3,
496.6500,1.64779675E+3,
496.800,1.65027026E+3,
496.9500,1.61042029E+3,
497.100,1.59772803E+3,
497.2500,1.60787598E+3,
497.400,1.69311633E+3,
497.5500,1.55523804E+3,
497.700,1.59260913E+3,
497.8500,1.53293604E+3,
498.00,1.61293066E+3,
498.1500,1.61877148E+3,
498.300,1.51630859E+3,
498.4500,1.57790601E+3,
498.600,1.45219263E+3,
498.7500,1.55661292E+3,
498.900,1.46907117E+3,
499.0500,1.50885156E+3,
499.200,1.47831726E+3,
499.3500,1.51157507E+3,
499.500,1.56031384E+3,
499.6500,1.56942908E+3,
499.800,1.48141284E+3,
499.9500,1.49488245E+3,
500.100,1.41770679E+3,
500.2500,1.50310205E+3,
500.400,1.36707654E+3,
500.5500,1.34612036E+3,
500.700,1.34620923E+3,
500.8500,1.32740845E+3,
501.00,1.27410425E+3,
501.1500,1.29524927E+3,
501.300,1.29637915E+3,
501.4500,1.27632764E+3,
501.600,1.23950085E+3,
501.7500,1.23275488E+3,
501.900,1.30981140E+3,
502.0500,1.20131995E+3,
502.200,1.25609070E+3,
502.3500,1.20562646E+3,
502.500,1.28515698E+3,
502.6500,1.29186377E+3,
502.800,1.19186023E+3,
502.9500,1.09842908E+3,
503.100,1.16915967E+3,
503.2500,1.18259045E+3,
503.400,1.17011340E+3,
503.5500,1.19709949E+3,
503.700,1.19025098E+3,
503.8500,1.13365405E+3,
504.00,1.14256628E+3,
504.1500,1.08925818E+3,
504.300,1.12084766E+3,
504.4500,1.08556421E+3,
504.600,1.07973206E+3,
504.7500,1.16025049E+3,
504.900,1.10442065E+3,
505.0500,1.11679602E+3,
505.200,1.15882324E+3,
505.3500,1.20548328E+3,
505.500,1.22596826E+3,
505.6500,1.17793396E+3,
505.800,1.22014905E+3,
505.9500,1.19948462E+3,
506.100,1.19714673E+3,
506.2500,1.20399268E+3,
506.400,1.21773267E+3,
506.5500,1.35441333E+3,
506.700,1.44419788E+3,
506.8500,1.36726184E+3,
507.00,1.44799609E+3,
507.1500,1.43790833E+3,
507.300,1.50282007E+3,
507.4500,1.56669971E+3,
507.600,1.58328125E+3,
507.7500,1.58947009E+3,
507.900,1.67562134E+3,
508.0500,1.61001343E+3,
508.200,1.69527502E+3,
508.3500,1.55288525E+3,
508.500,1.64755701E+3,
508.6500,1.55023694E+3,
508.800,1.48535718E+3,
508.9500,1.45185120E+3,
509.100,1.33063123E+3,
509.2500,1.39859741E+3,
509.400,1.36485413E+3,
509.5500,1.33806970E+3,
509.700,1.23030225E+3,
509.8500,1.30076331E+3,
510.00,1.36900623E+3,
510.1500,1.21029602E+3,
510.300,1.24436230E+3,
510.4500,1.17479309E+3,
510.600,1.22775024E+3,
510.7500,1.21823401E+3,
510.900,1.20042542E+3,
511.0500,1.24408093E+3,
511.200,1.19904858E+3,
511.3500,1.14445154E+3,
511.500,1.21663269E+3,
511.6500,1.11684314E+3,
511.800,1.12140857E+3,
511.9500,1.10933264E+3,
512.100,1.10204041E+3,
512.2500,1.07450488E+3,
512.400,1.05764429E+3,
512.5500,9.59587341E+2,
512.700,9.60496948E+2,
512.8500,9.45858765E+2,
513.00,9.53931396E+2,
513.1500,9.88442627E+2,
513.300,9.01887329E+2,
513.4500,9.03993774E+2,
513.600,8.94082703E+2,
513.7500,8.54076111E+2,
513.900,7.91107727E+2,
514.0500,8.34091309E+2,
514.200,8.16857361E+2,
514.3500,8.45481018E+2,
514.500,7.88316772E+2,
514.6500,8.19384827E+2,
514.800,8.46877686E+2,
514.9500,7.77400757E+2,
515.100,7.56339050E+2,
515.2500,8.65264832E+2,
515.400,7.34759644E+2,
515.5500,7.23323120E+2,
515.700,7.75246216E+2,
515.8500,7.77243286E+2,
516.00,7.69470764E+2,
516.1500,7.34788940E+2,
516.300,7.26958313E+2,
516.4500,7.11759338E+2,
516.600,7.38219971E+2,
516.7500,7.18086365E+2,
516.900,7.44600769E+2,
517.0500,7.67484680E+2,
517.200,6.90705444E+2,
517.3500,7.34546814E+2,
517.500,7.29126709E+2,
517.6500,7.70621399E+2,
517.800,7.17007690E+2,
517.9500,7.22681824E+2,
518.100,7.15990723E+2,
518.2500,7.47731506E+2,
518.400,6.44233093E+2,
518.5500,6.90869812E+2,
518.700,7.41331604E+2,
518.8500,7.08470276E+2,
519.00,6.53104858E+2,
519.1500,6.89982056E+2,
519.300,7.34428406E+2,
519.4500,7.61461243E+2,
519.600,6.77149414E+2,
519.7500,6.56559998E+2,
519.900,6.94876099E+2,
520.0500,6.50408875E+2,
520.200,6.85052551E+2,
520.3500,7.13476074E+2,
520.500,6.42442993E+2,
520.6500,6.89792297E+2,
520.800,6.84219360E+2,
520.9500,6.97588379E+2,
521.100,6.41397034E+2,
521.2500,6.85129089E+2,
521.400,6.69366455E+2,
521.5500,6.57374512E+2,
521.700,6.77115356E+2,
521.8500,6.70187988E+2,
522.00,6.54333130E+2,
522.1500,7.09806519E+2,
522.300,6.97781616E+2,
522.4500,6.87006836E+2,
522.600,6.17405884E+2,
522.7500,7.16565063E+2,
522.900,7.16015076E+2,
523.0500,7.28296509E+2,
523.200,7.20092407E+2,
523.3500,7.27286621E+2,
523.500,7.48643616E+2,
523.6500,6.96644226E+2,
523.800,6.87069885E+2,
523.9500,6.69730713E+2,
524.100,6.66570618E+2,
524.2500,6.93149841E+2,
524.400,7.17193848E+2,
524.5500,7.72388733E+2,
524.700,6.70721436E+2,
524.8500,7.23380981E+2,
525.00,7.70949890E+2,
525.1500,7.20983582E+2,
525.300,7.12599487E+2,
525.4500,7.14628601E+2,
525.600,7.70179504E+2,
525.7500,8.20614014E+2,
525.900,8.12285828E+2,
526.0500,7.50264771E+2,
526.200,7.34010010E+2,
526.3500,7.03284729E+2,
526.500,7.57868408E+2,
526.6500,7.07376526E+2,
526.800,6.98894470E+2,
526.9500,8.59038330E+2,
527.100,8.01949463E+2,
527.2500,7.97579651E+2,
527.400,7.79976501E+2,
527.5500,8.43062134E+2,
527.700,7.88364258E+2,
527.8500,8.95368530E+2,
528.00,8.29975586E+2,
528.1500,8.33600098E+2,
528.300,8.50538879E+2,
528.4500,8.86170349E+2,
528.600,8.57841370E+2,
528.7500,8.36122742E+2,
528.900,8.71849792E+2,
529.0500,8.40711243E+2,
529.200,8.01444824E+2,
529.3500,8.57347290E+2,
529.500,9.10685181E+2,
529.6500,8.78078247E+2,
529.800,8.76356323E+2,
529.9500,8.85409180E+2,
530.100,9.34941101E+2,
530.2500,9.61612671E+2,
530.400,9.55888916E+2,
530.5500,1.05978064E+3,
530.700,9.71491089E+2,
530.8500,8.93858582E+2,
531.00,9.99365417E+2,
531.1500,9.92292969E+2,
531.300,9.78396484E+2,
531.4500,9.98523254E+2,
531.600,1.00777850E+3,
531.7500,9.97938477E+2,
531.900,9.99006348E+2,
532.0500,1.01513867E+3,
532.200,1.01216455E+3,
532.3500,9.55702942E+2,
532.500,1.00892828E+3,
532.6500,9.79814514E+2,
532.800,9.89152161E+2,
532.9500,1.01916608E+3,
533.100,1.01480359E+3,
533.2500,9.67651855E+2,
533.400,1.04476501E+3,
533.5500,1.02935193E+3,
533.700,9.46029846E+2,
533.8500,9.59581421E+2,
534.00,9.64831177E+2,
534.1500,9.65933777E+2,
534.300,1.07695593E+3,
534.4500,9.41666809E+2,
534.600,9.88755005E+2,
534.7500,9.77308411E+2,
534.900,9.30888550E+2,
535.0500,9.30533508E+2,
535.200,9.55384216E+2,
535.3500,1.03778430E+3,
535.500,9.74351685E+2,
535.6500,9.97916809E+2,
535.800,1.00464429E+3,
535.9500,9.04328918E+2,
536.100,9.95579041E+2,
536.2500,9.50095398E+2,
536.400,9.62451904E+2,
536.5500,1.05689233E+3,
536.700,1.00139844E+3,
536.8500,1.00533191E+3,
537.00,1.04617859E+3,
537.1500,1.04452344E+3,
537.300,1.02294147E+3,
537.4500,9.67123291E+2,
537.600,9.98156433E+2,
537.7500,1.05637988E+3,
537.900,1.02183569E+3,
538.0500,1.04301050E+3,
538.200,1.04418237E+3,
538.3500,1.05395544E+3,
538.500,9.01529297E+2,
538.6500,1.02325598E+3,
538.800,9.61088257E+2,
538.9500,9.96723328E+2,
539.100,9.71881531E+2,
539.2500,9.42655640E+2,
539.400,9.66832397E+2,
539.5500,8.76761353E+2,
539.700,8.71943176E+2,
539.8500,9.10610352E+2,
540.00,9.84199768E+2,
540.1500,9.09771545E+2,
540.300,9.60295227E+2,
540.4500,9.10422302E+2,
540.600,9.11472107E+2,
540.7500,9.09601379E+2,
540.900,9.38418701E+2,
541.0500,9.36574097E+2,
541.200,8.96645081E+2,
541.3500,9.66629517E+2,
541.500,9.58942322E+2,
541.6500,8.93894714E+2,
541.800,8.84624817E+2,
541.9500,9.04803345E+2,
542.100,9.48630127E+2,
542.2500,9.21658997E+2,
542.400,8.91664673E+2,
542.5500,9.72627502E+2,
542.700,8.69992432E+2,
542.8500,8.63564941E+2,
543.00,9.64074524E+2,
543.1500,9.48812500E+2,
543.300,9.03734009E+2,
543.4500,9.25624878E+2,
543.600,9.16224121E+2,
543.7500,9.11281128E+2,
543.900,9.25765930E+2,
544.0500,8.69905579E+2,
544.200,8.88859619E+2,
544.3500,9.34862122E+2,
544.500,9.28385315E+2,
544.6500,8.79781311E+2,
544.800,8.98816040E+2,
544.9500,9.46527039E+2,
545.100,9.41547852E+2,
545.2500,9.12394897E+2,
545.400,8.42341309E+2,
545.5500,8.93244690E+2,
545.700,8.98789307E+2,
545.8500,8.77029663E+2,
546.00,8.52180847E+2,
546.1500,9.04904785E+2,
546.300,8.75526184E+2,
546.4500,9.05528931E+2,
546.600,9.00494202E+2,
546.7500,8.96973022E+2,
546.900,8.61312866E+2,
547.0500,8.57747314E+2,
547.200,9.38554810E+2,
547.3500,8.26086731E+2,
547.500,8.83986694E+2,
547.6500,8.61984070E+2,
547.800,8.24511353E+2,
547.9500,8.48665527E+2,
548.100,9.82565918E+2,
548.2500,9.54378052E+2,
548.400,9.15276367E+2,
548.5500,9.78412476E+2,
548.700,9.25265015E+2,
548.8500,8.78201111E+2,
549.00,9.69523926E+2,
549.1500,9.17705322E+2,
549.300,9.15676636E+2,
549.4500,8.77719238E+2,
549.600,8.52176331E+2,
549.7500,9.01713379E+2,
549.900,9.76441040E+2,
550.0500,9.44636108E+2,
550.200,8.98613647E+2,
550.3500,8.41469055E+2,
550.500,8.55048706E+2,
550.6500,8.59197693E+2,
550.800,9.81727783E+2,
550.9500,9.63904114E+2,
551.100,1.00457227E+3,
551.2500,9.66142090E+2,
551.400,9.10176392E+2,
551.5500,9.74727112E+2,
551.700,9.67903992E+2,
551.8500,1.07403296E+3,
552.00,1.01632520E+3,
552.1500,1.07494751E+3,
552.300,1.08260742E+3,
552.4500,9.76777527E+2,
552.600,9.95535034E+2,
552.7500,1.07041858E+3,
552.900,9.52957275E+2,
553.0500,1.05046558E+3,
553.200,9.72956116E+2,
553.3500,1.05626770E+3,
553.500,9.93076172E+2,
553.6500,9.07128174E+2,
553.800,1.03913574E+3,
553.9500,9.25519592E+2,
554.100,9.83350769E+2,
554.2500,1.04456848E+3,
554.400,9.82509155E+2,
554.5500,1.01622491E+3,
554.700,9.73506775E+2,
554.8500,1.04966357E+3,
555.00,9.72604431E+2,
555.1500,1.01625470E+3,
555.300,1.01583795E+3,
555.4500,9.36804443E+2,
555.600,1.00843188E+3,
555.7500,9.60384460E+2,
555.900,9.69746033E+2,
556.0500,1.05976550E+3,
556.200,1.07092627E+3,
556.3500,1.07221106E+3,
556.500,1.07184448E+3,
556.6500,9.92104492E+2,
556.800,1.07937231E+3,
556.9500,1.07900037E+3,
557.100,1.02055573E+3,
557.2500,1.09322754E+3,
557.400,9.99726440E+2,
557.5500,1.00092554E+3,
557.700,1.05881714E+3,
557.8500,1.12185022E+3,
558.00,1.09978870E+3,
558.1500,1.14631934E+3,
558.300,1.14269312E+3,
558.4500,1.11556897E+3,
558.600,1.16227515E+3,
558.7500,1.18050366E+3,
558.900,1.09606824E+3,
559.0500,1.11763635E+3,
559.200,1.08358435E+3,
559.3500,1.12548877E+3,
559.500,1.09981311E+3,
559.6500,1.09101050E+3,
559.800,1.11101611E+3,
559.9500,1.02577332E+3,
560.100,1.03043787E+3,
560.2500,9.48284851E+2,
560.400,9.61382324E+2,
560.5500,9.94987061E+2,
560.700,1.04575903E+3,
560.8500,8.45156189E+2,
561.00,8.80445129E+2,
561.1500,8.60925354E+2,
561.300,8.77412598E+2,
561.4500,9.40352966E+2,
561.600,9.15659973E+2,
561.7500,8.21976501E+2,
561.900,8.36758667E+2,
562.0500,7.89391541E+2,
562.200,8.18008850E+2,
562.3500,7.42802429E+2,
562.500,7.95696167E+2,
562.6500,7.77553162E+2,
562.800,7.26347473E+2,
562.9500,7.20251221E+2,
563.100,7.17660034E+2,
563.2500,7.20312256E+2,
563.400,7.96312866E+2,
563.5500,6.94154419E+2,
563.700,6.96778503E+2,
563.8500,6.62594788E+2,
564.00,7.03792542E+2,
564.1500,6.78377319E+2,
564.300,6.37051819E+2,
564.4500,7.08392517E+2,
564.600,7.18161926E+2,
564.7500,6.80249634E+2,
564.900,6.84694824E+2,
565.0500,6.37766357E+2,
565.200,6.72299011E+2,
565.3500,6.60737488E+2,
565.500,7.07833740E+2,
565.6500,6.80256531E+2,
565.800,6.08027771E+2,
565.9500,6.53445251E+2,
566.100,6.23856873E+2,
566.2500,6.94398804E+2,
566.400,6.54013550E+2,
566.5500,5.97383911E+2,
566.700,6.19645081E+2,
566.8500,6.32965271E+2,
567.00,6.17510071E+2,
567.1500,6.52483582E+2,
567.300,5.84676697E+2,
567.4500,6.08849243E+2,
567.600,6.34884521E+2,
567.7500,6.15706543E+2,
567.900,5.78351196E+2,
568.0500,7.35144836E+2,
568.200,6.96076965E+2,
568.3500,6.07776794E+2,
568.500,5.97599243E+2,
568.6500,6.74956055E+2,
568.800,6.66657593E+2,
568.9500,7.84518005E+2,
569.100,6.86635071E+2,
569.2500,6.63681030E+2,
569.400,6.66365417E+2,
569.5500,6.74567810E+2,
569.700,7.28799011E+2,
569.8500,6.89184937E+2,
570.00,6.60538757E+2,
570.1500,7.66638733E+2,
570.300,7.62019104E+2,
570.4500,7.66645142E+2,
570.600,7.71278992E+2,
570.7500,7.27658508E+2,
570.900,7.78714172E+2,
571.0500,7.25674011E+2,
571.200,7.22777344E+2,
571.3500,7.29195740E+2,
571.500,7.72968262E+2,
571.6500,7.55154297E+2,
571.800,7.22326172E+2,
571.9500,8.35549255E+2,
572.100,6.86471313E+2,
572.2500,8.54404602E+2,
572.400,7.68927185E+2,
572.5500,7.73592529E+2,
572.700,7.76382202E+2,
572.8500,7.81061401E+2,
573.00,7.55528748E+2,
573.1500,8.05630005E+2,
573.300,8.16088074E+2,
573.4500,8.43631775E+2,
573.600,7.80129333E+2,
573.7500,8.89409668E+2,
573.900,6.96413879E+2,
574.0500,7.71563049E+2,
574.200,9.07936340E+2,
574.3500,8.63212158E+2,
574.500,8.60442322E+2,
574.6500,8.44261658E+2,
574.800,8.95123840E+2,
574.9500,9.86408203E+2,
575.100,9.06910217E+2,
575.2500,9.04169006E+2,
575.400,9.61127258E+2,
575.5500,8.94799255E+2,
575.700,9.32570068E+2,
575.8500,1.06321814E+3,
576.00,1.00063367E+3,
576.1500,1.06775354E+3,
576.300,1.06518555E+3,
576.4500,1.07620642E+3,
576.600,1.03473462E+3,
576.7500,1.09831653E+3,
576.900,1.08990930E+3,
577.0500,1.09122888E+3,
577.200,1.14921045E+3,
577.3500,1.09578979E+3,
577.500,1.10884802E+3,
577.6500,1.10624231E+3,
577.800,1.10951648E+3,
577.9500,1.14818469E+3,
578.100,1.10817102E+3,
578.2500,1.23554480E+3,
578.400,1.18367859E+3,
578.5500,1.23241650E+3,
578.700,1.16855786E+3,
578.8500,1.27082666E+3,
579.00,1.32972498E+3,
579.1500,1.15266858E+3,
579.300,1.26518945E+3,
579.4500,1.29842358E+3,
579.600,1.24613074E+3,
579.7500,1.41293127E+3,
579.900,1.33670020E+3,
580.0500,1.33421143E+3,
580.200,1.31375183E+3,
580.3500,1.35930298E+3,
580.500,1.45105188E+3,
580.6500,1.46274622E+3,
580.800,1.38004761E+3,
580.9500,1.47413293E+3,
581.100,1.50807178E+3,
581.2500,1.46550867E+3,
581.400,1.44907678E+3,
581.5500,1.54575281E+3,
581.700,1.61635413E+3,
581.8500,1.56964441E+3,
582.00,1.68098364E+3,
582.1500,1.63429150E+3,
582.300,1.72976306E+3,
582.4500,1.60567273E+3,
582.600,1.68095313E+3,
582.7500,1.58913293E+3,
582.900,1.76668518E+3,
583.0500,1.70337463E+3,
583.200,1.81805115E+3,
583.3500,1.72801440E+3,
583.500,1.69111511E+3,
583.6500,1.78562830E+3,
583.800,1.68697705E+3,
583.9500,1.74050623E+3,
584.100,1.83335803E+3,
584.2500,1.89546887E+3,
584.400,1.79647571E+3,
584.5500,1.81521240E+3,
584.700,1.80290540E+3,
584.8500,1.96899390E+3,
585.00,1.94021167E+3,
585.1500,1.88221313E+3,
585.300,1.82198560E+3,
585.4500,1.95132239E+3,
585.600,2.03921350E+3,
585.7500,2.09387305E+3,
585.900,2.07752148E+3,
586.0500,2.04015637E+3,
586.200,1.96491345E+3,
586.3500,2.04274805E+3,
586.500,2.02827527E+3,
586.6500,2.23260425E+3,
586.800,2.10454126E+3,
586.9500,2.19130396E+3,
587.100,2.20856616E+3,
587.2500,2.18358081E+3,
587.400,2.21355298E+3,
587.5500,2.20968652E+3,
587.700,2.23125781E+3,
587.8500,2.31656836E+3,
588.00,2.27452197E+3,
588.1500,2.35371436E+3,
588.300,2.24558887E+3,
588.4500,2.39530078E+3,
588.600,2.40013647E+3,
588.7500,2.51400366E+3,
588.900,2.36915942E+3,
589.0500,2.35257788E+3,
589.200,2.45187769E+3,
589.3500,2.49985718E+3,
589.500,2.46838696E+3,
589.6500,2.70807324E+3,
589.800,2.67675415E+3,
589.9500,2.60867432E+3,
590.100,2.60108545E+3,
590.2500,2.80121582E+3,
590.400,2.61199243E+3,
590.5500,2.73455273E+3,
590.700,2.80313208E+3,
590.8500,2.95883203E+3,
591.00,2.90594897E+3,
591.1500,3.20829590E+3,
591.300,3.06620801E+3,
591.4500,3.13789233E+3,
591.600,3.07846851E+3,
591.7500,3.12623169E+3,
591.900,3.11488013E+3,
592.0500,3.13417188E+3,
592.200,3.36448462E+3,
592.3500,3.32673804E+3,
592.500,3.38367896E+3,
592.6500,3.43633228E+3,
592.800,3.39408130E+3,
592.9500,3.54198389E+3,
593.100,3.60828857E+3,
593.2500,3.53725537E+3,
593.400,3.59260156E+3,
593.5500,3.60582690E+3,
593.700,3.84387695E+3,
593.8500,3.66353906E+3,
594.00,3.54523022E+3,
594.1500,3.73080542E+3,
594.300,3.83631763E+3,
594.4500,3.57700244E+3,
594.600,3.78797095E+3,
594.7500,3.86024731E+3,
594.900,3.79553711E+3,
595.0500,3.93559766E+3,
595.200,3.99275391E+3,
595.3500,3.84686499E+3,
595.500,3.99671069E+3,
595.6500,4.06092603E+3,
595.800,3.91903027E+3,
595.9500,3.96512769E+3,
596.100,4.05676270E+3,
596.2500,3.99159619E+3,
596.400,4.19057422E+3,
596.5500,4.39462354E+3,
596.700,4.29076025E+3,
596.8500,4.33988184E+3,
597.00,4.45555420E+3,
597.1500,4.42465381E+3,
597.300,4.97472607E+3,
597.4500,4.52584033E+3,
597.600,4.72512744E+3,
597.7500,4.85113916E+3,
597.900,4.77198828E+3,
598.0500,4.74345898E+3,
598.200,4.80509424E+3,
598.3500,4.54704346E+3,
598.500,4.93574609E+3,
598.6500,4.75849561E+3,
598.800,4.70174756E+3,
598.9500,4.85914795E+3,
599.100,5.15233252E+3,
599.2500,4.94186914E+3,
599.400,5.23362109E+3,
599.5500,4.95008350E+3,
599.700,5.07844873E+3,
599.8500,5.37146094E+3,
600.00,5.07284229E+3,
600.1500,5.04005322E+3,
600.300,5.33011279E+3,
600.4500,5.20076611E+3,
600.600,5.36181250E+3,
600.7500,5.25814551E+3,
600.900,5.20632275E+3,
601.0500,5.25664355E+3,
601.200,5.39078418E+3,
601.3500,5.43242822E+3,
601.500,5.36207617E+3,
601.6500,5.78838428E+3,
601.800,5.27568115E+3,
601.9500,5.52579834E+3,
602.100,5.59193311E+3,
602.2500,5.81213037E+3,
602.400,5.64780029E+3,
602.5500,5.86389160E+3,
602.700,5.89227441E+3,
602.8500,6.18917871E+3,
603.00,6.32468604E+3,
603.1500,5.86117139E+3,
603.300,6.05951611E+3,
603.4500,6.24871143E+3,
603.600,6.55785400E+3,
603.7500,6.44568262E+3,
603.900,6.66801514E+3,
604.0500,6.78566406E+3,
604.200,6.83979297E+3,
604.3500,6.72464795E+3,
604.500,6.99024365E+3,
604.6500,7.03252246E+3,
604.800,6.74445020E+3,
604.9500,6.89263086E+3,
605.100,7.14266748E+3,
605.2500,7.14327197E+3,
605.400,7.22075195E+3,
605.5500,7.60894238E+3,
605.700,7.38625488E+3,
605.8500,7.53410547E+3,
606.00,7.76968945E+3,
606.1500,7.76907471E+3,
606.300,7.68582764E+3,
606.4500,8.04094727E+3,
606.600,7.89253418E+3,
606.7500,8.11322168E+3,
606.900,7.97196143E+3,
607.0500,8.56164551E+3,
607.200,8.39810352E+3,
607.3500,8.60334473E+3,
607.500,8.34301074E+3,
607.6500,8.67561133E+3,
607.800,8.78809570E+3,
607.9500,9.00525977E+3,
608.100,8.78963379E+3,
608.2500,9.26517383E+3,
608.400,9.16170215E+3,
608.5500,9.67760059E+3,
608.700,9.46408105E+3,
608.8500,9.37830176E+3,
609.00,9.43886523E+3,
609.1500,9.57992090E+3,
609.300,9.76266113E+3,
609.4500,9.22998340E+3,
609.600,9.66119727E+3,
609.7500,9.70480078E+3,
609.900,9.61866699E+3,
610.0500,9.53500000E+3,
610.200,9.61813965E+3,
610.3500,1.01320400E+4,
610.500,1.00987148E+4,
610.6500,9.63593945E+3,
610.800,9.86381445E+3,
610.9500,9.70634961E+3,
611.100,9.92704199E+3,
611.2500,1.00930410E+4,
611.400,9.79775000E+3,
611.5500,1.00776357E+4,
611.700,9.96924805E+3,
611.8500,9.66956934E+3,
612.00,9.74333887E+3,
612.1500,9.81176367E+3,
612.300,9.56335059E+3,
612.4500,9.81305859E+3,
612.600,9.41148535E+3,
612.7500,9.55727637E+3,
612.900,9.40863281E+3,
613.0500,9.29182031E+3,
613.200,9.18562305E+3,
613.3500,9.38877051E+3,
613.500,9.24993848E+3,
613.6500,8.93771484E+3,
613.800,9.24415527E+3,
613.9500,9.22087207E+3,
614.100,9.06222656E+3,
614.2500,8.81896094E+3,
614.400,8.77915039E+3,
614.5500,8.97925781E+3,
614.700,8.80012598E+3,
614.8500,9.15964160E+3,
615.00,9.09255469E+3,
615.1500,9.10249707E+3,
615.300,8.74649316E+3,
615.4500,8.81092676E+3,
615.600,9.10742969E+3,
615.7500,9.07858887E+3,
615.900,8.91388867E+3,
616.0500,8.68756641E+3,
616.200,8.44382910E+3,
616.3500,8.68087598E+3,
616.500,8.75136133E+3,
616.6500,8.47285840E+3,
616.800,8.36406250E+3,
616.9500,8.40623438E+3,
617.100,8.26343066E+3,
617.2500,8.08646484E+3,
617.400,8.13144336E+3,
617.5500,8.26120313E+3,
617.700,7.89661328E+3,
617.8500,8.33505957E+3,
618.00,7.85294336E+3,
618.1500,7.60552637E+3,
618.300,7.77002295E+3,
618.4500,7.68978857E+3,
618.600,7.81781543E+3,
618.7500,7.66288135E+3,
618.900,8.04647363E+3,
619.0500,7.38296436E+3,
619.200,7.94328076E+3,
619.3500,7.41285156E+3,
619.500,7.44082178E+3,
619.6500,7.26340918E+3,
619.800,7.37521191E+3,
619.9500,7.52806201E+3,
620.100,7.63490967E+3,
620.2500,7.40399756E+3,
620.400,7.58689355E+3,
620.5500,7.37252930E+3,
620.700,7.41821533E+3,
620.8500,7.12635693E+3,
621.00,7.05696729E+3,
621.1500,7.22581006E+3,
621.300,7.02914502E+3,
621.4500,7.13933203E+3,
621.600,7.19654883E+3,
621.7500,7.26877832E+3,
621.900,6.70494043E+3,
622.0500,6.82707617E+3,
622.200,6.74662988E+3,
622.3500,6.75554102E+3,
622.500,6.77343750E+3,
622.6500,6.26042285E+3,
622.800,6.56292480E+3,
622.9500,6.58049707E+3,
623.100,6.32074805E+3,
623.2500,6.28364355E+3,
623.400,5.96796094E+3,
623.5500,6.18773779E+3,
623.700,6.36879492E+3,
623.8500,5.98760449E+3,
624.00,6.17193994E+3,
624.1500,5.83509521E+3,
624.300,5.94666113E+3,
624.4500,6.12909814E+3,
624.600,5.81788135E+3,
624.7500,5.76078857E+3,
624.900,5.90375195E+3,
625.0500,6.14918652E+3,
625.200,5.51742041E+3,
625.3500,5.66718066E+3,
625.500,5.74918018E+3,
625.6500,5.49868457E+3,
625.800,5.30953857E+3,
625.9500,5.46930420E+3,
626.100,5.29195703E+3,
626.2500,5.44925342E+3,
626.400,5.52235986E+3,
626.5500,5.40383984E+3,
626.700,5.51490430E+3,
626.8500,5.35798730E+3,
627.00,5.30800586E+3,
627.1500,4.98842871E+3,
627.300,5.01054102E+3,
627.4500,5.13770361E+3,
627.600,5.08364648E+3,
627.7500,5.11238721E+3,
627.900,5.28838428E+3,
628.0500,4.95540576E+3,
628.200,4.92629883E+3,
628.3500,4.98070996E+3,
628.500,4.93859814E+3,
628.6500,4.72513037E+3,
628.800,4.81499658E+3,
628.9500,4.81765479E+3,
629.100,5.12896680E+3,
629.2500,4.74178369E+3,
629.400,4.99871973E+3,
629.5500,4.71429053E+3,
629.700,4.61205762E+3,
629.8500,4.51924609E+3,
630.00,4.43262988E+3,
630.1500,4.50050781E+3,
630.300,4.72365918E+3,
630.4500,4.34614502E+3,
630.600,4.87779443E+3,
630.7500,4.63841699E+3,
630.900,4.51444434E+3,
631.0500,4.33006543E+3,
631.200,4.54221143E+3,
631.3500,4.66154053E+3,
631.500,4.49316943E+3,
631.6500,4.73705273E+3,
631.800,4.53784277E+3,
631.9500,4.50972852E+3,
632.100,4.77194434E+3,
632.2500,4.49039160E+3,
632.400,4.31620361E+3,
632.5500,4.55576660E+3,
632.700,4.38778418E+3,
632.8500,4.37941846E+3,
633.00,4.32998828E+3,
633.1500,4.47886768E+3,
633.300,4.36069141E+3,
633.4500,4.24547656E+3,
633.600,4.65333154E+3,
633.7500,4.42776074E+3,
633.900,4.32577295E+3,
634.0500,4.44164502E+3,
634.200,4.26986133E+3,
634.3500,4.38607422E+3,
634.500,4.28664941E+3,
634.6500,4.42077734E+3,
634.800,4.23701660E+3,
634.9500,4.49072656E+3,
635.100,4.22572314E+3,
635.2500,4.19554053E+3,
635.400,4.17580029E+3,
635.5500,4.06053784E+3,
635.700,4.19267480E+3,
635.8500,4.12662158E+3,
636.00,4.22738525E+3,
636.1500,3.91905859E+3,
636.300,4.04855859E+3,
636.4500,3.96392969E+3,
636.600,4.12270459E+3,
636.7500,4.19590186E+3,
636.900,3.72581396E+3,
637.0500,3.94630957E+3,
637.200,3.97243066E+3,
637.3500,3.97690527E+3,
637.500,3.84709473E+3,
637.6500,3.88039233E+3,
637.800,3.69515430E+3,
637.9500,3.56757446E+3,
638.100,3.81254077E+3,
638.2500,3.89709082E+3,
638.400,3.68074390E+3,
638.5500,3.70275977E+3,
638.700,3.60683765E+3,
638.8500,3.65832764E+3,
639.00,3.47674121E+3,
639.1500,3.37995728E+3,
639.300,3.35339404E+3,
639.4500,3.28945947E+3,
639.600,3.44922144E+3,
639.7500,3.49366284E+3,
639.900,3.23467163E+3,
640.0500,3.33525854E+3,
640.200,3.41010645E+3,
640.3500,3.24762354E+3,
640.500,3.50400659E+3,
640.6500,3.42812598E+3,
640.800,3.23042676E+3,
640.9500,3.19925732E+3,
641.100,3.33566943E+3,
641.2500,3.34657471E+3,
641.400,3.14312280E+3,
641.5500,3.18815991E+3,
641.700,3.35256519E+3,
641.8500,3.13621802E+3,
642.00,3.08109985E+3,
642.1500,3.07984424E+3,
642.300,3.16386450E+3,
642.4500,2.93350879E+3,
642.600,3.00197461E+3,
642.7500,3.00438428E+3,
642.900,2.69790259E+3,
643.0500,3.01309692E+3,
643.200,2.70135449E+3,
643.3500,2.76208032E+3,
643.500,2.72053296E+3,
643.6500,2.95142432E+3,
643.800,2.68043359E+3,
643.9500,2.71777124E+3,
644.100,2.41332837E+3,
644.2500,2.44226855E+3,
644.400,2.54717773E+3,
644.5500,2.48847754E+3,
644.700,2.52173486E+3,
644.8500,2.47476782E+3,
645.00,2.44369702E+3,
645.1500,2.51754346E+3,
645.300,2.55530347E+3,
645.4500,2.48381689E+3,
645.600,2.34297827E+3,
645.7500,2.31139453E+3,
645.900,2.47133740E+3,
646.0500,2.48077734E+3,
646.200,2.45756250E+3,
646.3500,2.35623730E+3,
646.500,2.32850610E+3,
646.6500,2.30064429E+3,
646.800,2.41726733E+3,
646.9500,2.37703174E+3,
647.100,2.27845386E+3,
647.2500,2.33746118E+3,
647.400,2.33419263E+3,
647.5500,2.40190771E+3,
647.700,2.08058496E+3,
647.8500,2.17739209E+3,
648.00,2.18631592E+3,
648.1500,2.37214575E+3,
648.300,2.29696558E+3,
648.4500,2.31877954E+3,
648.600,2.21346362E+3,
648.7500,2.18842700E+3,
648.900,2.19308447E+3,
649.0500,2.09107471E+3,
649.200,2.12550220E+3,
649.3500,2.25006909E+3,
649.500,2.08739282E+3,
649.6500,2.19517847E+3,
649.800,2.03166260E+3,
649.9500,1.97118457E+3,
650.100,2.26578955E+3,
650.2500,2.00164209E+3,
650.400,2.18452612E+3,
650.5500,2.15014526E+3,
650.700,1.74843372E+3,
650.8500,2.01956604E+3,
651.00,1.95382263E+3,
651.1500,1.82625183E+3,
651.300,2.02888379E+3,
651.4500,1.97603467E+3,
651.600,2.01154785E+3,
651.7500,2.32698389E+3,
651.900,2.03407263E+3,
652.0500,1.97176733E+3,
652.200,2.10585864E+3,
652.3500,2.04337439E+3,
652.500,2.12431567E+3,
652.6500,1.98055115E+3,
652.800,1.99402405E+3,
652.9500,2.16128296E+3,
653.100,2.15707227E+3,
653.2500,2.17099561E+3,
653.400,1.95281970E+3,
653.5500,2.06213232E+3,
653.700,2.13077759E+3,
653.8500,1.83768237E+3,
654.00,1.86936658E+3,
654.1500,2.06698389E+3,
654.300,1.86407043E+3,
654.4500,1.75733923E+3,
654.600,1.76598865E+3,
654.7500,1.84900073E+3,
654.900,1.77872583E+3,
655.0500,1.86680554E+3,
655.200,1.77754944E+3,
655.3500,1.77695410E+3,
655.500,1.72465479E+3,
655.6500,1.77102075E+3,
655.800,1.71372644E+3,
655.9500,1.65616309E+3,
656.100,1.87339917E+3,
656.2500,1.64002319E+3,
656.400,1.59615063E+3,
656.5500,1.51863623E+3,
656.700,1.54127832E+3,
656.8500,1.86626477E+3,
657.00,1.38488831E+3,
657.1500,1.60982715E+3,
657.300,1.59908179E+3,
657.4500,1.54954297E+3,
657.600,1.51432483E+3,
657.7500,1.59569336E+3,
657.900,1.43849829E+3,
658.0500,1.55428040E+3,
658.200,1.47956006E+3,
658.3500,1.43394238E+3,
658.500,1.42255908E+3,
658.6500,1.39631409E+3,
658.800,1.43917432E+3,
658.9500,1.32855652E+3,
659.100,1.13789636E+3,
659.2500,1.40953101E+3,
659.400,1.26807056E+3,
659.5500,1.32610095E+3,
659.700,1.27405029E+3,
659.8500,1.35749658E+3,
660.00,1.43125037E+3,
660.1500,1.41445862E+3,
660.300,1.14439282E+3,
660.4500,1.27909546E+3,
660.600,1.21091846E+3,
660.7500,1.15260974E+3,
660.900,1.16558875E+3,
661.0500,1.18889331E+3,
661.200,1.07878870E+3,
661.3500,1.14837622E+3,
661.500,1.15635168E+3,
661.6500,9.88413513E+2,
661.800,1.08940063E+3,
661.9500,9.88066528E+2,
662.100,1.11561914E+3,
662.2500,1.07134326E+3,
662.400,1.14734058E+3,
662.5500,1.00312421E+3,
662.700,1.18988257E+3,
662.8500,9.18373413E+2,
663.00,1.19049475E+3,
663.1500,1.01837146E+3,
663.300,1.13251563E+3,
663.4500,9.11426331E+2,
663.600,1.15409106E+3,
663.7500,1.00694434E+3,
663.900,9.39610168E+2,
664.0500,1.00109540E+3,
664.200,9.87302368E+2,
664.3500,9.62621216E+2,
664.500,9.32396729E+2,
664.6500,9.40060791E+2,
664.800,8.00689636E+2,
664.9500,9.44563782E+2,
665.100,7.88097534E+2,
665.2500,7.89967896E+2,
665.400,7.25857239E+2,
665.5500,7.27580505E+2,
665.700,6.57483887E+2,
665.8500,7.75348816E+2,
666.00,7.16127075E+2,
666.1500,8.29129639E+2,
666.300,8.47842346E+2,
666.4500,7.88364807E+2,
666.600,7.84643982E+2,
666.7500,8.03373413E+2,
666.900,7.54612244E+2,
667.0500,6.71748413E+2,
667.200,7.86544373E+2,
667.3500,7.20378784E+2,
667.500,7.67608887E+2,
667.6500,7.63766968E+2,
667.800,6.68484741E+2,
667.9500,7.33105347E+2,
668.100,6.37318481E+2,
668.2500,7.02237671E+2,
668.400,7.27087341E+2,
668.5500,5.14869751E+2,
668.700,7.07554810E+2,
668.8500,6.51195251E+2,
669.00,6.99467957E+2,
669.1500,6.19479553E+2,
669.300,6.09380859E+2,
669.4500,5.99227234E+2,
669.600,5.94906738E+2,
669.7500,6.61427673E+2,
669.900,4.50003448E+2,
670.0500,6.94578430E+2,
670.200,7.02333191E+2,
670.3500,5.19166199E+2,
670.500,4.96582886E+2,
670.6500,5.51860291E+2,
670.800,5.77351135E+2,
670.9500,6.45180969E+2,
671.100,6.16578064E+2,
671.2500,4.48425995E+2,
671.400,6.13553528E+2,
671.5500,5.96799988E+2,
671.700,6.28800720E+2,
671.8500,6.48716125E+2,
672.00,6.13511108E+2,
672.1500,5.28880737E+2,
672.300,5.85624512E+2,
672.4500,6.05562988E+2,
672.600,5.20295532E+2,
672.7500,5.71210999E+2,
672.900,6.16144775E+2,
673.0500,6.23869080E+2,
673.200,6.31650635E+2,
673.3500,4.20041931E+2,
673.500,5.53048462E+2,
673.6500,5.22904236E+2,
673.800,5.62078857E+2,
673.9500,7.28064026E+2,
674.100,5.01405151E+2,
674.2500,6.93571716E+2,
674.400,5.99648743E+2,
674.5500,5.11638245E+2,
674.700,5.32177429E+2,
674.8500,5.97815125E+2,
675.00,4.70449463E+2,
675.1500,6.00893860E+2,
675.300,6.93143372E+2,
675.4500,5.84531250E+2,
675.600,5.66514099E+2,
675.7500,4.89643158E+2,
675.900,5.30189880E+2,
676.0500,6.30014526E+2,
676.200,4.60597778E+2,
676.3500,4.55216125E+2,
676.500,5.35795532E+2,
676.6500,5.10683136E+2,
676.800,5.25332703E+2,
676.9500,6.06731995E+2,
677.100,5.28119507E+2,
677.2500,5.22818054E+2,
677.400,5.24206787E+2,
677.5500,5.18860535E+2,
677.700,4.86458710E+2,
677.8500,5.55496399E+2,
678.00,5.43390625E+2,
678.1500,5.44805908E+2,
678.300,5.66708130E+2,
678.4500,4.86038605E+2,
678.600,5.42214172E+2,
678.7500,5.29866516E+2,
678.900,6.07143921E+2,
679.0500,6.64056702E+2,
679.200,3.95293121E+2,
679.3500,5.00596161E+2,
679.500,4.32173340E+2,
679.6500,4.96177368E+2,
679.800,4.62417938E+2,
679.9500,5.12775696E+2,
680.100,4.59323761E+2,
680.2500,3.82646942E+2,
680.400,5.32925110E+2,
680.5500,5.13023987E+2,
680.700,4.57285400E+2,
680.8500,5.58862122E+2,
681.00,4.09532684E+2,
681.1500,5.47539551E+2,
681.300,5.49039551E+2,
681.4500,4.34641541E+2,
681.600,5.01209717E+2,
681.7500,3.86044739E+2,
681.900,5.47791992E+2,
682.0500,4.76050873E+2,
682.200,4.33276489E+2,
682.3500,5.89083069E+2,
682.500,5.02076416E+2,
682.6500,5.70068909E+2,
682.800,6.45849670E+2,
682.9500,6.47602966E+2,
683.100,5.44855408E+2,
683.2500,5.98705811E+2,
683.400,5.55292175E+2,
683.5500,4.43923492E+2,
683.700,4.97929718E+2,
683.8500,6.73259705E+2,
684.00,7.20585449E+2,
684.1500,5.17181396E+2,
684.300,6.48223755E+2,
684.4500,6.34684509E+2,
684.600,6.51737854E+2,
684.7500,6.22750488E+2,
684.900,6.86112793E+2,
685.0500,6.95702332E+2,
685.200,6.74334900E+2,
685.3500,6.13987366E+2,
685.500,5.53308533E+2,
685.6500,4.61040466E+2,
685.800,6.73850464E+2,
685.9500,6.44256531E+2,
686.100,5.51466858E+2,
686.2500,5.05564697E+2,
686.400,5.78224426E+2,
686.5500,7.30698120E+2,
686.700,5.41548828E+2,
686.8500,7.02732849E+2,
687.00,7.60695801E+2,
687.1500,5.86139954E+2,
687.300,6.76314636E+2,
687.4500,7.83130493E+2,
687.600,6.31466553E+2,
687.7500,6.65677612E+2,
687.900,7.00074646E+2,
688.0500,9.38726135E+2,
688.200,7.44866638E+2,
688.3500,8.04377258E+2,
688.500,8.23059387E+2,
688.6500,7.75814697E+2,
688.800,9.10378113E+2,
688.9500,6.47328369E+2,
689.100,8.15532593E+2,
689.2500,7.50992798E+2,
689.400,8.86907898E+2,
689.5500,7.46692810E+2,
689.700,7.65551758E+2,
689.8500,9.19477905E+2,
690.00,6.09017639E+2,
690.1500,7.29400635E+2,
690.300,8.84445862E+2,
690.4500,7.41872314E+2,
690.600,7.95179810E+2,
690.7500,7.37316956E+2,
690.900,6.18960571E+2,
691.0500,7.58560852E+2,
691.200,7.08771301E+2,
691.3500,7.10707764E+2,
691.500,6.60505798E+2,
691.6500,6.97172668E+2,
691.800,8.21420471E+2,
691.9500,7.18523010E+2,
692.100,7.11711304E+2,
692.2500,6.16752625E+2,
692.400,8.56998962E+2,
692.5500,7.35329895E+2,
692.700,7.72895630E+2,
692.8500,8.46297852E+2,
693.00,9.55833984E+2,
693.1500,8.50960571E+2,
693.300,6.73649841E+2,
693.4500,6.57483337E+2,
693.600,6.23161316E+2,
693.7500,6.42984009E+2,
693.900,6.99237183E+2,
694.0500,7.92219482E+2,
694.200,8.67452026E+2,
694.3500,8.97313110E+2,
694.500,7.25340881E+2,
694.6500,7.18138672E+2,
694.800,8.77073181E+2,
694.9500,8.42469666E+2,
695.100,8.16979309E+2,
695.2500,7.91354553E+2,
695.400,7.00226929E+2,
695.5500,6.74117493E+2,
695.700,7.32361084E+2,
695.8500,8.09761963E+2,
696.00,7.55402161E+2,
696.1500,9.27977234E+2,
696.300,8.54627441E+2,
696.4500,7.90383057E+2,
696.600,7.16220215E+2,
696.7500,8.42742493E+2,
696.900,6.72262390E+2,
697.0500,5.68212463E+2,
697.200,8.88475159E+2,
697.3500,7.65039368E+2,
697.500,7.67156616E+2,
697.6500,7.10855835E+2,
697.800,1.01553247E+3,
697.9500,9.20432861E+2,
698.100,8.44437927E+2,
698.2500,9.64943237E+2,
698.400,9.57757202E+2,
698.5500,6.73287659E+2,
698.700,8.53886536E+2,
698.8500,9.35923218E+2,
699.00,6.78942566E+2,
699.1500,7.70980957E+2,
699.300,8.03289185E+2,
699.4500,6.94803833E+2,
699.600,8.38152283E+2,
699.7500,6.68377380E+2,
699.900,9.74952881E+2,
700.0500,9.16601624E+2,
700.200,6.43411011E+2,
700.3500,7.37379089E+2,
700.500,8.52408752E+2,
700.6500,7.62104736E+2,
700.800,8.46856567E+2,
700.9500,8.59586060E+2,
701.100,9.86551697E+2,
701.2500,7.80958130E+2,
701.400,9.29240906E+2,
701.5500,9.84096802E+2,
701.700,8.92282959E+2,
701.8500,6.31551941E+2,
702.00,7.59915527E+2,
702.1500,9.73632568E+2,
702.300,8.38317993E+2,
702.4500,8.61872437E+2,
702.600,9.06888306E+2,
702.7500,8.77256287E+2,
702.900,6.97276794E+2,
703.0500,9.35852173E+2,
703.200,9.27723694E+2,
703.3500,8.87088440E+2,
703.500,9.76403931E+2,
703.6500,1.01182574E+3,
703.800,8.18313904E+2,
703.9500,9.30070007E+2,
704.100,1.11935181E+3,
704.2500,9.35560364E+2,
704.400,8.61065186E+2,
704.5500,8.74696228E+2,
704.700,1.04387695E+3,
704.8500,1.03584912E+3,
705.00,1.07245337E+3,
705.1500,8.85161438E+2,
705.300,1.00017035E+3,
705.4500,1.00314813E+3,
705.600,1.01744159E+3,
705.7500,9.97798889E+2,
705.900,9.66661865E+2,
706.0500,1.03796655E+3,
706.200,9.03730713E+2,
706.3500,1.06700281E+3,
706.500,9.66571350E+2,
706.6500,1.21176343E+3,
706.800,7.87066956E+2,
706.9500,8.70644104E+2,
707.100,1.07112305E+3,
707.2500,1.08593848E+3,
707.400,8.90037964E+2,
707.5500,1.16279468E+3,
707.700,1.26045398E+3,
707.8500,1.28779248E+3,
708.00,1.18494177E+3,
708.1500,1.20024805E+3,
708.300,1.31097729E+3,
708.4500,1.12353247E+3,
708.600,9.11018738E+2,
708.7500,1.10600928E+3,
708.900,1.07305029E+3,
709.0500,1.29375952E+3,
709.200,1.04272717E+3,
709.3500,1.16720349E+3,
709.500,9.38793701E+2,
709.6500,1.01475995E+3,
709.800,1.26278223E+3,
709.9500,9.95827698E+2,
710.100,1.06019653E+3,
710.2500,9.14743896E+2,
710.400,1.09076611E+3,
710.5500,9.81877930E+2,
710.700,1.10918457E+3,
710.8500,1.08721899E+3,
711.00,1.06512756E+3,
711.1500,1.13092358E+3,
711.300,1.24748145E+3,
711.4500,1.18778296E+3,
711.600,1.29246960E+3,
711.7500,1.06736157E+3,
711.900,1.13405994E+3,
712.0500,1.07335962E+3,
712.200,9.99527832E+2,
712.3500,1.22084045E+3,
712.500,9.02130920E+2,
712.6500,1.05979883E+3,
712.800,1.06282495E+3,
712.9500,8.05898010E+2,
713.100,1.17314502E+3,
713.2500,9.14995728E+2,
713.400,1.04863525E+3,
713.5500,8.41255676E+2,
713.700,9.09521362E+2,
713.8500,8.85635559E+2,
714.00,7.95333374E+2,
714.1500,8.24118713E+2,
714.300,1.01300616E+3,
714.4500,7.48495056E+2,
714.600,1.07224500E+3,
714.7500,9.13938965E+2,
714.900,9.29957825E+2,
715.0500,1.04069495E+3,
715.200,8.53924011E+2,
715.3500,9.65125488E+2,
715.500,9.13373230E+2,
715.6500,1.17576831E+3,
715.800,7.12979248E+2,
715.9500,6.05032532E+2,
716.100,7.99873657E+2,
716.2500,1.20334021E+3,
716.400,7.07484558E+2,
716.5500,8.20874695E+2,
716.700,9.90749512E+2,
716.8500,9.23699951E+2,
717.00,7.72027344E+2,
717.1500,7.46118713E+2,
717.300,1.04478308E+3,
717.4500,1.04783044E+3,
717.600,8.09468323E+2,
717.7500,8.83047180E+2,
717.900,8.42778015E+2,
718.0500,8.16575562E+2,
718.200,1.00569006E+3,
718.3500,5.76330139E+2,
718.500,7.08033997E+2,
718.6500,7.24563782E+2,
718.800,8.86513123E+2,
718.9500,6.70447021E+2,
719.100,9.06230225E+2,
719.2500,9.38128967E+2,
719.400,8.82005371E+2,
719.5500,7.96070557E+2,
719.700,8.57483704E+2,
719.8500,9.34069824E+2,
720.00,8.02924561E+2,
720.1500,7.45561829E+2,
720.300,7.77588928E+2,
720.4500,7.94800171E+2,
720.600,9.02338318E+2,
720.7500,9.19994934E+2,
720.900,9.52873779E+2,
721.0500,9.40410339E+2,
721.200,7.30100342E+2,
721.3500,8.38919739E+2,
721.500,7.95387451E+2,
721.6500,7.20929260E+2,
721.800,6.92192505E+2,
721.9500,6.94142761E+2,
722.100,6.49661133E+2,
722.2500,6.35935730E+2,
722.400,6.99898865E+2,
722.5500,7.95401733E+2,
722.700,6.72481873E+2,
722.8500,5.01832245E+2,
723.00,5.97571411E+2,
723.1500,8.98865173E+2,
723.300,7.90684753E+2,
723.4500,4.75741028E+2,
723.600,6.52003540E+2,
723.7500,6.69781921E+2,
723.900,8.63570190E+2,
724.0500,6.41498718E+2,
724.200,7.39863403E+2,
724.3500,6.45227051E+2,
724.500,4.36793945E+2,
724.6500,6.00311707E+2,
724.800,6.34603394E+2,
724.9500,7.83328918E+2,
725.100,9.49261108E+2,
725.2500,8.37101990E+2,
725.400,9.54747681E+2,
725.5500,7.59401184E+2,
725.700,7.78155640E+2,
725.8500,6.14365051E+2,
726.00,4.99578461E+2,
726.1500,7.51465454E+2,
726.300,6.36347717E+2,
726.4500,6.71718872E+2,
726.600,8.75685974E+2,
726.7500,1.03013391E+3,
726.900,8.46748352E+2,
727.0500,6.96271851E+2,
727.200,6.30070374E+2,
727.3500,6.65955139E+2,
727.500,6.67789063E+2,
727.6500,7.55480652E+2,
727.800,1.03304248E+3,
727.9500,7.25127991E+2,
728.100,6.57866943E+2,
728.2500,6.94384155E+2,
728.400,6.78877380E+2,
728.5500,6.63280823E+2,
728.700,6.12591919E+2,
728.8500,8.77532776E+2,
729.00,8.62344299E+2,
729.1500,6.17683533E+2,
729.300,5.66319519E+2,
729.4500,5.32413147E+2,
729.600,6.94078979E+2,
729.7500,7.49568970E+2,
729.900,7.69574524E+2,
730.0500,8.61487854E+2,
730.200,5.39968384E+2,
730.3500,7.58117126E+2,
730.500,7.24083191E+2,
730.6500,6.89851257E+2,
730.800,5.82593323E+2,
730.9500,5.84267517E+2,
731.100,7.32393799E+2,
731.2500,6.97718628E+2,
731.400,7.54908813E+2,
731.5500,5.72382813E+2,
731.700,8.70240295E+2,
731.8500,9.09818726E+2,
732.00,3.91018066E+2,
732.1500,8.58876038E+2,
732.300,8.23798218E+2,
732.4500,8.63622192E+2,
732.600,6.58919678E+2,
732.7500,6.98499329E+2,
732.900,4.16474518E+2,
733.0500,7.21371155E+2,
733.200,8.94746094E+2,
733.3500,8.01823669E+2,
733.500,5.74354370E+2,
733.6500,7.10381042E+2,
733.800,5.58366150E+2,
733.9500,5.59954651E+2,
734.100,6.77745728E+2,
734.2500,7.76798828E+2,
734.400,6.42709045E+2,
734.5500,5.27371521E+2,
734.700,4.70131165E+2,
734.8500,7.66175781E+2,
735.00,8.07802368E+2,
735.1500,7.11310913E+2,
735.300,7.52968323E+2,
735.4500,7.55118835E+2,
735.600,7.97133850E+2,
735.7500,8.39385925E+2,
735.900,7.01493225E+2,
736.0500,8.64272888E+2,
736.200,7.05418457E+2,
736.3500,1.03073279E+3,
736.500,7.49852966E+2,
736.6500,6.09671692E+2,
736.800,6.72495422E+2,
736.9500,7.15231140E+2,
737.100,7.17145874E+2,
737.2500,5.95769592E+2,
737.400,7.41524170E+2,
737.5500,4.54347534E+2,
737.700,5.17666748E+2,
737.8500,7.47408752E+2,
738.00,5.82854553E+2,
738.1500,8.13900574E+2,
738.300,6.69516724E+2,
738.4500,4.19515533E+2,
738.600,6.72938293E+2,
738.7500,8.01155823E+2,
738.900,8.03205444E+2,
739.0500,8.90041443E+2,
739.200,8.07385315E+2,
739.3500,8.30804321E+2,
739.500,7.26191345E+2,
739.6500,5.35367249E+2,
739.800,7.51484009E+2,
739.9500,1.01179242E+3,
740.100,1.01454401E+3,
740.2500,8.65829224E+2,
740.400,8.68227112E+2,
740.5500,8.70632263E+2,
740.700,8.29396606E+2,
740.8500,1.31321143E+3,
741.00,8.55961304E+2,
741.1500,7.70305542E+2,
741.300,7.94517090E+2,
741.4500,5.75416565E+2,
741.600,6.87986328E+2,
741.7500,5.56376465E+2,
741.900,6.91835571E+2,
742.0500,8.95162781E+2,
742.200,6.28317139E+2,
742.3500,6.75028076E+2,
742.500,7.67114990E+2,
742.6500,5.65593445E+2,
742.800,4.99080017E+2,
742.9500,3.86706879E+2,
743.100,4.56195374E+2,
743.2500,4.80319550E+2,
743.400,3.89898712E+2,
743.5500,5.74956787E+2,
743.700,4.61232483E+2,
743.8500,4.85629120E+2,
744.00,3.24646271E+2,
744.1500,6.04590637E+2,
744.300,5.36317505E+2,
744.4500,5.14428833E+2,
744.600,5.86208496E+2,
744.7500,3.99734863E+2,
744.900,4.71591431E+2,
745.0500,4.25609894E+2,
745.200,3.55644348E+2,
745.3500,3.09068146E+2,
745.500,2.86074921E+2,
745.6500,3.58574463E+2,
745.800,2.39705505E+2,
745.9500,4.80728943E+2,
746.100,4.33808685E+2,
746.2500,4.83274078E+2,
746.400,6.54134033E+2,
746.5500,2.42908493E+2,
746.700,3.40967163E+2,
746.8500,3.41865417E+2,
747.00,1.46900131E+2,
747.1500,6.87232239E+2,
747.300,4.18281891E+2,
747.4500,3.45322357E+2,
747.600,4.94542572E+2,
747.7500,3.96617401E+2,
747.900,4.97005585E+2,
748.0500,2.98943787E+2,
748.200,3.49631256E+2,
748.3500,3.50497223E+2,
748.500,5.01951721E+2,
748.6500,7.29636902E+2,
748.800,5.04447174E+2,
748.9500,4.80416748E+2,
749.100,2.78860535E+2,
749.2500,3.55859680E+2,
749.400,2.54864212E+2,
749.5500,5.36644470E+2,
749.700,1.53737335E+2,
749.8500,2.82606598E+2,
750.00,4.37926697E+2,
750.1500,5.16605774E+2,
