Labels,32C_12_225K,
Type,Emission Scan,
Comment,,
Start,252.00,
Stop,750.00,
Step,0.150,
Fixed/Offset,248.400,
Xaxis,Wavelength,
Yaxis,Counts,
Scan Corr. by File,True,
Corr. by Ref. Det.,False,
Fixed/Offset Corr. by File,False,
Repeats,1,
Dwell Time,0.20,
Lamp,Xe,
Temp,27.20,
Scan Polariser,None,
Scan Slit,0.2520,
Fixed/Offset Polariser,None,
Fixed/Offset Slit,2.9970,
Detector,Red PMT,

252.00,3.93260234E+4,
252.1500,2.11237480E+4,
252.300,1.90571328E+4,
252.4500,1.73234922E+4,
252.600,1.71520918E+4,
252.7500,1.96118770E+4,
252.900,1.89796133E+4,
253.0500,1.62278672E+4,
253.200,1.69654785E+4,
253.3500,1.75964258E+4,
253.500,1.49699912E+4,
253.6500,1.86379863E+4,
253.800,1.55264307E+4,
253.9500,1.79146328E+4,
254.100,1.72390156E+4,
254.2500,1.70207988E+4,
254.400,1.71761895E+4,
254.5500,1.85529297E+4,
254.700,1.82508574E+4,
254.8500,1.56518350E+4,
255.00,1.81545156E+4,
255.1500,1.92587832E+4,
255.300,1.93281211E+4,
255.4500,1.99167266E+4,
255.600,1.82373047E+4,
255.7500,2.08440801E+4,
255.900,1.92643691E+4,
256.0500,1.93769863E+4,
256.200,2.00093867E+4,
256.3500,2.18605684E+4,
256.500,2.14416191E+4,
256.6500,2.13211113E+4,
256.800,2.42968438E+4,
256.9500,2.38560313E+4,
257.100,2.45557754E+4,
257.2500,2.89722305E+4,
257.400,2.90295293E+4,
257.5500,2.96020234E+4,
257.700,3.20937637E+4,
257.8500,3.53102461E+4,
258.00,3.47665586E+4,
258.1500,3.76220664E+4,
258.300,3.76077617E+4,
258.4500,4.03746719E+4,
258.600,4.19407539E+4,
258.7500,4.52874297E+4,
258.900,4.48371563E+4,
259.0500,4.68792109E+4,
259.200,4.99415938E+4,
259.3500,5.22655195E+4,
259.500,5.29483750E+4,
259.6500,5.46553398E+4,
259.800,5.80851602E+4,
259.9500,5.66974922E+4,
260.100,6.39557539E+4,
260.2500,6.50316641E+4,
260.400,6.92321563E+4,
260.5500,6.60093203E+4,
260.700,7.26541953E+4,
260.8500,7.36180078E+4,
261.00,7.23014141E+4,
261.1500,8.04504375E+4,
261.300,8.15526250E+4,
261.4500,8.59869063E+4,
261.600,8.63148906E+4,
261.7500,9.21159141E+4,
261.900,9.24500781E+4,
262.0500,9.95156875E+4,
262.200,9.58218203E+4,
262.3500,9.82762109E+4,
262.500,1.03183703E+5,
262.6500,1.06462164E+5,
262.800,1.12110203E+5,
262.9500,1.12665664E+5,
263.100,1.08429844E+5,
263.2500,1.15057250E+5,
263.400,1.20587461E+5,
263.5500,1.19703586E+5,
263.700,1.22460297E+5,
263.8500,1.25781500E+5,
264.00,1.26963484E+5,
264.1500,1.30991898E+5,
264.300,1.27116891E+5,
264.4500,1.31093938E+5,
264.600,1.37016781E+5,
264.7500,1.40887594E+5,
264.900,1.38969797E+5,
265.0500,1.42885438E+5,
265.200,1.40632688E+5,
265.3500,1.44833188E+5,
265.500,1.44252297E+5,
265.6500,1.47732969E+5,
265.800,1.51183203E+5,
265.9500,1.54528969E+5,
266.100,1.56742578E+5,
266.2500,1.59443891E+5,
266.400,1.57162063E+5,
266.5500,1.57403875E+5,
266.700,1.62386266E+5,
266.8500,1.61562563E+5,
267.00,1.65177000E+5,
267.1500,1.63715719E+5,
267.300,1.65043906E+5,
267.4500,1.64312656E+5,
267.600,1.68796922E+5,
267.7500,1.66983875E+5,
267.900,1.59918547E+5,
268.0500,1.66964000E+5,
268.200,1.67043406E+5,
268.3500,1.65475000E+5,
268.500,1.70580375E+5,
268.6500,1.70091766E+5,
268.800,1.70936781E+5,
268.9500,1.75248859E+5,
269.100,1.72036313E+5,
269.2500,1.70735594E+5,
269.400,1.74271109E+5,
269.5500,1.69223297E+5,
269.700,1.69885031E+5,
269.8500,1.73108438E+5,
270.00,1.74497094E+5,
270.1500,1.72823141E+5,
270.300,1.72334594E+5,
270.4500,1.71345953E+5,
270.600,1.70276609E+5,
270.7500,1.71708609E+5,
270.900,1.72204609E+5,
271.0500,1.73131203E+5,
271.200,1.71380609E+5,
271.3500,1.70521656E+5,
271.500,1.70673766E+5,
271.6500,1.78201563E+5,
271.800,1.73208094E+5,
271.9500,1.74489891E+5,
272.100,1.71068391E+5,
272.2500,1.74197500E+5,
272.400,1.72455172E+5,
272.5500,1.71467859E+5,
272.700,1.75118453E+5,
272.8500,1.71803688E+5,
273.00,1.74117422E+5,
273.1500,1.70896266E+5,
273.300,1.70652609E+5,
273.4500,1.68533078E+5,
273.600,1.71816453E+5,
273.7500,1.69368422E+5,
273.900,1.73467563E+5,
274.0500,1.72811641E+5,
274.200,1.69779531E+5,
274.3500,1.70726719E+5,
274.500,1.68307250E+5,
274.6500,1.70789359E+5,
274.800,1.68664734E+5,
274.9500,1.64606828E+5,
275.100,1.72192938E+5,
275.2500,1.70362563E+5,
275.400,1.69571672E+5,
275.5500,1.69483297E+5,
275.700,1.70276672E+5,
275.8500,1.74413484E+5,
276.00,1.69544328E+5,
276.1500,1.71476063E+5,
276.300,1.72950234E+5,
276.4500,1.70966797E+5,
276.600,1.72720484E+5,
276.7500,1.71519094E+5,
276.900,1.70846188E+5,
277.0500,1.75665781E+5,
277.200,1.76865250E+5,
277.3500,1.74580141E+5,
277.500,1.74152297E+5,
277.6500,1.74474078E+5,
277.800,1.74384297E+5,
277.9500,1.72283063E+5,
278.100,1.72735688E+5,
278.2500,1.76745750E+5,
278.400,1.75303281E+5,
278.5500,1.71301375E+5,
278.700,1.68171250E+5,
278.8500,1.70876609E+5,
279.00,1.70840688E+5,
279.1500,1.71230734E+5,
279.300,1.72194844E+5,
279.4500,1.70002547E+5,
279.600,1.70540531E+5,
279.7500,1.72186719E+5,
279.900,1.74055984E+5,
280.0500,1.70699188E+5,
280.200,1.69434469E+5,
280.3500,1.73119875E+5,
280.500,1.66569953E+5,
280.6500,1.69012641E+5,
280.800,1.67975172E+5,
280.9500,1.66438266E+5,
281.100,1.67143328E+5,
281.2500,1.64813328E+5,
281.400,1.65432516E+5,
281.5500,1.62830266E+5,
281.700,1.61380281E+5,
281.8500,1.60394375E+5,
282.00,1.59086234E+5,
282.1500,1.60762281E+5,
282.300,1.60674453E+5,
282.4500,1.59009438E+5,
282.600,1.61482563E+5,
282.7500,1.54422797E+5,
282.900,1.56748469E+5,
283.0500,1.57011406E+5,
283.200,1.52813094E+5,
283.3500,1.56920234E+5,
283.500,1.55790281E+5,
283.6500,1.53141141E+5,
283.800,1.50668297E+5,
283.9500,1.51257219E+5,
284.100,1.52311672E+5,
284.2500,1.48412516E+5,
284.400,1.50159313E+5,
284.5500,1.51327000E+5,
284.700,1.47464453E+5,
284.8500,1.46545313E+5,
285.00,1.45077313E+5,
285.1500,1.44891391E+5,
285.300,1.45467938E+5,
285.4500,1.46510266E+5,
285.600,1.42141563E+5,
285.7500,1.39668969E+5,
285.900,1.41254406E+5,
286.0500,1.38680969E+5,
286.200,1.35729344E+5,
286.3500,1.37705438E+5,
286.500,1.39339797E+5,
286.6500,1.34838391E+5,
286.800,1.35017656E+5,
286.9500,1.30050148E+5,
287.100,1.29794242E+5,
287.2500,1.29359523E+5,
287.400,1.28004813E+5,
287.5500,1.29239758E+5,
287.700,1.25407961E+5,
287.8500,1.28449617E+5,
288.00,1.27763367E+5,
288.1500,1.19405406E+5,
288.300,1.20666977E+5,
288.4500,1.19305422E+5,
288.600,1.17360828E+5,
288.7500,1.19671555E+5,
288.900,1.14651641E+5,
289.0500,1.16620047E+5,
289.200,1.13923023E+5,
289.3500,1.17633945E+5,
289.500,1.12787758E+5,
289.6500,1.15126813E+5,
289.800,1.13399430E+5,
289.9500,1.10070266E+5,
290.100,1.12698281E+5,
290.2500,1.10478383E+5,
290.400,1.09905492E+5,
290.5500,1.08547344E+5,
290.700,1.04736594E+5,
290.8500,1.06585078E+5,
291.00,1.03840969E+5,
291.1500,1.02171289E+5,
291.300,1.02034641E+5,
291.4500,1.00823055E+5,
291.600,9.78124297E+4,
291.7500,9.88149375E+4,
291.900,9.58213828E+4,
292.0500,9.66775000E+4,
292.200,9.74161797E+4,
292.3500,9.66710000E+4,
292.500,9.43869219E+4,
292.6500,9.45534453E+4,
292.800,9.34726406E+4,
292.9500,9.14042422E+4,
293.100,8.89271953E+4,
293.2500,8.87453203E+4,
293.400,8.72735625E+4,
293.5500,8.61201641E+4,
293.700,8.69248750E+4,
293.8500,8.26113828E+4,
294.00,8.43882031E+4,
294.1500,8.34715313E+4,
294.300,8.23863203E+4,
294.4500,8.17267031E+4,
294.600,8.28534141E+4,
294.7500,8.37949453E+4,
294.900,8.29221172E+4,
295.0500,8.14509219E+4,
295.200,7.98310781E+4,
295.3500,8.12768438E+4,
295.500,7.73180469E+4,
295.6500,7.79028984E+4,
295.800,7.76358750E+4,
295.9500,7.83244688E+4,
296.100,7.54081016E+4,
296.2500,7.73891953E+4,
296.400,7.56828516E+4,
296.5500,7.29787813E+4,
296.700,7.47407031E+4,
296.8500,7.61621797E+4,
297.00,7.50775000E+4,
297.1500,7.57065859E+4,
297.300,7.53637031E+4,
297.4500,7.48850938E+4,
297.600,7.46595078E+4,
297.7500,7.26199141E+4,
297.900,7.24592969E+4,
298.0500,7.32690000E+4,
298.200,7.43991641E+4,
298.3500,7.38991172E+4,
298.500,7.24344453E+4,
298.6500,7.20629219E+4,
298.800,7.33720000E+4,
298.9500,7.17312031E+4,
299.100,7.10072422E+4,
299.2500,7.07503203E+4,
299.400,7.08324844E+4,
299.5500,7.13942734E+4,
299.700,7.01638203E+4,
299.8500,7.07221953E+4,
300.00,7.14030078E+4,
300.1500,7.12589844E+4,
300.300,6.95334063E+4,
300.4500,7.12920391E+4,
300.600,7.12148828E+4,
300.7500,7.20427344E+4,
300.900,7.13095078E+4,
301.0500,7.01250391E+4,
301.200,7.13121406E+4,
301.3500,7.16569922E+4,
301.500,7.22778203E+4,
301.6500,7.27989297E+4,
301.800,7.23824063E+4,
301.9500,7.19902266E+4,
302.100,7.20190703E+4,
302.2500,7.28538438E+4,
302.400,7.29961016E+4,
302.5500,7.26920938E+4,
302.700,7.33703828E+4,
302.8500,7.31758047E+4,
303.00,7.37341016E+4,
303.1500,7.29385391E+4,
303.300,7.37396641E+4,
303.4500,7.36299297E+4,
303.600,7.27175625E+4,
303.7500,7.34715234E+4,
303.900,7.37465859E+4,
304.0500,7.47265938E+4,
304.200,7.39134531E+4,
304.3500,7.37600234E+4,
304.500,7.40742656E+4,
304.6500,7.31263203E+4,
304.800,7.47993750E+4,
304.9500,7.47813047E+4,
305.100,7.39057266E+4,
305.2500,7.41063984E+4,
305.400,7.54105000E+4,
305.5500,7.69129844E+4,
305.700,7.46097578E+4,
305.8500,7.34559063E+4,
306.00,7.32921563E+4,
306.1500,7.24701094E+4,
306.300,7.37587500E+4,
306.4500,7.41295313E+4,
306.600,7.36087266E+4,
306.7500,7.43051094E+4,
306.900,7.51608047E+4,
307.0500,7.40866094E+4,
307.200,7.31865625E+4,
307.3500,7.42658828E+4,
307.500,7.53803047E+4,
307.6500,7.56322031E+4,
307.800,7.32782734E+4,
307.9500,7.44588672E+4,
308.100,7.58498438E+4,
308.2500,7.50844219E+4,
308.400,7.62175859E+4,
308.5500,7.62814063E+4,
308.700,7.57471953E+4,
308.8500,7.58891719E+4,
309.00,7.62850469E+4,
309.1500,7.61571016E+4,
309.300,7.66637266E+4,
309.4500,7.52268750E+4,
309.600,7.65721641E+4,
309.7500,7.39850547E+4,
309.900,7.44669141E+4,
310.0500,7.58868750E+4,
310.200,7.47947891E+4,
310.3500,7.45705000E+4,
310.500,7.51166094E+4,
310.6500,7.40674141E+4,
310.800,7.44985000E+4,
310.9500,7.38784844E+4,
311.100,7.66968672E+4,
311.2500,7.56530781E+4,
311.400,7.54998672E+4,
311.5500,7.60403281E+4,
311.700,7.51538281E+4,
311.8500,7.55517188E+4,
312.00,7.33921484E+4,
312.1500,7.38746172E+4,
312.300,7.51203125E+4,
312.4500,7.53342656E+4,
312.600,7.45898203E+4,
312.7500,7.40690078E+4,
312.900,7.41587969E+4,
313.0500,7.39468359E+4,
313.200,7.29568359E+4,
313.3500,7.35289531E+4,
313.500,7.35276797E+4,
313.6500,7.47920000E+4,
313.800,7.35274609E+4,
313.9500,7.23777734E+4,
314.100,7.37491563E+4,
314.2500,7.29594688E+4,
314.400,7.26205000E+4,
314.5500,7.23872266E+4,
314.700,7.23523281E+4,
314.8500,7.24716172E+4,
315.00,7.27198516E+4,
315.1500,7.15940781E+4,
315.300,7.17958359E+4,
315.4500,7.15938203E+4,
315.600,7.05880156E+4,
315.7500,7.06516563E+4,
315.900,7.15585938E+4,
316.0500,7.17392813E+4,
316.200,6.97642422E+4,
316.3500,6.94102891E+4,
316.500,7.02014375E+4,
316.6500,7.01252188E+4,
316.800,6.98745313E+4,
316.9500,6.92773359E+4,
317.100,6.92040078E+4,
317.2500,6.93301328E+4,
317.400,6.86651875E+4,
317.5500,6.96968906E+4,
317.700,6.63995234E+4,
317.8500,6.95889688E+4,
318.00,6.81062500E+4,
318.1500,6.63423672E+4,
318.300,6.76143203E+4,
318.4500,6.76566797E+4,
318.600,6.71131563E+4,
318.7500,6.63321250E+4,
318.900,6.58460781E+4,
319.0500,6.61797109E+4,
319.200,6.40886680E+4,
319.3500,6.43240703E+4,
319.500,6.63416328E+4,
319.6500,6.37608359E+4,
319.800,6.40609492E+4,
319.9500,6.38558398E+4,
320.100,6.47308242E+4,
320.2500,6.32649531E+4,
320.400,6.42090859E+4,
320.5500,6.23745508E+4,
320.700,6.30793477E+4,
320.8500,6.34088711E+4,
321.00,6.25439531E+4,
321.1500,6.21663242E+4,
321.300,6.23750156E+4,
321.4500,6.14482148E+4,
321.600,6.24581680E+4,
321.7500,6.36408516E+4,
321.900,6.11062188E+4,
322.0500,6.26558203E+4,
322.200,6.11718789E+4,
322.3500,5.96266563E+4,
322.500,6.08288594E+4,
322.6500,5.99986172E+4,
322.800,5.92478047E+4,
322.9500,5.88939141E+4,
323.100,5.90600391E+4,
323.2500,5.70579453E+4,
323.400,5.74020820E+4,
323.5500,5.79016797E+4,
323.700,5.74477227E+4,
323.8500,5.67447734E+4,
324.00,5.63419766E+4,
324.1500,5.63296680E+4,
324.300,5.43792422E+4,
324.4500,5.44135391E+4,
324.600,5.60351875E+4,
324.7500,5.37388398E+4,
324.900,5.42975664E+4,
325.0500,5.36013398E+4,
325.200,5.36593008E+4,
325.3500,5.42794023E+4,
325.500,5.28721797E+4,
325.6500,5.18368281E+4,
325.800,5.33491953E+4,
325.9500,5.25063906E+4,
326.100,5.17394688E+4,
326.2500,5.17896016E+4,
326.400,5.08330898E+4,
326.5500,5.04857695E+4,
326.700,4.94192383E+4,
326.8500,4.89410859E+4,
327.00,5.02353477E+4,
327.1500,4.80520195E+4,
327.300,4.92738945E+4,
327.4500,4.85561914E+4,
327.600,4.83561523E+4,
327.7500,4.75244297E+4,
327.900,4.74928008E+4,
328.0500,4.66123320E+4,
328.200,4.68045078E+4,
328.3500,4.44135547E+4,
328.500,4.51102930E+4,
328.6500,4.49235313E+4,
328.800,4.55212344E+4,
328.9500,4.48753125E+4,
329.100,4.35419063E+4,
329.2500,4.44160039E+4,
329.400,4.39729141E+4,
329.5500,4.24907773E+4,
329.700,4.22759141E+4,
329.8500,4.28750664E+4,
330.00,4.20885820E+4,
330.1500,4.25925273E+4,
330.300,4.22602383E+4,
330.4500,4.08421172E+4,
330.600,4.07882578E+4,
330.7500,4.13151172E+4,
330.900,4.01398164E+4,
331.0500,4.05110156E+4,
331.200,3.90369531E+4,
331.3500,3.81089375E+4,
331.500,3.84949453E+4,
331.6500,3.84560898E+4,
331.800,3.73178164E+4,
331.9500,3.63412383E+4,
332.100,3.66736602E+4,
332.2500,3.71694023E+4,
332.400,3.65639961E+4,
332.5500,3.57156211E+4,
332.700,3.50861719E+4,
332.8500,3.43714688E+4,
333.00,3.48034609E+4,
333.1500,3.42691523E+4,
333.300,3.35665547E+4,
333.4500,3.38318945E+4,
333.600,3.33394102E+4,
333.7500,3.14892148E+4,
333.900,3.19938574E+4,
334.0500,3.16956914E+4,
334.200,3.20233516E+4,
334.3500,3.10579629E+4,
334.500,3.11834590E+4,
334.6500,3.08302793E+4,
334.800,3.07406328E+4,
334.9500,3.00997813E+4,
335.100,3.09918945E+4,
335.2500,3.00500625E+4,
335.400,2.95920605E+4,
335.5500,2.86247559E+4,
335.700,2.89602227E+4,
335.8500,2.83506895E+4,
336.00,2.85237168E+4,
336.1500,2.83946816E+4,
336.300,2.77794941E+4,
336.4500,2.71661172E+4,
336.600,2.66381660E+4,
336.7500,2.65257520E+4,
336.900,2.66869102E+4,
337.0500,2.61339551E+4,
337.200,2.57729180E+4,
337.3500,2.58441348E+4,
337.500,2.56898516E+4,
337.6500,2.51889707E+4,
337.800,2.49569180E+4,
337.9500,2.45081914E+4,
338.100,2.44869258E+4,
338.2500,2.28625781E+4,
338.400,2.30320156E+4,
338.5500,2.23414512E+4,
338.700,2.28761055E+4,
338.8500,2.23901211E+4,
339.00,2.25943047E+4,
339.1500,2.23480703E+4,
339.300,2.21383613E+4,
339.4500,2.16940781E+4,
339.600,2.06855020E+4,
339.7500,2.08625664E+4,
339.900,2.00363691E+4,
340.0500,2.06701055E+4,
340.200,2.00183262E+4,
340.3500,1.99799941E+4,
340.500,1.95769355E+4,
340.6500,1.93148965E+4,
340.800,1.93159766E+4,
340.9500,1.91216680E+4,
341.100,1.90984453E+4,
341.2500,1.82888008E+4,
341.400,1.89243613E+4,
341.5500,1.82216094E+4,
341.700,1.81880605E+4,
341.8500,1.79993066E+4,
342.00,1.79909824E+4,
342.1500,1.80613047E+4,
342.300,1.77272383E+4,
342.4500,1.74068809E+4,
342.600,1.71400625E+4,
342.7500,1.70458418E+4,
342.900,1.67166660E+4,
343.0500,1.66114063E+4,
343.200,1.65764395E+4,
343.3500,1.61591787E+4,
343.500,1.68124746E+4,
343.6500,1.60187754E+4,
343.800,1.62291748E+4,
343.9500,1.64084336E+4,
344.100,1.59940947E+4,
344.2500,1.55748291E+4,
344.400,1.51425869E+4,
344.5500,1.49029170E+4,
344.700,1.43969971E+4,
344.8500,1.43882852E+4,
345.00,1.43115352E+4,
345.1500,1.40874434E+4,
345.300,1.38027002E+4,
345.4500,1.36102705E+4,
345.600,1.38369248E+4,
345.7500,1.36685664E+4,
345.900,1.34312051E+4,
346.0500,1.37542178E+4,
346.200,1.32700439E+4,
346.3500,1.31230654E+4,
346.500,1.31033574E+4,
346.6500,1.30578477E+4,
346.800,1.29295459E+4,
346.9500,1.27134600E+4,
347.100,1.25582041E+4,
347.2500,1.25284932E+4,
347.400,1.23489814E+4,
347.5500,1.19814463E+4,
347.700,1.20854736E+4,
347.8500,1.21607881E+4,
348.00,1.16875557E+4,
348.1500,1.17387529E+4,
348.300,1.14086328E+4,
348.4500,1.12549473E+4,
348.600,1.11683994E+4,
348.7500,1.13331758E+4,
348.900,1.08534980E+4,
349.0500,1.08504072E+4,
349.200,1.08601680E+4,
349.3500,1.10306465E+4,
349.500,1.08140371E+4,
349.6500,1.04739004E+4,
349.800,1.06464668E+4,
349.9500,1.08529980E+4,
350.100,1.01455176E+4,
350.2500,9.93963867E+3,
350.400,1.01301299E+4,
350.5500,9.95469141E+3,
350.700,9.89170508E+3,
350.8500,1.01623145E+4,
351.00,9.61374414E+3,
351.1500,9.59547656E+3,
351.300,9.66368555E+3,
351.4500,9.33709863E+3,
351.600,9.15830762E+3,
351.7500,9.07398926E+3,
351.900,9.35470703E+3,
352.0500,9.04341016E+3,
352.200,8.94740234E+3,
352.3500,8.73415820E+3,
352.500,8.53497461E+3,
352.6500,8.76441309E+3,
352.800,8.90353613E+3,
352.9500,8.64483789E+3,
353.100,8.55886328E+3,
353.2500,8.57372949E+3,
353.400,8.23547559E+3,
353.5500,8.40084961E+3,
353.700,8.69937793E+3,
353.8500,8.15555859E+3,
354.00,8.04018018E+3,
354.1500,8.10702100E+3,
354.300,8.18561475E+3,
354.4500,7.67650488E+3,
354.600,7.69736035E+3,
354.7500,7.85652881E+3,
354.900,7.95160303E+3,
355.0500,7.61873438E+3,
355.200,7.97622900E+3,
355.3500,7.72457080E+3,
355.500,7.48167236E+3,
355.6500,7.26651221E+3,
355.800,7.44451318E+3,
355.9500,7.43193848E+3,
356.100,7.02092773E+3,
356.2500,7.23109424E+3,
356.400,7.05777783E+3,
356.5500,6.91121729E+3,
356.700,6.83308105E+3,
356.8500,6.76932617E+3,
357.00,6.91418457E+3,
357.1500,6.71649463E+3,
357.300,6.81659912E+3,
357.4500,6.39810498E+3,
357.600,6.67208740E+3,
357.7500,6.65282031E+3,
357.900,6.39987012E+3,
358.0500,6.67096582E+3,
358.200,6.55678613E+3,
358.3500,6.33093164E+3,
358.500,6.08409326E+3,
358.6500,6.28090479E+3,
358.800,6.30947266E+3,
358.9500,6.23575977E+3,
359.100,6.07834912E+3,
359.2500,6.20396143E+3,
359.400,5.98602100E+3,
359.5500,5.99059473E+3,
359.700,6.00600342E+3,
359.8500,5.91032764E+3,
360.00,5.98652051E+3,
360.1500,5.86716455E+3,
360.300,6.03716602E+3,
360.4500,5.82603271E+3,
360.600,5.75746875E+3,
360.7500,5.59122168E+3,
360.900,5.58118408E+3,
361.0500,5.45029932E+3,
361.200,5.60711572E+3,
361.3500,5.46827734E+3,
361.500,5.56099170E+3,
361.6500,5.41688574E+3,
361.800,5.70276270E+3,
361.9500,5.29335303E+3,
362.100,5.38855566E+3,
362.2500,5.18845801E+3,
362.400,5.39773340E+3,
362.5500,5.48688867E+3,
362.700,5.17079688E+3,
362.8500,5.34437891E+3,
363.00,5.26954199E+3,
363.1500,5.30989502E+3,
363.300,5.62996533E+3,
363.4500,5.05815137E+3,
363.600,5.32484717E+3,
363.7500,5.19245508E+3,
363.900,5.51913525E+3,
364.0500,5.14940576E+3,
364.200,5.10747510E+3,
364.3500,5.25349365E+3,
364.500,5.19963184E+3,
364.6500,5.03344580E+3,
364.800,5.09477539E+3,
364.9500,5.08183447E+3,
365.100,5.10586328E+3,
365.2500,5.08141309E+3,
365.400,5.04720850E+3,
365.5500,4.91981445E+3,
365.700,4.98347705E+3,
365.8500,4.97966895E+3,
366.00,4.69140430E+3,
366.1500,4.80288818E+3,
366.300,5.05382617E+3,
366.4500,4.90500439E+3,
366.600,4.86078125E+3,
366.7500,4.91079150E+3,
366.900,4.75743408E+3,
367.0500,4.79988184E+3,
367.200,4.72358545E+3,
367.3500,4.72346631E+3,
367.500,4.74089746E+3,
367.6500,4.78742236E+3,
367.800,4.92288525E+3,
367.9500,4.69477344E+3,
368.100,4.75176270E+3,
368.2500,4.65213037E+3,
368.400,4.86418457E+3,
368.5500,4.75530713E+3,
368.700,4.42491455E+3,
368.8500,4.60589404E+3,
369.00,4.50788623E+3,
369.1500,4.63849854E+3,
369.300,4.75343896E+3,
369.4500,4.68424072E+3,
369.600,4.59087695E+3,
369.7500,4.72998633E+3,
369.900,4.69357764E+3,
370.0500,4.48252197E+3,
370.200,4.76665869E+3,
370.3500,4.91877002E+3,
370.500,4.79609570E+3,
370.6500,4.76898682E+3,
370.800,4.87025586E+3,
370.9500,4.78398682E+3,
371.100,4.78664014E+3,
371.2500,4.96270361E+3,
371.400,4.86739746E+3,
371.5500,4.71929736E+3,
371.700,4.84333057E+3,
371.8500,4.82053662E+3,
372.00,4.92029883E+3,
372.1500,5.09204980E+3,
372.300,4.88307617E+3,
372.4500,4.99993506E+3,
372.600,5.01317725E+3,
372.7500,4.84210352E+3,
372.900,5.05421777E+3,
373.0500,4.71287402E+3,
373.200,4.90289111E+3,
373.3500,4.68343506E+3,
373.500,4.89799658E+3,
373.6500,4.85818848E+3,
373.800,4.67422119E+3,
373.9500,4.92341016E+3,
374.100,4.87093115E+3,
374.2500,4.64829541E+3,
374.400,4.70254736E+3,
374.5500,4.60664160E+3,
374.700,4.62570117E+3,
374.8500,4.49182031E+3,
375.00,4.64630225E+3,
375.1500,4.55026904E+3,
375.300,4.44601221E+3,
375.4500,4.63863916E+3,
375.600,4.65832520E+3,
375.7500,4.51658740E+3,
375.900,4.64748389E+3,
376.0500,4.63789648E+3,
376.200,4.66119434E+3,
376.3500,4.66382666E+3,
376.500,4.52736182E+3,
376.6500,4.59043311E+3,
376.800,4.79196143E+3,
376.9500,4.63921240E+3,
377.100,4.71428955E+3,
377.2500,4.66173242E+3,
377.400,4.60093945E+3,
377.5500,4.60487646E+3,
377.700,4.59024561E+3,
377.8500,4.58249805E+3,
378.00,4.72840527E+3,
378.1500,4.64674023E+3,
378.300,4.48465430E+3,
378.4500,4.76317773E+3,
378.600,4.62166797E+3,
378.7500,4.66316211E+3,
378.900,4.56917236E+3,
379.0500,4.50876953E+3,
379.200,4.46666504E+3,
379.3500,4.63442822E+3,
379.500,4.49103271E+3,
379.6500,4.37965918E+3,
379.800,4.66457129E+3,
379.9500,4.44091699E+3,
380.100,4.32125146E+3,
380.2500,4.38133691E+3,
380.400,4.35900391E+3,
380.5500,4.18567822E+3,
380.700,4.56238867E+3,
380.8500,4.22407080E+3,
381.00,4.26124072E+3,
381.1500,4.30498047E+3,
381.300,4.20697559E+3,
381.4500,4.00380322E+3,
381.600,4.35775879E+3,
381.7500,4.19244580E+3,
381.900,4.24109131E+3,
382.0500,4.20868604E+3,
382.200,4.12438232E+3,
382.3500,4.17539453E+3,
382.500,4.16697168E+3,
382.6500,4.04668945E+3,
382.800,4.25738818E+3,
382.9500,4.33031396E+3,
383.100,4.04683813E+3,
383.2500,4.36918848E+3,
383.400,4.14863428E+3,
383.5500,4.13451514E+3,
383.700,4.19941895E+3,
383.8500,4.13970557E+3,
384.00,4.16360742E+3,
384.1500,4.12583740E+3,
384.300,4.15719580E+3,
384.4500,3.92427441E+3,
384.600,3.98410693E+3,
384.7500,4.09206689E+3,
384.900,3.86384326E+3,
385.0500,3.90007202E+3,
385.200,3.80556250E+3,
385.3500,3.94799854E+3,
385.500,3.83229199E+3,
385.6500,3.86799707E+3,
385.800,3.82678027E+3,
385.9500,3.88701904E+3,
386.100,3.81840918E+3,
386.2500,3.65533569E+3,
386.400,3.57224390E+3,
386.5500,3.81989014E+3,
386.700,3.56974463E+3,
386.8500,3.78170923E+3,
387.00,3.69466504E+3,
387.1500,3.81668970E+3,
387.300,3.81159082E+3,
387.4500,3.95418384E+3,
387.600,4.03769775E+3,
387.7500,3.79670972E+3,
387.900,3.87131836E+3,
388.0500,3.88565039E+3,
388.200,3.84128613E+3,
388.3500,3.97007349E+3,
388.500,3.82016650E+3,
388.6500,3.77780298E+3,
388.800,3.79347485E+3,
388.9500,3.85059497E+3,
389.100,3.89804834E+3,
389.2500,3.87573779E+3,
389.400,3.82413306E+3,
389.5500,3.89178198E+3,
389.700,3.71874561E+3,
389.8500,3.78498682E+3,
390.00,3.82327905E+3,
390.1500,3.86150171E+3,
390.300,3.77882080E+3,
390.4500,3.80401465E+3,
390.600,3.65366870E+3,
390.7500,3.82243896E+3,
390.900,3.78976392E+3,
391.0500,3.83256909E+3,
391.200,3.85136597E+3,
391.3500,3.67592554E+3,
391.500,3.60878662E+3,
391.6500,3.64373584E+3,
391.800,3.68148779E+3,
391.9500,3.63048511E+3,
392.100,3.52148779E+3,
392.2500,3.62702026E+3,
392.400,3.63257324E+3,
392.5500,3.50434985E+3,
392.700,3.71766895E+3,
392.8500,3.67917896E+3,
393.00,3.68194434E+3,
393.1500,3.79386108E+3,
393.300,3.67924194E+3,
393.4500,3.87986279E+3,
393.600,3.72466431E+3,
393.7500,3.69103125E+3,
393.900,3.75593555E+3,
394.0500,3.63085449E+3,
394.200,3.78434961E+3,
394.3500,3.68140894E+3,
394.500,3.66962793E+3,
394.6500,3.62029663E+3,
394.800,3.78271655E+3,
394.9500,3.77096948E+3,
395.100,3.77733618E+3,
395.2500,3.81419409E+3,
395.400,3.77216479E+3,
395.5500,3.76897119E+3,
395.700,3.89402612E+3,
395.8500,3.65815430E+3,
396.00,3.61131396E+3,
396.1500,3.77066968E+3,
396.300,3.65009106E+3,
396.4500,3.63798804E+3,
396.600,3.77624634E+3,
396.7500,3.63447314E+3,
396.900,3.63618848E+3,
397.0500,3.70608154E+3,
397.200,3.84672681E+3,
397.3500,3.64778711E+3,
397.500,3.70825732E+3,
397.6500,3.62647778E+3,
397.800,3.55710181E+3,
397.9500,3.66617456E+3,
398.100,3.63518091E+3,
398.2500,3.68399561E+3,
398.400,3.53486377E+3,
398.5500,3.34571826E+3,
398.700,3.44043579E+3,
398.8500,3.45849365E+3,
399.00,3.37330396E+3,
399.1500,3.42536133E+3,
399.300,3.35153589E+3,
399.4500,3.32332568E+3,
399.600,3.35665088E+3,
399.7500,3.50075977E+3,
399.900,3.34582568E+3,
400.0500,3.06407666E+3,
400.200,3.18467236E+3,
400.3500,3.08037183E+3,
400.500,2.92516675E+3,
400.6500,2.98024512E+3,
400.800,3.00105591E+3,
400.9500,3.16727515E+3,
401.100,2.97038940E+3,
401.2500,3.00726099E+3,
401.400,3.03327271E+3,
401.5500,3.06846094E+3,
401.700,3.01762036E+3,
401.8500,3.02520972E+3,
402.00,3.15828491E+3,
402.1500,3.03306445E+3,
402.300,3.06691699E+3,
402.4500,3.00776172E+3,
402.600,2.99597266E+3,
402.7500,3.01615552E+3,
402.900,2.97713574E+3,
403.0500,3.02307935E+3,
403.200,2.95840039E+3,
403.3500,3.08131641E+3,
403.500,3.04396069E+3,
403.6500,3.17402808E+3,
403.800,3.01629761E+3,
403.9500,3.00932837E+3,
404.100,3.01447900E+3,
404.2500,2.90422656E+3,
404.400,2.83321216E+3,
404.5500,2.82970166E+3,
404.700,2.94124634E+3,
404.8500,2.89887402E+3,
405.00,2.85066919E+3,
405.1500,2.92931738E+3,
405.300,2.97659009E+3,
405.4500,2.87229517E+3,
405.600,2.73116675E+3,
405.7500,2.82006396E+3,
405.900,2.74447778E+3,
406.0500,2.66312866E+3,
406.200,2.62918140E+3,
406.3500,2.62483911E+3,
406.500,2.73401465E+3,
406.6500,2.70311011E+3,
406.800,2.81348022E+3,
406.9500,2.71207813E+3,
407.100,2.66503564E+3,
407.2500,2.56526123E+3,
407.400,2.63265405E+3,
407.5500,2.61069873E+3,
407.700,2.57858667E+3,
407.8500,2.58742847E+3,
408.00,2.61230615E+3,
408.1500,2.58624585E+3,
408.300,2.68390894E+3,
408.4500,2.54306616E+3,
408.600,2.52012085E+3,
408.7500,2.48998926E+3,
408.900,2.41502759E+3,
409.0500,2.40256421E+3,
409.200,2.53638770E+3,
409.3500,2.59486401E+3,
409.500,2.52622266E+3,
409.6500,2.40434863E+3,
409.800,2.42248242E+3,
409.9500,2.43340112E+3,
410.100,2.49324243E+3,
410.2500,2.41500391E+3,
410.400,2.44176025E+3,
410.5500,2.41825586E+3,
410.700,2.33457471E+3,
410.8500,2.28256421E+3,
411.00,2.35664185E+3,
411.1500,2.52491260E+3,
411.300,2.34272437E+3,
411.4500,2.30081250E+3,
411.600,2.28752344E+3,
411.7500,2.27284302E+3,
411.900,2.35365576E+3,
412.0500,2.35747070E+3,
412.200,2.30437891E+3,
412.3500,2.35372119E+3,
412.500,2.23967407E+3,
412.6500,2.26205151E+3,
412.800,2.23193994E+3,
412.9500,2.16788062E+3,
413.100,2.24544263E+3,
413.2500,2.23231812E+3,
413.400,2.26728760E+3,
413.5500,2.12425073E+3,
413.700,2.20161279E+3,
413.8500,2.20553613E+3,
414.00,2.18832837E+3,
414.1500,2.16691846E+3,
414.300,2.12304175E+3,
414.4500,2.17484131E+3,
414.600,2.10997754E+3,
414.7500,2.18419116E+3,
414.900,2.08016504E+3,
415.0500,2.07866602E+3,
415.200,2.07726514E+3,
415.3500,2.13746680E+3,
415.500,2.17521631E+3,
415.6500,2.11926416E+3,
415.800,2.16398022E+3,
415.9500,2.12906958E+3,
416.100,2.06770483E+3,
416.2500,2.23509790E+3,
416.400,2.16679663E+3,
416.5500,2.23227612E+3,
416.700,2.23088257E+3,
416.8500,2.14048682E+3,
417.00,2.12388062E+3,
417.1500,2.12531860E+3,
417.300,2.19756396E+3,
417.4500,2.26695361E+3,
417.600,2.23782520E+3,
417.7500,2.23368359E+3,
417.900,2.22817139E+3,
418.0500,2.18255615E+3,
418.200,2.15501807E+3,
418.3500,2.38326465E+3,
418.500,2.23822388E+3,
418.6500,2.37366602E+3,
418.800,2.31851563E+3,
418.9500,2.36826245E+3,
419.100,2.31731226E+3,
419.2500,2.39179492E+3,
419.400,2.41800952E+3,
419.5500,2.48411450E+3,
419.700,2.54465454E+3,
419.8500,2.38930371E+3,
420.00,2.54053149E+3,
420.1500,2.43605444E+3,
420.300,2.48541699E+3,
420.4500,2.40031519E+3,
420.600,2.40716553E+3,
420.7500,2.52225024E+3,
420.900,2.53041187E+3,
421.0500,2.51394482E+3,
421.200,2.52897266E+3,
421.3500,2.53852612E+3,
421.500,2.51118896E+3,
421.6500,2.42244189E+3,
421.800,2.47164282E+3,
421.9500,2.52898462E+3,
422.100,2.41600952E+3,
422.2500,2.65619775E+3,
422.400,2.46843530E+3,
422.5500,2.32985962E+3,
422.700,2.47588208E+3,
422.8500,2.62995313E+3,
423.00,2.57990405E+3,
423.1500,2.64432666E+3,
423.300,2.56736523E+3,
423.4500,2.59779395E+3,
423.600,2.55350586E+3,
423.7500,2.56763696E+3,
423.900,2.46095654E+3,
424.0500,2.51040088E+3,
424.200,2.49199634E+3,
424.3500,2.44784155E+3,
424.500,2.48370605E+3,
424.6500,2.55343774E+3,
424.800,2.41447388E+3,
424.9500,2.43678589E+3,
425.100,2.51858569E+3,
425.2500,2.47034741E+3,
425.400,2.51551514E+3,
425.5500,2.53630933E+3,
425.700,2.48677783E+3,
425.8500,2.48054297E+3,
426.00,2.62431641E+3,
426.1500,2.47203662E+3,
426.300,2.51432495E+3,
426.4500,2.44590112E+3,
426.600,2.38158203E+3,
426.7500,2.39285083E+3,
426.900,2.39063403E+3,
427.0500,2.43162378E+3,
427.200,2.39591943E+3,
427.3500,2.40065430E+3,
427.500,2.35555908E+3,
427.6500,2.37781421E+3,
427.800,2.39467700E+3,
427.9500,2.42768359E+3,
428.100,2.35202075E+3,
428.2500,2.30613330E+3,
428.400,2.28985083E+3,
428.5500,2.39061304E+3,
428.700,2.30168652E+3,
428.8500,2.45355347E+3,
429.00,2.36194531E+3,
429.1500,2.45741138E+3,
429.300,2.41702637E+3,
429.4500,2.33091284E+3,
429.600,2.29591089E+3,
429.7500,2.42499829E+3,
429.900,2.30795435E+3,
430.0500,2.41808374E+3,
430.200,2.29531470E+3,
430.3500,2.32854297E+3,
430.500,2.39805518E+3,
430.6500,2.41110059E+3,
430.800,2.19436060E+3,
430.9500,2.36463403E+3,
431.100,2.26069629E+3,
431.2500,2.41862158E+3,
431.400,2.22470972E+3,
431.5500,2.16512354E+3,
431.700,2.29344482E+3,
431.8500,2.25131860E+3,
432.00,2.39968750E+3,
432.1500,2.31626514E+3,
432.300,2.34819360E+3,
432.4500,2.17629858E+3,
432.600,2.17874219E+3,
432.7500,2.28173242E+3,
432.900,2.28818848E+3,
433.0500,2.23714844E+3,
433.200,2.16761523E+3,
433.3500,2.17716748E+3,
433.500,2.27386694E+3,
433.6500,2.20968115E+3,
433.800,2.16291675E+3,
433.9500,2.12687183E+3,
434.100,2.19154565E+3,
434.2500,2.18789331E+3,
434.400,2.23924609E+3,
434.5500,2.24901514E+3,
434.700,2.24133740E+3,
434.8500,2.18398877E+3,
435.00,2.21925537E+3,
435.1500,2.21295020E+3,
435.300,2.12874316E+3,
435.4500,2.25002759E+3,
435.600,2.33642188E+3,
435.7500,2.21590137E+3,
435.900,2.09399146E+3,
436.0500,2.19387646E+3,
436.200,2.14731421E+3,
436.3500,2.08324365E+3,
436.500,2.16845898E+3,
436.6500,2.09359473E+3,
436.800,2.20441406E+3,
436.9500,2.12144287E+3,
437.100,2.14628711E+3,
437.2500,2.17525488E+3,
437.400,2.13687085E+3,
437.5500,2.10654492E+3,
437.700,2.18809448E+3,
437.8500,2.05796143E+3,
438.00,2.24611108E+3,
438.1500,2.17155688E+3,
438.300,2.31431787E+3,
438.4500,2.26673169E+3,
438.600,2.09205957E+3,
438.7500,2.21467847E+3,
438.900,2.10744873E+3,
439.0500,2.11117822E+3,
439.200,2.13675708E+3,
439.3500,2.14880908E+3,
439.500,1.99412561E+3,
439.6500,2.05763892E+3,
439.800,2.13885986E+3,
439.9500,2.06672168E+3,
440.100,2.11269678E+3,
440.2500,2.01189990E+3,
440.400,2.19661401E+3,
440.5500,2.13792676E+3,
440.700,2.08597681E+3,
440.8500,2.03260193E+3,
441.00,2.07730371E+3,
441.1500,1.96653320E+3,
441.300,1.99208862E+3,
441.4500,1.95759790E+3,
441.600,1.98316248E+3,
441.7500,2.00464771E+3,
441.900,2.05075732E+3,
442.0500,1.99577515E+3,
442.200,2.00249573E+3,
442.3500,1.98045581E+3,
442.500,2.03786731E+3,
442.6500,1.98700964E+3,
442.800,1.90864001E+3,
442.9500,1.84389795E+3,
443.100,1.84392749E+3,
443.2500,1.92110168E+3,
443.400,1.91719263E+3,
443.5500,1.90913635E+3,
443.700,2.03202234E+3,
443.8500,1.95228284E+3,
444.00,1.97734717E+3,
444.1500,1.89094519E+3,
444.300,2.03819824E+3,
444.4500,2.00567664E+3,
444.600,1.97584863E+3,
444.7500,1.93623145E+3,
444.900,1.88818555E+3,
445.0500,1.91948779E+3,
445.200,1.89550391E+3,
445.3500,1.93559082E+3,
445.500,1.89617749E+3,
445.6500,1.91676672E+3,
445.800,1.88979968E+3,
445.9500,1.92582373E+3,
446.100,1.86005408E+3,
446.2500,1.99121094E+3,
446.400,1.96080530E+3,
446.5500,1.86254822E+3,
446.700,1.95616309E+3,
446.8500,1.80655811E+3,
447.00,1.81384900E+3,
447.1500,1.92796191E+3,
447.300,1.93572400E+3,
447.4500,1.87490332E+3,
447.600,1.85385962E+3,
447.7500,1.83986414E+3,
447.900,1.86608875E+3,
448.0500,1.82559106E+3,
448.200,1.81435925E+3,
448.3500,1.81900891E+3,
448.500,1.89823804E+3,
448.6500,1.86941260E+3,
448.800,1.88159412E+3,
448.9500,1.93677246E+3,
449.100,1.95133423E+3,
449.2500,2.04638770E+3,
449.400,2.00244934E+3,
449.5500,2.08968164E+3,
449.700,2.23115698E+3,
449.8500,2.40635498E+3,
450.00,2.70519995E+3,
450.1500,1.26905205E+2,
450.300,1.18159340E+2,
450.4500,1.34319656E+2,
450.600,1.06692596E+2,
450.7500,1.29247238E+2,
450.900,1.40921585E+2,
451.0500,1.35001160E+2,
451.200,1.90605423E+2,
451.3500,1.73147339E+2,
451.500,1.71572662E+2,
451.6500,2.44669571E+2,
451.800,2.63755768E+2,
451.9500,3.20981293E+2,
452.100,3.45406891E+2,
452.2500,3.70732269E+2,
452.400,3.66003296E+2,
452.5500,3.87913818E+2,
452.700,4.29897705E+2,
452.8500,3.80025421E+2,
453.00,3.72281555E+2,
453.1500,4.09793701E+2,
453.300,4.52942017E+2,
453.4500,4.24335297E+2,
453.600,4.65379517E+2,
453.7500,5.52337097E+2,
453.900,5.11795227E+2,
454.0500,5.23321838E+2,
454.200,4.87352631E+2,
454.3500,5.11670959E+2,
454.500,5.82003296E+2,
454.6500,6.74410828E+2,
454.800,6.42764404E+2,
454.9500,6.45614807E+2,
455.100,6.93254028E+2,
455.2500,6.93931335E+2,
455.400,7.02961731E+2,
455.5500,7.68457214E+2,
455.700,7.33058777E+2,
455.8500,7.79825134E+2,
456.00,7.93549133E+2,
456.1500,8.10944275E+2,
456.300,8.37467163E+2,
456.4500,9.39170288E+2,
456.600,9.68504150E+2,
456.7500,9.49117981E+2,
456.900,1.00924854E+3,
457.0500,1.08160657E+3,
457.200,1.00441046E+3,
457.3500,1.05823730E+3,
457.500,1.08230237E+3,
457.6500,1.18926355E+3,
457.800,1.13344019E+3,
457.9500,1.22523022E+3,
458.100,1.22461865E+3,
458.2500,1.31899268E+3,
458.400,1.21762329E+3,
458.5500,1.26480029E+3,
458.700,1.23636646E+3,
458.8500,1.26493811E+3,
459.00,1.26925793E+3,
459.1500,1.26304517E+3,
459.300,1.25336035E+3,
459.4500,1.19887305E+3,
459.600,1.22142212E+3,
459.7500,1.30000623E+3,
459.900,1.33475732E+3,
460.0500,1.23007214E+3,
460.200,1.37148169E+3,
460.3500,1.31382776E+3,
460.500,1.44800623E+3,
460.6500,1.36662280E+3,
460.800,1.50178857E+3,
460.9500,1.45712170E+3,
461.100,1.46626270E+3,
461.2500,1.51601868E+3,
461.400,1.53411646E+3,
461.5500,1.60229016E+3,
461.700,1.64890405E+3,
461.8500,1.72069202E+3,
462.00,1.83284375E+3,
462.1500,1.85280615E+3,
462.300,1.98238611E+3,
462.4500,1.92419189E+3,
462.600,1.98852930E+3,
462.7500,1.96442676E+3,
462.900,1.93940393E+3,
463.0500,1.96341919E+3,
463.200,1.85607837E+3,
463.3500,1.75251636E+3,
463.500,1.66773535E+3,
463.6500,1.67551550E+3,
463.800,1.74847205E+3,
463.9500,1.61958875E+3,
464.100,1.72557690E+3,
464.2500,1.51063733E+3,
464.400,1.58794592E+3,
464.5500,1.60680408E+3,
464.700,1.64880859E+3,
464.8500,1.66960278E+3,
465.00,1.59262793E+3,
465.1500,1.65377722E+3,
465.300,1.61527563E+3,
465.4500,1.63126416E+3,
465.600,1.72858228E+3,
465.7500,1.72977002E+3,
465.900,1.76007898E+3,
466.0500,1.73129260E+3,
466.200,1.75784180E+3,
466.3500,1.82158838E+3,
466.500,1.90997302E+3,
466.6500,2.06624170E+3,
466.800,2.32309229E+3,
466.9500,2.56483911E+3,
467.100,2.74249512E+3,
467.2500,2.93218872E+3,
467.400,2.96660083E+3,
467.5500,2.74591870E+3,
467.700,2.68741309E+3,
467.8500,2.52075317E+3,
468.00,2.31877979E+3,
468.1500,2.25936182E+3,
468.300,2.15423828E+3,
468.4500,2.10021240E+3,
468.600,1.97006274E+3,
468.7500,1.99454114E+3,
468.900,1.98347302E+3,
469.0500,1.98471973E+3,
469.200,1.88796899E+3,
469.3500,1.94015137E+3,
469.500,1.91439063E+3,
469.6500,1.91697168E+3,
469.800,1.93369275E+3,
469.9500,2.04625049E+3,
470.100,1.90981079E+3,
470.2500,1.85728833E+3,
470.400,1.85418445E+3,
470.5500,1.79774109E+3,
470.700,1.76651819E+3,
470.8500,1.80470996E+3,
471.00,1.71725916E+3,
471.1500,1.75275195E+3,
471.300,1.78621252E+3,
471.4500,1.65304199E+3,
471.600,1.61629187E+3,
471.7500,1.71897644E+3,
471.900,1.60704639E+3,
472.0500,1.66665869E+3,
472.200,1.68633667E+3,
472.3500,1.75409277E+3,
472.500,1.62351440E+3,
472.6500,1.74533081E+3,
472.800,1.79301392E+3,
472.9500,2.02884998E+3,
473.100,2.22370166E+3,
473.2500,2.34152393E+3,
473.400,2.49433936E+3,
473.5500,2.41802466E+3,
473.700,2.04363562E+3,
473.8500,1.91738171E+3,
474.00,1.85016162E+3,
474.1500,1.71512708E+3,
474.300,1.82411121E+3,
474.4500,1.71108167E+3,
474.600,1.65605737E+3,
474.7500,1.66003589E+3,
474.900,1.65001440E+3,
475.0500,1.69204370E+3,
475.200,1.69417456E+3,
475.3500,1.73231165E+3,
475.500,1.63942041E+3,
475.6500,1.65154932E+3,
475.800,1.67868555E+3,
475.9500,1.66680615E+3,
476.100,1.69501904E+3,
476.2500,1.69825525E+3,
476.400,1.74052600E+3,
476.5500,1.65567798E+3,
476.700,1.67292322E+3,
476.8500,1.64611548E+3,
477.00,1.66736743E+3,
477.1500,1.64169312E+3,
477.300,1.72220313E+3,
477.4500,1.67648425E+3,
477.600,1.74400330E+3,
477.7500,1.84964587E+3,
477.900,1.73473071E+3,
478.0500,1.86856934E+3,
478.200,1.83708252E+3,
478.3500,1.93604688E+3,
478.500,1.95877075E+3,
478.6500,1.87203638E+3,
478.800,1.91885950E+3,
478.9500,1.82702466E+3,
479.100,1.79657690E+3,
479.2500,1.80237170E+3,
479.400,1.75282605E+3,
479.5500,1.79081262E+3,
479.700,1.87817383E+3,
479.8500,1.83563867E+3,
480.00,1.93013953E+3,
480.1500,1.96831750E+3,
480.300,1.95810339E+3,
480.4500,2.04981055E+3,
480.600,2.29002271E+3,
480.7500,2.34255371E+3,
480.900,2.32842627E+3,
481.0500,2.37088672E+3,
481.200,2.28287109E+3,
481.3500,2.40727271E+3,
481.500,2.21694678E+3,
481.6500,2.34141528E+3,
481.800,2.25828857E+3,
481.9500,2.28759375E+3,
482.100,2.18415649E+3,
482.2500,2.09790186E+3,
482.400,2.22875708E+3,
482.5500,2.27037280E+3,
482.700,2.24903955E+3,
482.8500,2.36183130E+3,
483.00,2.39846362E+3,
483.1500,2.36417188E+3,
483.300,2.31965796E+3,
483.4500,2.28629175E+3,
483.600,2.29466040E+3,
483.7500,2.20312183E+3,
483.900,2.19104272E+3,
484.0500,2.20554126E+3,
484.200,2.23242725E+3,
484.3500,2.21642114E+3,
484.500,2.22083911E+3,
484.6500,2.19558618E+3,
484.800,2.13139453E+3,
484.9500,2.07326587E+3,
485.100,2.11971436E+3,
485.2500,2.06472827E+3,
485.400,1.97989636E+3,
485.5500,2.00894971E+3,
485.700,2.04728528E+3,
485.8500,2.05789746E+3,
486.00,2.03764404E+3,
486.1500,2.09980298E+3,
486.300,2.01158337E+3,
486.4500,2.12020166E+3,
486.600,2.15672559E+3,
486.7500,2.15302026E+3,
486.900,2.18856909E+3,
487.0500,2.28718188E+3,
487.200,2.33304126E+3,
487.3500,2.52802100E+3,
487.500,2.82059595E+3,
487.6500,3.26897876E+3,
487.800,3.64736157E+3,
487.9500,4.23475391E+3,
488.100,5.05838525E+3,
488.2500,5.90466504E+3,
488.400,6.72690576E+3,
488.5500,7.57809814E+3,
488.700,7.84126416E+3,
488.8500,7.07820264E+3,
489.00,6.23097754E+3,
489.1500,5.59287256E+3,
489.300,5.01547949E+3,
489.4500,4.51248438E+3,
489.600,4.60824072E+3,
489.7500,4.71873193E+3,
489.900,4.79380029E+3,
490.0500,5.38499805E+3,
490.200,6.03099512E+3,
490.3500,7.14425977E+3,
490.500,7.39406787E+3,
490.6500,8.15531934E+3,
490.800,8.89249609E+3,
490.9500,9.23977148E+3,
491.100,9.39982520E+3,
491.2500,9.99308789E+3,
491.400,1.02648877E+4,
491.5500,1.14461289E+4,
491.700,1.18092275E+4,
491.8500,1.24950576E+4,
492.00,1.28383945E+4,
492.1500,1.30140752E+4,
492.300,1.24254492E+4,
492.4500,1.14076533E+4,
492.600,1.09609014E+4,
492.7500,1.00940762E+4,
492.900,9.41490918E+3,
493.0500,8.74517090E+3,
493.200,8.31255762E+3,
493.3500,7.98040381E+3,
493.500,7.72123975E+3,
493.6500,7.45951563E+3,
493.800,7.38628467E+3,
493.9500,7.00100244E+3,
494.100,6.82353076E+3,
494.2500,6.61472510E+3,
494.400,6.70857178E+3,
494.5500,6.57539160E+3,
494.700,6.69718262E+3,
494.8500,6.82771729E+3,
495.00,6.89828906E+3,
495.1500,7.01651807E+3,
495.300,7.17470020E+3,
495.4500,7.06724854E+3,
495.600,7.09748242E+3,
495.7500,7.08246338E+3,
495.900,7.27992627E+3,
496.0500,6.80957568E+3,
496.200,6.63818115E+3,
496.3500,6.56921240E+3,
496.500,6.23057227E+3,
496.6500,5.99317139E+3,
496.800,6.00039209E+3,
496.9500,5.69507129E+3,
497.100,5.61648633E+3,
497.2500,5.64876514E+3,
497.400,5.32091309E+3,
497.5500,5.42917578E+3,
497.700,5.59102832E+3,
497.8500,5.46619922E+3,
498.00,5.70477295E+3,
498.1500,5.72417822E+3,
498.300,5.72390186E+3,
498.4500,5.74003027E+3,
498.600,5.61587549E+3,
498.7500,5.73939307E+3,
498.900,5.46125684E+3,
499.0500,5.44857080E+3,
499.200,5.30720313E+3,
499.3500,5.00702344E+3,
499.500,4.74815820E+3,
499.6500,4.61123291E+3,
499.800,4.32060449E+3,
499.9500,4.27361816E+3,
500.100,4.11710010E+3,
500.2500,3.88393604E+3,
500.400,3.71237817E+3,
500.5500,3.67466504E+3,
500.700,3.62133594E+3,
500.8500,3.32685229E+3,
501.00,3.31089233E+3,
501.1500,3.11460791E+3,
501.300,3.13068945E+3,
501.4500,2.89263770E+3,
501.600,2.91187866E+3,
501.7500,2.80496387E+3,
501.900,2.78726147E+3,
502.0500,2.70464795E+3,
502.200,2.82116626E+3,
502.3500,2.80677905E+3,
502.500,2.56246411E+3,
502.6500,2.60280859E+3,
502.800,2.51964453E+3,
502.9500,2.52852295E+3,
503.100,2.54649512E+3,
503.2500,2.41811597E+3,
503.400,2.47775513E+3,
503.5500,2.44609985E+3,
503.700,2.46971436E+3,
503.8500,2.46058325E+3,
504.00,2.51930200E+3,
504.1500,2.56802295E+3,
504.300,2.46949170E+3,
504.4500,2.61579004E+3,
504.600,2.69422095E+3,
504.7500,2.70459961E+3,
504.900,2.81280420E+3,
505.0500,2.92347876E+3,
505.200,3.01043359E+3,
505.3500,3.23553076E+3,
505.500,3.26239966E+3,
505.6500,3.63205908E+3,
505.800,3.91316821E+3,
505.9500,4.16843799E+3,
506.100,4.41970508E+3,
506.2500,4.83546387E+3,
506.400,5.23475928E+3,
506.5500,5.98170605E+3,
506.700,6.40345410E+3,
506.8500,7.02850830E+3,
507.00,7.63394629E+3,
507.1500,8.44641602E+3,
507.300,8.70181543E+3,
507.4500,9.10210938E+3,
507.600,9.13538281E+3,
507.7500,9.16058008E+3,
507.900,8.98647754E+3,
508.0500,7.95031299E+3,
508.200,7.60203125E+3,
508.3500,6.94497754E+3,
508.500,6.31447168E+3,
508.6500,5.60927295E+3,
508.800,5.35498193E+3,
508.9500,5.02896045E+3,
509.100,4.45101367E+3,
509.2500,4.24256836E+3,
509.400,3.98804395E+3,
509.5500,3.80916431E+3,
509.700,3.98411523E+3,
509.8500,3.78019678E+3,
510.00,3.92017578E+3,
510.1500,3.88141675E+3,
510.300,4.00503418E+3,
510.4500,4.16303320E+3,
510.600,4.32955908E+3,
510.7500,4.47512109E+3,
510.900,4.35508740E+3,
511.0500,4.27741602E+3,
511.200,3.90489746E+3,
511.3500,3.60751050E+3,
511.500,3.41155176E+3,
511.6500,2.94462109E+3,
511.800,2.80114575E+3,
511.9500,2.59082080E+3,
512.100,2.43020239E+3,
512.2500,2.17879102E+3,
512.400,2.15821436E+3,
512.5500,2.07671875E+3,
512.700,2.01298169E+3,
512.8500,2.04956079E+3,
513.00,1.89110608E+3,
513.1500,1.93734753E+3,
513.300,1.77499097E+3,
513.4500,1.64111487E+3,
513.600,1.74129895E+3,
513.7500,1.76108081E+3,
513.900,1.66650391E+3,
514.0500,1.69108398E+3,
514.200,1.58665796E+3,
514.3500,1.50133337E+3,
514.500,1.49078918E+3,
514.6500,1.39670618E+3,
514.800,1.60773486E+3,
514.9500,1.45777808E+3,
515.100,1.48232800E+3,
515.2500,1.42306897E+3,
515.400,1.43667407E+3,
515.5500,1.38210730E+3,
515.700,1.44444470E+3,
515.8500,1.36780237E+3,
516.00,1.37039087E+3,
516.1500,1.36810120E+3,
516.300,1.36212891E+3,
516.4500,1.43944446E+3,
516.600,1.33296582E+3,
516.7500,1.33429041E+3,
516.900,1.24714490E+3,
517.0500,1.30742981E+3,
517.200,1.32477551E+3,
517.3500,1.35940527E+3,
517.500,1.24482043E+3,
517.6500,1.22262048E+3,
517.800,1.27701538E+3,
517.9500,1.27088062E+3,
518.100,1.19414417E+3,
518.2500,1.30078003E+3,
518.400,1.23757300E+3,
518.5500,1.22269055E+3,
518.700,1.15055664E+3,
518.8500,1.22643848E+3,
519.00,1.14542627E+3,
519.1500,1.19655115E+3,
519.300,1.18532751E+3,
519.4500,1.20158337E+3,
519.600,1.13776172E+3,
519.7500,1.18155737E+3,
519.900,1.22920313E+3,
520.0500,1.06225085E+3,
520.200,1.13882129E+3,
520.3500,1.07461877E+3,
520.500,1.15135864E+3,
520.6500,1.04036316E+3,
520.800,9.96031555E+2,
520.9500,1.11083374E+3,
521.100,1.04116370E+3,
521.2500,1.08911462E+3,
521.400,1.04968823E+3,
521.5500,1.04316968E+3,
521.700,1.12683179E+3,
521.8500,1.11019800E+3,
522.00,1.07443030E+3,
522.1500,1.06279822E+3,
522.300,1.02817542E+3,
522.4500,1.06498828E+3,
522.600,1.02773193E+3,
522.7500,1.00575031E+3,
522.900,9.79877563E+2,
523.0500,1.05397839E+3,
523.200,9.66541138E+2,
523.3500,1.01768774E+3,
523.500,1.00719574E+3,
523.6500,1.02629468E+3,
523.800,1.04027283E+3,
523.9500,1.00911255E+3,
524.100,9.88230164E+2,
524.2500,9.51787842E+2,
524.400,1.00200006E+3,
524.5500,9.51230408E+2,
524.700,9.34080139E+2,
524.8500,1.03896777E+3,
525.00,1.00106476E+3,
525.1500,9.92979187E+2,
525.300,9.51001160E+2,
525.4500,1.02760461E+3,
525.600,1.01559314E+3,
525.7500,9.78725952E+2,
525.900,9.27392395E+2,
526.0500,1.06189307E+3,
526.200,1.06300378E+3,
526.3500,9.23717651E+2,
526.500,1.00742651E+3,
526.6500,1.09393542E+3,
526.800,1.04373511E+3,
526.9500,1.01055579E+3,
527.100,1.00111835E+3,
527.2500,1.05639685E+3,
527.400,1.00735944E+3,
527.5500,1.04423242E+3,
527.700,1.04541077E+3,
527.8500,1.00148669E+3,
528.00,9.89330933E+2,
528.1500,9.87822754E+2,
528.300,9.72995178E+2,
528.4500,1.04208301E+3,
528.600,1.03661438E+3,
528.7500,1.06852747E+3,
528.900,1.11521899E+3,
529.0500,1.01206641E+3,
529.200,1.05206384E+3,
529.3500,1.04921118E+3,
529.500,1.07992761E+3,
529.6500,1.11743188E+3,
529.800,1.01905029E+3,
529.9500,1.09564331E+3,
530.100,1.09278882E+3,
530.2500,1.00888300E+3,
530.400,1.17086255E+3,
530.5500,1.10579919E+3,
530.700,1.08124109E+3,
530.8500,1.09324792E+3,
531.00,1.16094763E+3,
531.1500,1.19075159E+3,
531.300,1.15801868E+3,
531.4500,1.23146655E+3,
531.600,1.17824231E+3,
531.7500,1.23274756E+3,
531.900,1.23406665E+3,
532.0500,1.28055225E+3,
532.200,1.22719812E+3,
532.3500,1.33003198E+3,
532.500,1.34111963E+3,
532.6500,1.31924536E+3,
532.800,1.29456494E+3,
532.9500,1.34419739E+3,
533.100,1.26298987E+3,
533.2500,1.26029407E+3,
533.400,1.19954504E+3,
533.5500,1.19122583E+3,
533.700,1.26460510E+3,
533.8500,1.15371692E+3,
534.00,1.14530322E+3,
534.1500,1.24390027E+3,
534.300,1.17992065E+3,
534.4500,1.15897449E+3,
534.600,1.27743311E+3,
534.7500,1.11832007E+3,
534.900,1.20344604E+3,
535.0500,1.13063318E+3,
535.200,1.19633154E+3,
535.3500,1.20887915E+3,
535.500,1.18494641E+3,
535.6500,1.15674011E+3,
535.800,1.23962415E+3,
535.9500,1.17337378E+3,
536.100,1.16762024E+3,
536.2500,1.21408923E+3,
536.400,1.35676038E+3,
536.5500,1.30024634E+3,
536.700,1.34983411E+3,
536.8500,1.36265796E+3,
537.00,1.45499744E+3,
537.1500,1.34864331E+3,
537.300,1.56784631E+3,
537.4500,1.46136743E+3,
537.600,1.48867981E+3,
537.7500,1.44181580E+3,
537.900,1.40484546E+3,
538.0500,1.37637329E+3,
538.200,1.36789319E+3,
538.3500,1.34504846E+3,
538.500,1.35803613E+3,
538.6500,1.26182410E+3,
538.800,1.25603308E+3,
538.9500,1.26750940E+3,
539.100,1.26604224E+3,
539.2500,1.20105591E+3,
539.400,1.12146777E+3,
539.5500,1.10390906E+3,
539.700,1.15872839E+3,
539.8500,1.07011279E+3,
540.00,1.11339404E+3,
540.1500,1.06963550E+3,
540.300,1.23528882E+3,
540.4500,1.11872693E+3,
540.600,1.09668384E+3,
540.7500,1.16364734E+3,
540.900,1.13282629E+3,
541.0500,1.22632666E+3,
541.200,1.10176001E+3,
541.3500,1.11624500E+3,
541.500,1.09992004E+3,
541.6500,1.21881372E+3,
541.800,1.29676282E+3,
541.9500,1.16858154E+3,
542.100,1.23779333E+3,
542.2500,1.30272961E+3,
542.400,1.29387488E+3,
542.5500,1.27759143E+3,
542.700,1.34871057E+3,
542.8500,1.24786682E+3,
543.00,1.27899573E+3,
543.1500,1.23286133E+3,
543.300,1.22234863E+3,
543.4500,1.22075159E+3,
543.600,1.18333240E+3,
543.7500,1.28027527E+3,
543.900,1.32807776E+3,
544.0500,1.19780457E+3,
544.200,1.19913611E+3,
544.3500,1.18696033E+3,
544.500,1.21381116E+3,
544.6500,1.25726013E+3,
544.800,1.34897681E+3,
544.9500,1.28263452E+3,
545.100,1.28406665E+3,
545.2500,1.31723242E+3,
545.400,1.40037354E+3,
545.5500,1.30655969E+3,
545.700,1.45352258E+3,
545.8500,1.35954834E+3,
546.00,1.29725928E+3,
546.1500,1.33530481E+3,
546.300,1.28512012E+3,
546.4500,1.30646179E+3,
546.600,1.26832385E+3,
546.7500,1.26676428E+3,
546.900,1.36463770E+3,
547.0500,1.30959631E+3,
547.200,1.25600720E+3,
547.3500,1.21456311E+3,
547.500,1.30830029E+3,
547.6500,1.31144714E+3,
547.800,1.35158215E+3,
547.9500,1.26065405E+3,
548.100,1.35643616E+3,
548.2500,1.35345349E+3,
548.400,1.39072449E+3,
548.5500,1.50250671E+3,
548.700,1.47638770E+3,
548.8500,1.55278479E+3,
549.00,1.42082715E+3,
549.1500,1.41628882E+3,
549.300,1.45385120E+3,
549.4500,1.42121802E+3,
549.600,1.39631909E+3,
549.7500,1.46841516E+3,
549.900,1.47328186E+3,
550.0500,1.50011975E+3,
550.200,1.56157690E+3,
550.3500,1.74270679E+3,
550.500,1.57939929E+3,
550.6500,1.73889001E+3,
550.800,1.71881274E+3,
550.9500,1.76347046E+3,
551.100,1.77342688E+3,
551.2500,1.82458313E+3,
551.400,1.80925305E+3,
551.5500,1.90817920E+3,
551.700,1.82455469E+3,
551.8500,1.68663037E+3,
552.00,1.88131665E+3,
552.1500,1.70651904E+3,
552.300,1.65265295E+3,
552.4500,1.80488025E+3,
552.600,1.60214001E+3,
552.7500,1.51589209E+3,
552.900,1.46152209E+3,
553.0500,1.44720105E+3,
553.200,1.48275293E+3,
553.3500,1.48135193E+3,
553.500,1.42996521E+3,
553.6500,1.49304907E+3,
553.800,1.51426172E+3,
553.9500,1.49183411E+3,
554.100,1.48717712E+3,
554.2500,1.50683862E+3,
554.400,1.53953503E+3,
554.5500,1.40157739E+3,
554.700,1.46514404E+3,
554.8500,1.52070898E+3,
555.00,1.52581396E+3,
555.1500,1.47700037E+3,
555.300,1.49349438E+3,
555.4500,1.59027466E+3,
555.600,1.63644800E+3,
555.7500,1.63019116E+3,
555.900,1.61240820E+3,
556.0500,1.63407935E+3,
556.200,1.57838049E+3,
556.3500,1.62481287E+3,
556.500,1.66309302E+3,
556.6500,1.67996362E+3,
556.800,1.55780579E+3,
556.9500,1.56463342E+3,
557.100,1.57315015E+3,
557.2500,1.42385413E+3,
557.400,1.55198792E+3,
557.5500,1.48223584E+3,
557.700,1.57071765E+3,
557.8500,1.56758606E+3,
558.00,1.59118359E+3,
558.1500,1.63831628E+3,
558.300,1.65372156E+3,
558.4500,1.57018433E+3,
558.600,1.63927905E+3,
558.7500,1.68835571E+3,
558.900,1.59275049E+3,
559.0500,1.61323975E+3,
559.200,1.59837134E+3,
559.3500,1.51924158E+3,
559.500,1.55496655E+3,
559.6500,1.42983362E+3,
559.800,1.46382727E+3,
559.9500,1.51997876E+3,
560.100,1.48444348E+3,
560.2500,1.41817114E+3,
560.400,1.41820935E+3,
560.5500,1.51552063E+3,
560.700,1.47807446E+3,
560.8500,1.36183118E+3,
561.00,1.43372095E+3,
561.1500,1.36341760E+3,
561.300,1.42343457E+3,
561.4500,1.27729846E+3,
561.600,1.39758679E+3,
561.7500,1.28552295E+3,
561.900,1.36124243E+3,
562.0500,1.28686365E+3,
562.200,1.21923096E+3,
562.3500,1.21895837E+3,
562.500,1.11813513E+3,
562.6500,1.17327222E+3,
562.800,1.18856860E+3,
562.9500,1.08559607E+3,
563.100,1.10610278E+3,
563.2500,1.15808069E+3,
563.400,1.21018604E+3,
563.5500,1.10854883E+3,
563.700,1.08893518E+3,
563.8500,1.09380774E+3,
564.00,1.08464795E+3,
564.1500,1.01229358E+3,
564.300,1.09636267E+3,
564.4500,9.86815430E+2,
564.600,1.03577722E+3,
564.7500,1.00005530E+3,
564.900,1.04208081E+3,
565.0500,1.04699976E+3,
565.200,1.06432556E+3,
565.3500,1.03018274E+3,
565.500,1.02973804E+3,
565.6500,1.02038477E+3,
565.800,9.84256104E+2,
565.9500,1.01766064E+3,
566.100,1.16906177E+3,
566.2500,1.05770544E+3,
566.400,9.56830750E+2,
566.5500,9.68730591E+2,
566.700,1.00400464E+3,
566.8500,9.83614075E+2,
567.00,1.08559351E+3,
567.1500,1.02919373E+3,
567.300,9.99724915E+2,
567.4500,1.07677783E+3,
567.600,1.05814136E+3,
567.7500,9.61588745E+2,
567.900,9.98970276E+2,
568.0500,9.63856567E+2,
568.200,1.12499121E+3,
568.3500,1.08635596E+3,
568.500,1.09316931E+3,
568.6500,1.14924951E+3,
568.800,1.04290820E+3,
568.9500,1.11551514E+3,
569.100,1.16453357E+3,
569.2500,1.12752441E+3,
569.400,1.16017334E+3,
569.5500,1.14327295E+3,
569.700,1.16865491E+3,
569.8500,1.22726575E+3,
570.00,1.21775305E+3,
570.1500,1.11393530E+3,
570.300,1.12268347E+3,
570.4500,1.27589014E+3,
570.600,1.13652454E+3,
570.7500,1.14531970E+3,
570.900,1.14483984E+3,
571.0500,1.08851099E+3,
571.200,1.11955981E+3,
571.3500,1.03691309E+3,
571.500,1.10717432E+3,
571.6500,1.04114099E+3,
571.800,1.01425079E+3,
571.9500,1.07347473E+3,
572.100,1.11035840E+3,
572.2500,1.04594141E+3,
572.400,1.05844983E+3,
572.5500,1.13497888E+3,
572.700,1.17776428E+3,
572.8500,1.08103479E+3,
573.00,1.00107556E+3,
573.1500,1.03067688E+3,
573.300,9.94074768E+2,
573.4500,1.16970972E+3,
573.600,9.94617859E+2,
573.7500,1.04904736E+3,
573.900,1.11121777E+3,
574.0500,1.08971375E+3,
574.200,1.16734668E+3,
574.3500,1.10384265E+3,
574.500,1.19697083E+3,
574.6500,1.08165051E+3,
574.800,1.09638293E+3,
574.9500,1.18791174E+3,
575.100,1.07407422E+3,
575.2500,1.17349597E+3,
575.400,1.14603357E+3,
575.5500,1.15706799E+3,
575.700,1.08510229E+3,
575.8500,1.22173474E+3,
576.00,1.12256775E+3,
576.1500,1.17821082E+3,
576.300,1.12533264E+3,
576.4500,1.20636133E+3,
576.600,1.11058972E+3,
576.7500,1.26384302E+3,
576.900,1.08406006E+3,
577.0500,1.15955261E+3,
577.200,1.12966602E+3,
577.3500,1.12318506E+3,
577.500,1.10492993E+3,
577.6500,1.15135498E+3,
577.800,1.21752246E+3,
577.9500,1.19340430E+3,
578.100,1.24989160E+3,
578.2500,1.22372131E+3,
578.400,1.15408667E+3,
578.5500,1.32129272E+3,
578.700,1.28323865E+3,
578.8500,1.21540173E+3,
579.00,1.24649341E+3,
579.1500,1.17250793E+3,
579.300,1.19765967E+3,
579.4500,1.23877173E+3,
579.600,1.22224390E+3,
579.7500,1.30133167E+3,
579.900,1.18507458E+3,
580.0500,1.24632935E+3,
580.200,1.21776990E+3,
580.3500,1.33728247E+3,
580.500,1.19651648E+3,
580.6500,1.10960034E+3,
580.800,1.28563379E+3,
580.9500,1.21872375E+3,
581.100,1.18189392E+3,
581.2500,1.28811560E+3,
581.400,1.25129187E+3,
581.5500,1.19821094E+3,
581.700,1.31493140E+3,
581.8500,1.23546265E+3,
582.00,1.31599316E+3,
582.1500,1.25870898E+3,
582.300,1.17688928E+3,
582.4500,1.32483264E+3,
582.600,1.37125085E+3,
582.7500,1.17094006E+3,
582.900,1.32756689E+3,
583.0500,1.31076013E+3,
583.200,1.36763306E+3,
583.3500,1.24835266E+3,
583.500,1.29501648E+3,
583.6500,1.29863879E+3,
583.800,1.35986804E+3,
583.9500,1.21320496E+3,
584.100,1.32397803E+3,
584.2500,1.36894971E+3,
584.400,1.39335400E+3,
584.5500,1.41574158E+3,
584.700,1.39673364E+3,
584.8500,1.34655176E+3,
585.00,1.48735718E+3,
585.1500,1.26035486E+3,
585.300,1.33057007E+3,
585.4500,1.35925452E+3,
585.600,1.46731604E+3,
585.7500,1.30814832E+3,
585.900,1.44150293E+3,
586.0500,1.41386597E+3,
586.200,1.41129858E+3,
586.3500,1.40032239E+3,
586.500,1.42925098E+3,
586.6500,1.37196790E+3,
586.800,1.53785303E+3,
586.9500,1.44259082E+3,
587.100,1.39777393E+3,
587.2500,1.43951453E+3,
587.400,1.53425049E+3,
587.5500,1.41945337E+3,
587.700,1.53982239E+3,
587.8500,1.51819177E+3,
588.00,1.66869141E+3,
588.1500,1.69824963E+3,
588.300,1.75130371E+3,
588.4500,1.58051453E+3,
588.600,1.59724475E+3,
588.7500,1.67172693E+3,
588.900,1.70570923E+3,
589.0500,1.66265979E+3,
589.200,1.64531079E+3,
589.3500,1.71382056E+3,
589.500,1.80828699E+3,
589.6500,1.72860315E+3,
589.800,1.60993188E+3,
589.9500,1.74343176E+3,
590.100,1.68076868E+3,
590.2500,1.47090869E+3,
590.400,1.71966992E+3,
590.5500,1.79556677E+3,
590.700,1.76525671E+3,
590.8500,1.73703748E+3,
591.00,1.69785779E+3,
591.1500,1.73274133E+3,
591.300,1.89210132E+3,
591.4500,1.72409253E+3,
591.600,1.91228357E+3,
591.7500,1.96950403E+3,
591.900,1.95886475E+3,
592.0500,2.12605371E+3,
592.200,2.00769580E+3,
592.3500,2.06297485E+3,
592.500,2.08531616E+3,
592.6500,2.10329126E+3,
592.800,2.13676855E+3,
592.9500,2.30748853E+3,
593.100,2.24825952E+3,
593.2500,2.41287402E+3,
593.400,2.50682764E+3,
593.5500,2.58098950E+3,
593.700,2.55961694E+3,
593.8500,2.73205664E+3,
594.00,2.68179150E+3,
594.1500,2.51326709E+3,
594.300,2.62838086E+3,
594.4500,2.45932910E+3,
594.600,2.56568457E+3,
594.7500,2.49714648E+3,
594.900,2.44416406E+3,
595.0500,2.32803662E+3,
595.200,2.60171533E+3,
595.3500,2.41106470E+3,
595.500,2.39169678E+3,
595.6500,2.47186816E+3,
595.800,2.47744360E+3,
595.9500,2.42855566E+3,
596.100,2.47951294E+3,
596.2500,2.62616992E+3,
596.400,2.46102246E+3,
596.5500,2.60574243E+3,
596.700,2.57034351E+3,
596.8500,2.58974634E+3,
597.00,2.64813403E+3,
597.1500,2.64240601E+3,
597.300,2.83416992E+3,
597.4500,2.73436206E+3,
597.600,3.04876831E+3,
597.7500,2.96970874E+3,
597.900,2.85349683E+3,
598.0500,3.10220361E+3,
598.200,3.20571069E+3,
598.3500,3.18200513E+3,
598.500,3.37403613E+3,
598.6500,3.39228687E+3,
598.800,3.49199561E+3,
598.9500,3.42190234E+3,
599.100,3.65491602E+3,
599.2500,3.51489282E+3,
599.400,3.62705371E+3,
599.5500,3.76524805E+3,
599.700,3.55210059E+3,
599.8500,3.81261255E+3,
600.00,3.63890649E+3,
600.1500,3.87714526E+3,
600.300,3.67992310E+3,
600.4500,3.42310986E+3,
600.600,3.66201611E+3,
600.7500,3.89921899E+3,
600.900,3.82887573E+3,
601.0500,3.97216113E+3,
601.200,3.85701465E+3,
601.3500,4.05824756E+3,
601.500,4.01440137E+3,
601.6500,3.70523486E+3,
601.800,4.22293750E+3,
601.9500,4.11918799E+3,
602.100,4.25035156E+3,
602.2500,4.19444482E+3,
602.400,4.59335156E+3,
602.5500,4.43408594E+3,
602.700,4.77419141E+3,
602.8500,4.77672314E+3,
603.00,5.29519873E+3,
603.1500,5.34686328E+3,
603.300,5.77524854E+3,
603.4500,5.98348193E+3,
603.600,6.34584277E+3,
603.7500,6.23578906E+3,
603.900,6.93199805E+3,
604.0500,7.24097900E+3,
604.200,7.19281494E+3,
604.3500,7.27460107E+3,
604.500,7.31479980E+3,
604.6500,7.40433984E+3,
604.800,7.27216943E+3,
604.9500,7.51002930E+3,
605.100,7.61010693E+3,
605.2500,7.75010303E+3,
605.400,8.21791504E+3,
605.5500,8.45355273E+3,
605.700,8.54058984E+3,
605.8500,9.44752930E+3,
606.00,9.80817285E+3,
606.1500,1.07202734E+4,
606.300,1.10719971E+4,
606.4500,1.13746318E+4,
606.600,1.23207881E+4,
606.7500,1.26915225E+4,
606.900,1.25194541E+4,
607.0500,1.20493506E+4,
607.200,1.18684775E+4,
607.3500,1.15706260E+4,
607.500,1.13148760E+4,
607.6500,1.08933613E+4,
607.800,1.09381045E+4,
607.9500,1.14156563E+4,
608.100,1.16778750E+4,
608.2500,1.19637930E+4,
608.400,1.25343740E+4,
608.5500,1.28044463E+4,
608.700,1.31727695E+4,
608.8500,1.28460391E+4,
609.00,1.30070596E+4,
609.1500,1.30351865E+4,
609.300,1.33007549E+4,
609.4500,1.33758506E+4,
609.600,1.34355869E+4,
609.7500,1.34410059E+4,
609.900,1.37606152E+4,
610.0500,1.44117393E+4,
610.200,1.41067783E+4,
610.3500,1.52202402E+4,
610.500,1.56080547E+4,
610.6500,1.64420898E+4,
610.800,1.65734102E+4,
610.9500,1.72592344E+4,
611.100,1.79707344E+4,
611.2500,1.86580313E+4,
611.400,1.95981387E+4,
611.5500,1.98090430E+4,
611.700,1.96764258E+4,
611.8500,2.01398555E+4,
612.00,1.97602031E+4,
612.1500,1.98974805E+4,
612.300,1.91879707E+4,
612.4500,1.87670078E+4,
612.600,1.81843164E+4,
612.7500,1.75569121E+4,
612.900,1.69945117E+4,
613.0500,1.62640410E+4,
613.200,1.60587070E+4,
613.3500,1.47887949E+4,
613.500,1.45182754E+4,
613.6500,1.39253271E+4,
613.800,1.41233154E+4,
613.9500,1.38313086E+4,
614.100,1.38132451E+4,
614.2500,1.32134854E+4,
614.400,1.27206426E+4,
614.5500,1.30146035E+4,
614.700,1.29268936E+4,
614.8500,1.34492881E+4,
615.00,1.27833203E+4,
615.1500,1.32527305E+4,
615.300,1.33549795E+4,
615.4500,1.32067441E+4,
615.600,1.30054863E+4,
615.7500,1.28892188E+4,
615.900,1.24816592E+4,
616.0500,1.23085410E+4,
616.200,1.24962002E+4,
616.3500,1.22584648E+4,
616.500,1.21230615E+4,
616.6500,1.22469531E+4,
616.800,1.22704629E+4,
616.9500,1.21202256E+4,
617.100,1.18349844E+4,
617.2500,1.20214082E+4,
617.400,1.20534697E+4,
617.5500,1.20601719E+4,
617.700,1.23411094E+4,
617.8500,1.20055449E+4,
618.00,1.19127559E+4,
618.1500,1.19170303E+4,
618.300,1.21461768E+4,
618.4500,1.20595049E+4,
618.600,1.17895859E+4,
618.7500,1.16360156E+4,
618.900,1.20066230E+4,
619.0500,1.20511807E+4,
619.200,1.23408652E+4,
619.3500,1.28564385E+4,
619.500,1.33651719E+4,
619.6500,1.34792666E+4,
619.800,1.42749785E+4,
619.9500,1.42980908E+4,
620.100,1.45744141E+4,
620.2500,1.51257256E+4,
620.400,1.52526348E+4,
620.5500,1.54237998E+4,
620.700,1.53288291E+4,
620.8500,1.54037363E+4,
621.00,1.52994111E+4,
621.1500,1.45783379E+4,
621.300,1.43239863E+4,
621.4500,1.38675762E+4,
621.600,1.34983438E+4,
621.7500,1.33117480E+4,
621.900,1.26546455E+4,
622.0500,1.21022734E+4,
622.200,1.17804932E+4,
622.3500,1.16548027E+4,
622.500,1.14477676E+4,
622.6500,1.11019766E+4,
622.800,1.10644180E+4,
622.9500,1.10628203E+4,
623.100,1.00571064E+4,
623.2500,1.06791729E+4,
623.400,1.02472197E+4,
623.5500,9.88340332E+3,
623.700,9.62456445E+3,
623.8500,9.56860547E+3,
624.00,9.81414648E+3,
624.1500,9.17248828E+3,
624.300,9.30236426E+3,
624.4500,9.48171484E+3,
624.600,9.19501563E+3,
624.7500,9.41472168E+3,
624.900,9.24695117E+3,
625.0500,9.34725781E+3,
625.200,9.01219824E+3,
625.3500,8.90202832E+3,
625.500,9.28498828E+3,
625.6500,9.10641895E+3,
625.800,9.12654785E+3,
625.9500,9.35275977E+3,
626.100,8.92001270E+3,
626.2500,8.74262109E+3,
626.400,9.01661035E+3,
626.5500,8.78202637E+3,
626.700,8.61270410E+3,
626.8500,8.68896973E+3,
627.00,9.04385449E+3,
627.1500,8.10698926E+3,
627.300,8.03655225E+3,
627.4500,7.89583936E+3,
627.600,7.85335742E+3,
627.7500,7.87773828E+3,
627.900,7.28792432E+3,
628.0500,7.37541357E+3,
628.200,7.33806592E+3,
628.3500,6.94339307E+3,
628.500,6.90178760E+3,
628.6500,6.81478125E+3,
628.800,6.75976318E+3,
628.9500,6.51972021E+3,
629.100,6.44775146E+3,
629.2500,6.32671729E+3,
629.400,6.19215186E+3,
629.5500,5.98842334E+3,
629.700,6.07848926E+3,
629.8500,6.07376172E+3,
630.00,6.21356787E+3,
630.1500,5.88654541E+3,
630.300,5.94745654E+3,
630.4500,6.08790820E+3,
630.600,6.11628418E+3,
630.7500,5.70346143E+3,
630.900,6.12009717E+3,
631.0500,6.55172168E+3,
631.200,5.91722363E+3,
631.3500,6.20981445E+3,
631.500,6.38626465E+3,
631.6500,6.33173730E+3,
631.800,6.36105322E+3,
631.9500,6.74436963E+3,
632.100,6.57535449E+3,
632.2500,6.76435010E+3,
632.400,7.14394434E+3,
632.5500,6.93726758E+3,
632.700,7.06674951E+3,
632.8500,7.30585205E+3,
633.00,6.87603516E+3,
633.1500,7.16002441E+3,
633.300,7.62692139E+3,
633.4500,7.33590869E+3,
633.600,7.30548926E+3,
633.7500,7.10926465E+3,
633.900,7.19579004E+3,
634.0500,7.43854297E+3,
634.200,7.20669287E+3,
634.3500,7.25215283E+3,
634.500,6.87606445E+3,
634.6500,6.80576221E+3,
634.800,6.70015430E+3,
634.9500,6.92714746E+3,
635.100,6.86021338E+3,
635.2500,6.82479248E+3,
635.400,6.78920264E+3,
635.5500,6.64387354E+3,
635.700,6.72810986E+3,
635.8500,6.55362842E+3,
636.00,6.38552051E+3,
636.1500,6.40944238E+3,
636.300,6.63335254E+3,
636.4500,6.32153760E+3,
636.600,6.15896240E+3,
636.7500,6.06034766E+3,
636.900,5.81730957E+3,
637.0500,5.69942334E+3,
637.200,5.67851563E+3,
637.3500,5.51623584E+3,
637.500,5.49481250E+3,
637.6500,5.60783984E+3,
637.800,5.26577734E+3,
637.9500,5.26554980E+3,
638.100,5.19925195E+3,
638.2500,5.25355713E+3,
638.400,5.19418359E+3,
638.5500,5.12718164E+3,
638.700,5.05252295E+3,
638.8500,4.91102783E+3,
639.00,4.92816016E+3,
639.1500,5.09776221E+3,
639.300,5.14534082E+3,
639.4500,5.12604346E+3,
639.600,5.40900635E+3,
639.7500,4.84399707E+3,
639.900,4.86887402E+3,
640.0500,5.12683301E+3,
640.200,4.98342285E+3,
640.3500,5.05060156E+3,
640.500,5.25033984E+3,
640.6500,5.35999805E+3,
640.800,5.36000293E+3,
640.9500,5.34477588E+3,
641.100,5.24557813E+3,
641.2500,4.81356641E+3,
641.400,5.34445703E+3,
641.5500,5.16013867E+3,
641.700,5.15187744E+3,
641.8500,4.92008643E+3,
642.00,4.47106982E+3,
642.1500,4.61202832E+3,
642.300,4.45112305E+3,
642.4500,4.13799561E+3,
642.600,4.01820703E+3,
642.7500,3.97203027E+3,
642.900,3.69104346E+3,
643.0500,3.53813599E+3,
643.200,3.71043604E+3,
643.3500,3.37981055E+3,
643.500,3.48543652E+3,
643.6500,3.39789160E+3,
643.800,3.15158813E+3,
643.9500,3.12246118E+3,
644.100,3.15283252E+3,
644.2500,2.79287158E+3,
644.400,3.11809692E+3,
644.5500,2.92856201E+3,
644.700,2.75426367E+3,
644.8500,2.57520483E+3,
645.00,2.62083496E+3,
645.1500,2.56595776E+3,
645.300,2.68468604E+3,
645.4500,2.63373730E+3,
645.600,2.80588892E+3,
645.7500,2.63694287E+3,
645.900,2.45094702E+3,
646.0500,2.50121216E+3,
646.200,2.56405688E+3,
646.3500,2.59432397E+3,
646.500,2.47660913E+3,
646.6500,2.73768408E+3,
646.800,2.47098438E+3,
646.9500,2.84084302E+3,
647.100,2.43201099E+3,
647.2500,2.62444482E+3,
647.400,2.45507031E+3,
647.5500,2.48545239E+3,
647.700,2.62061621E+3,
647.8500,2.49623950E+3,
648.00,2.55630786E+3,
648.1500,2.63337671E+3,
648.300,2.68542310E+3,
648.4500,2.33570483E+3,
648.600,2.66294067E+3,
648.7500,2.50712988E+3,
648.900,2.40600513E+3,
649.0500,2.35992725E+3,
649.200,2.38637866E+3,
649.3500,2.28435596E+3,
649.500,2.44388159E+3,
649.6500,2.53952026E+3,
649.800,2.28615967E+3,
649.9500,2.53314526E+3,
650.100,2.46074292E+3,
650.2500,2.47491553E+3,
650.400,2.63274561E+3,
650.5500,2.73456616E+3,
650.700,2.74941211E+3,
650.8500,3.06658618E+3,
651.00,3.19197534E+3,
651.1500,3.64370264E+3,
651.300,3.84164722E+3,
651.4500,4.81851855E+3,
651.600,4.92253223E+3,
651.7500,5.40446436E+3,
651.900,5.82626074E+3,
652.0500,6.14727441E+3,
652.200,6.25945264E+3,
652.3500,5.67305273E+3,
652.500,5.78011475E+3,
652.6500,5.32948291E+3,
652.800,4.83618506E+3,
652.9500,4.17335596E+3,
653.100,3.89723120E+3,
653.2500,3.46995947E+3,
653.400,3.24559546E+3,
653.5500,3.03388940E+3,
653.700,2.86694727E+3,
653.8500,2.81380786E+3,
654.00,2.73745093E+3,
654.1500,2.76672021E+3,
654.300,2.73150903E+3,
654.4500,3.18170898E+3,
654.600,2.84134131E+3,
654.7500,2.77350122E+3,
654.900,3.03128418E+3,
655.0500,2.83754443E+3,
655.200,2.82069043E+3,
655.3500,3.05223511E+3,
655.500,2.79610229E+3,
655.6500,3.20290991E+3,
655.800,2.85621094E+3,
655.9500,2.73503516E+3,
656.100,2.79824194E+3,
656.2500,2.80467725E+3,
656.400,2.80160181E+3,
656.5500,2.33526147E+3,
656.700,2.47944775E+3,
656.8500,2.35561938E+3,
657.00,2.32257300E+3,
657.1500,2.41956055E+3,
657.300,2.49282837E+3,
657.4500,2.42116089E+3,
657.600,2.19382959E+3,
657.7500,2.63192114E+3,
657.900,2.33085498E+3,
658.0500,2.45850024E+3,
658.200,2.42020752E+3,
658.3500,2.41609473E+3,
658.500,2.34303833E+3,
658.6500,2.36830664E+3,
658.800,2.45302563E+3,
658.9500,2.50343677E+3,
659.100,2.23604077E+3,
659.2500,2.20643896E+3,
659.400,2.32146777E+3,
659.5500,2.13176978E+3,
659.700,2.25717578E+3,
659.8500,2.00607825E+3,
660.00,2.02088513E+3,
660.1500,2.15199780E+3,
660.300,1.93939148E+3,
660.4500,1.94909778E+3,
660.600,2.09112402E+3,
660.7500,1.73911475E+3,
660.900,2.08579028E+3,
661.0500,1.95757446E+3,
661.200,2.25004517E+3,
661.3500,2.17316040E+3,
661.500,2.24559375E+3,
661.6500,2.31837305E+3,
661.800,2.45893286E+3,
661.9500,2.64697827E+3,
662.100,2.79426099E+3,
662.2500,2.70710156E+3,
662.400,2.68236694E+3,
662.5500,2.84656201E+3,
662.700,2.50612451E+3,
662.8500,2.62844800E+3,
663.00,2.43919165E+3,
663.1500,2.33907202E+3,
663.300,2.46707617E+3,
663.4500,2.21727100E+3,
663.600,2.21735107E+3,
663.7500,1.94425952E+3,
663.900,2.02955798E+3,
664.0500,1.86225269E+3,
664.200,1.68326965E+3,
664.3500,1.50882764E+3,
664.500,1.63711523E+3,
664.6500,1.47258081E+3,
664.800,1.37261084E+3,
664.9500,1.25577844E+3,
665.100,1.25329395E+3,
665.2500,1.31112732E+3,
665.400,1.24275562E+3,
665.5500,1.15751453E+3,
665.700,1.16579077E+3,
665.8500,1.12425574E+3,
666.00,1.21575061E+3,
666.1500,1.24647681E+3,
666.300,1.27734143E+3,
666.4500,1.09029175E+3,
666.600,1.07047864E+3,
666.7500,9.55059265E+2,
666.900,1.13754980E+3,
667.0500,1.02737988E+3,
667.200,1.06381543E+3,
667.3500,1.00399243E+3,
667.500,1.12014038E+3,
667.6500,9.34759583E+2,
667.800,9.99870361E+2,
667.9500,9.79382935E+2,
668.100,9.81814941E+2,
668.2500,9.32479492E+2,
668.400,1.07908997E+3,
668.5500,9.77674011E+2,
668.700,8.69944397E+2,
668.8500,9.76792908E+2,
669.00,7.86901489E+2,
669.1500,8.47401306E+2,
669.300,9.66806152E+2,
669.4500,9.86962524E+2,
669.600,9.48316650E+2,
669.7500,9.09463013E+2,
669.900,8.23032593E+2,
670.0500,7.30197876E+2,
670.200,8.21372681E+2,
670.3500,8.05602661E+2,
670.500,8.43592651E+2,
670.6500,7.73804138E+2,
670.800,9.08125183E+2,
670.9500,9.28578186E+2,
671.100,8.40238708E+2,
671.2500,7.87775391E+2,
671.400,8.44395447E+2,
671.5500,7.49044922E+2,
671.700,8.42470825E+2,
671.8500,7.46635559E+2,
672.00,9.20266663E+2,
672.1500,8.17920227E+2,
672.300,7.52065186E+2,
672.4500,8.40373108E+2,
672.600,6.87533386E+2,
672.7500,8.19563660E+2,
672.900,7.59289490E+2,
673.0500,9.29565002E+2,
673.200,8.56793396E+2,
673.3500,7.96198853E+2,
673.500,7.03879822E+2,
673.6500,7.11905762E+2,
673.800,1.06100281E+3,
673.9500,7.72380981E+2,
674.100,8.56831543E+2,
674.2500,8.71736877E+2,
674.400,8.80335388E+2,
674.5500,8.82575989E+2,
674.700,6.15530518E+2,
674.8500,7.97086853E+2,
675.00,7.92675171E+2,
675.1500,7.88269348E+2,
675.300,7.64401062E+2,
675.4500,7.85869812E+2,
675.600,9.24655212E+2,
675.7500,7.76900452E+2,
675.900,6.48009888E+2,
676.0500,7.41579590E+2,
676.200,5.98777100E+2,
676.3500,6.59733521E+2,
676.500,7.47467834E+2,
676.6500,6.56592590E+2,
676.800,7.11526550E+2,
676.9500,9.20099060E+2,
677.100,7.82151611E+2,
677.2500,6.43468384E+2,
677.400,6.65339355E+2,
677.5500,6.33414185E+2,
677.700,7.02662598E+2,
677.8500,7.45178101E+2,
678.00,7.19992554E+2,
678.1500,5.37995850E+2,
678.300,6.28158386E+2,
678.4500,8.48856140E+2,
678.600,6.24575806E+2,
678.7500,6.88138367E+2,
678.900,7.58929871E+2,
679.0500,8.02401855E+2,
679.200,6.44951904E+2,
679.3500,6.39650635E+2,
679.500,6.41289429E+2,
679.6500,7.75713928E+2,
679.800,7.21652222E+2,
679.9500,6.74335144E+2,
680.100,6.28920227E+2,
680.2500,5.45626221E+2,
680.400,5.68453430E+2,
680.5500,6.55530701E+2,
680.700,7.21653564E+2,
680.8500,7.23654785E+2,
681.00,5.31674011E+2,
681.1500,5.76357422E+2,
681.300,6.79075195E+2,
681.4500,6.37474243E+2,
681.600,5.88376587E+2,
681.7500,6.91966980E+2,
681.900,6.13527039E+2,
682.0500,6.15204224E+2,
682.200,6.97648560E+2,
682.3500,6.84809021E+2,
682.500,6.42362488E+2,
682.6500,6.51507263E+2,
682.800,6.68120300E+2,
682.9500,8.03920959E+2,
683.100,6.79203308E+2,
683.2500,8.68123413E+2,
683.400,6.67851440E+2,
683.5500,6.92219727E+2,
683.700,8.07249695E+2,
683.8500,6.12742004E+2,
684.00,7.66096069E+2,
684.1500,5.09575775E+2,
684.300,6.93980713E+2,
684.4500,5.35276123E+2,
684.600,5.67395325E+2,
684.7500,6.84256714E+2,
684.900,6.16730591E+2,
685.0500,7.49812561E+2,
685.200,7.75097595E+2,
685.3500,5.59583435E+2,
685.500,5.84480835E+2,
685.6500,5.23554443E+2,
685.800,7.36534241E+2,
685.9500,6.99254028E+2,
686.100,7.87809814E+2,
686.2500,7.82045410E+2,
686.400,7.12879456E+2,
686.5500,7.06871033E+2,
686.700,7.56575562E+2,
686.8500,7.02732849E+2,
687.00,7.12651855E+2,
687.1500,8.18990051E+2,
687.300,7.00468689E+2,
687.4500,7.02395386E+2,
687.600,9.14816895E+2,
687.7500,8.36156006E+2,
687.900,6.67513062E+2,
688.0500,7.59143738E+2,
688.200,7.61237305E+2,
688.3500,7.22297974E+2,
688.500,7.81906433E+2,
688.6500,8.66601563E+2,
688.800,7.28302490E+2,
688.9500,6.72225586E+2,
689.100,8.07210876E+2,
689.2500,8.09403381E+2,
689.400,7.69769104E+2,
689.5500,7.46692810E+2,
689.700,7.99202393E+2,
689.8500,7.00152893E+2,
690.00,8.03564941E+2,
690.1500,7.46363403E+2,
690.300,8.33420105E+2,
690.4500,6.05436035E+2,
690.600,8.46481750E+2,
690.7500,6.68729309E+2,
690.900,8.33877441E+2,
691.0500,9.91301147E+2,
691.200,6.05048645E+2,
691.3500,6.67371948E+2,
691.500,6.77887573E+2,
691.6500,7.32031311E+2,
691.800,8.65113037E+2,
691.9500,8.06147766E+2,
692.100,7.55644104E+2,
692.2500,8.10589172E+2,
692.400,7.50978455E+2,
692.5500,8.15064453E+2,
692.700,6.57405518E+2,
692.8500,7.21580261E+2,
693.00,8.12905579E+2,
693.1500,9.31577881E+2,
693.300,9.25145752E+2,
693.4500,7.74569397E+2,
693.600,1.05666492E+3,
693.7500,8.24106262E+2,
693.900,1.07155823E+3,
694.0500,8.10431458E+2,
694.200,8.85714172E+2,
694.3500,8.60688110E+2,
694.500,8.07974670E+2,
694.6500,9.02276733E+2,
694.800,1.04325549E+3,
694.9500,7.59148499E+2,
695.100,9.65521057E+2,
695.2500,9.96175720E+2,
695.400,7.84254211E+2,
695.5500,1.05798999E+3,
695.700,9.67092163E+2,
695.8500,7.90930298E+2,
696.00,8.59269958E+2,
696.1500,1.07001453E+3,
696.300,8.35635681E+2,
696.4500,1.06654102E+3,
696.600,8.02166626E+2,
696.7500,8.23589294E+2,
696.900,9.50771118E+2,
697.0500,8.18611206E+2,
697.200,8.40188416E+2,
697.3500,8.81247864E+2,
697.500,9.80795166E+2,
697.6500,8.95873108E+2,
697.800,8.98355652E+2,
697.9500,9.30224731E+2,
698.100,9.13171265E+2,
698.2500,9.74789612E+2,
698.400,8.49145569E+2,
698.5500,1.16835217E+3,
698.700,8.34028687E+2,
698.8500,9.85706360E+2,
699.00,9.68491577E+2,
699.1500,8.51082825E+2,
699.300,8.83618103E+2,
699.4500,1.02710132E+3,
699.600,9.89625610E+2,
699.7500,6.98758118E+2,
699.900,1.00542010E+3,
700.0500,1.21195105E+3,
700.200,9.29371521E+2,
700.3500,8.50034180E+2,
700.500,7.70248901E+2,
700.6500,9.16585449E+2,
700.800,9.60459290E+2,
700.9500,7.97447327E+2,
701.100,8.51549866E+2,
701.2500,8.22609253E+2,
701.400,7.72627258E+2,
701.5500,9.21282104E+2,
701.700,9.23775330E+2,
701.8500,9.68379578E+2,
702.00,8.44350586E+2,
702.1500,9.10134827E+2,
702.300,9.55045837E+2,
702.4500,9.04434082E+2,
702.600,1.01358105E+3,
702.7500,9.84238770E+2,
702.900,8.68914185E+2,
703.0500,1.12947681E+3,
703.200,9.49298706E+2,
703.3500,1.34145081E+3,
703.500,9.33008179E+2,
703.6500,1.31646143E+3,
703.800,1.21110461E+3,
703.9500,1.22550403E+3,
704.100,1.09740369E+3,
704.2500,8.80527405E+2,
704.400,1.23640125E+3,
704.5500,1.16257092E+3,
704.700,1.31039880E+3,
704.8500,1.29202698E+3,
705.00,1.16182446E+3,
705.1500,1.16527588E+3,
705.300,1.07883545E+3,
705.4500,1.16094678E+3,
705.600,1.11918579E+3,
705.7500,1.15653967E+3,
705.900,1.25097424E+3,
706.0500,1.15202893E+3,
706.200,1.26979883E+3,
706.3500,1.44561670E+3,
706.500,9.89584961E+2,
706.6500,1.21176343E+3,
706.800,1.22689844E+3,
706.9500,1.39303052E+3,
707.100,1.37383179E+3,
707.2500,1.19102930E+3,
707.400,1.29992395E+3,
707.5500,1.31548486E+3,
707.700,1.48427295E+3,
707.8500,1.46501160E+3,
708.00,1.22048999E+3,
708.1500,1.54487378E+3,
708.300,1.34673120E+3,
708.4500,1.37453442E+3,
708.600,1.10281213E+3,
708.7500,1.55081738E+3,
708.900,1.54326331E+3,
709.0500,1.59603967E+3,
709.200,1.26097241E+3,
709.3500,1.16720349E+3,
709.500,1.15825195E+3,
709.6500,1.34486255E+3,
709.800,1.22600220E+3,
709.9500,1.41382947E+3,
710.100,1.01088507E+3,
710.2500,1.13724915E+3,
710.400,1.11555627E+3,
710.5500,1.25531226E+3,
710.700,1.33351404E+3,
710.8500,1.13720605E+3,
711.00,1.14031299E+3,
711.1500,1.18118677E+3,
711.300,1.26008228E+3,
711.4500,1.02351508E+3,
711.600,1.05171545E+3,
711.7500,9.91121460E+2,
711.900,1.13405994E+3,
712.0500,1.21391858E+3,
712.200,9.86713379E+2,
712.3500,1.06662903E+3,
712.500,9.66568848E+2,
712.6500,1.02102570E+3,
712.800,1.03690356E+3,
712.9500,1.05286682E+3,
713.100,7.95131653E+2,
713.2500,1.03263806E+3,
713.400,1.02241943E+3,
713.5500,1.30131885E+3,
713.700,1.14678784E+3,
713.8500,1.37471790E+3,
714.00,1.17974451E+3,
714.1500,1.01021002E+3,
714.300,9.99678284E+2,
714.4500,1.14947461E+3,
714.600,1.23308167E+3,
714.7500,1.04834180E+3,
714.900,1.05125671E+3,
715.0500,1.28397583E+3,
715.200,9.35250122E+2,
715.3500,1.10105859E+3,
715.500,1.09059485E+3,
715.6500,1.20311182E+3,
715.800,1.09689246E+3,
715.9500,1.16881287E+3,
716.100,1.03431946E+3,
716.2500,1.28632910E+3,
716.400,1.29011890E+3,
716.5500,1.09913867E+3,
716.700,1.15820007E+3,
716.8500,1.20360901E+3,
717.00,1.01065399E+3,
717.1500,1.08398376E+3,
717.300,1.04478430E+3,
717.4500,9.62871155E+2,
717.600,7.95267090E+2,
717.7500,7.83348267E+2,
717.900,1.11418115E+3,
718.0500,1.10309460E+3,
718.200,8.90754028E+2,
718.3500,9.22128235E+2,
718.500,9.68128113E+2,
718.6500,9.56424194E+2,
718.800,9.88245361E+2,
718.9500,9.03645996E+2,
719.100,8.91613647E+2,
719.2500,1.07005334E+3,
719.400,8.67305298E+2,
719.5500,1.28255945E+3,
719.700,1.03489417E+3,
719.8500,1.06750842E+3,
720.00,1.20438684E+3,
720.1500,7.60473083E+2,
720.300,8.82265381E+2,
720.4500,1.12471729E+3,
720.600,8.27143494E+2,
720.7500,1.02556812E+3,
720.900,9.22623779E+2,
721.0500,1.00108307E+3,
721.200,9.88677612E+2,
721.3500,1.14398145E+3,
721.500,9.33050659E+2,
721.6500,1.22711365E+3,
721.800,1.01521686E+3,
721.9500,1.24945691E+3,
722.100,1.19104541E+3,
722.2500,1.39595654E+3,
722.400,1.22871143E+3,
722.5500,1.23209424E+3,
722.700,1.17293347E+3,
722.8500,1.01934674E+3,
723.00,1.08506384E+3,
723.1500,1.19848694E+3,
723.300,9.48822754E+2,
723.4500,7.92901733E+2,
723.600,1.11317676E+3,
723.7500,1.10035608E+3,
723.900,9.75514465E+2,
724.0500,1.10658655E+3,
724.200,1.17413110E+3,
724.3500,7.58141785E+2,
724.500,1.08389612E+3,
724.6500,7.78782776E+2,
724.800,9.43770264E+2,
724.9500,9.30203125E+2,
725.100,1.27659253E+3,
725.2500,1.42799744E+3,
725.400,1.21812634E+3,
725.5500,1.46927795E+3,
725.700,1.35763330E+3,
725.8500,1.52761047E+3,
726.00,1.49873535E+3,
726.1500,1.18564551E+3,
726.300,1.23920483E+3,
726.4500,1.14192212E+3,
726.600,1.04408716E+3,
726.7500,7.93709717E+2,
726.900,9.99163086E+2,
727.0500,9.51006531E+2,
727.200,8.00359680E+2,
727.3500,1.00747064E+3,
727.500,7.87648682E+2,
727.6500,9.10010742E+2,
727.800,7.57565369E+2,
727.9500,7.25127991E+2,
728.100,9.52175842E+2,
728.2500,8.15901367E+2,
728.400,9.22576965E+2,
728.5500,8.37829346E+2,
728.700,8.05120850E+2,
728.8500,9.30184753E+2,
729.00,9.67937439E+2,
729.1500,7.76516479E+2,
729.300,8.31782715E+2,
729.4500,8.69608093E+2,
729.600,4.98313110E+2,
729.7500,5.53253296E+2,
729.900,9.30648254E+2,
730.0500,6.46116699E+2,
730.200,8.09952576E+2,
730.3500,7.58117126E+2,
730.500,7.78389465E+2,
730.6500,8.35083069E+2,
730.800,8.37478943E+2,
730.9500,7.48592773E+2,
731.100,8.78872559E+2,
731.2500,6.60996582E+2,
731.400,6.26021912E+2,
731.5500,6.09311401E+2,
731.700,7.59145813E+2,
731.8500,6.31302795E+2,
732.00,9.30995422E+2,
732.1500,6.53492676E+2,
732.300,8.98690002E+2,
732.4500,8.07299011E+2,
732.600,6.77745911E+2,
732.7500,8.11769470E+2,
732.900,7.19365112E+2,
733.0500,8.54256287E+2,
733.200,7.04374573E+2,
733.3500,9.54551941E+2,
733.500,1.09127332E+3,
733.6500,1.15196924E+3,
733.800,1.57883020E+3,
733.9500,1.35161475E+3,
734.100,1.33612720E+3,
734.2500,1.49533777E+3,
734.400,1.42175037E+3,
734.5500,1.62118091E+3,
734.700,2.17435669E+3,
734.8500,2.41640039E+3,
735.00,1.89143958E+3,
735.1500,2.37103638E+3,
735.300,2.19946289E+3,
735.4500,2.12625586E+3,
735.600,1.71383777E+3,
735.7500,1.85864026E+3,
735.900,1.24264514E+3,
736.0500,1.52755371E+3,
736.200,1.67284961E+3,
736.3500,1.61683569E+3,
736.500,9.11983398E+2,
736.6500,1.17869861E+3,
736.800,1.36537109E+3,
736.9500,1.71655469E+3,
737.100,1.82359949E+3,
737.2500,1.27371436E+3,
737.400,1.54484204E+3,
737.5500,1.96195728E+3,
737.700,1.84289355E+3,
737.8500,1.66090833E+3,
738.00,1.79019617E+3,
738.1500,2.52517871E+3,
738.300,2.53161279E+3,
738.4500,2.72685107E+3,
738.600,2.98616357E+3,
738.7500,2.69863013E+3,
738.900,3.65669824E+3,
739.0500,3.64493530E+3,
739.200,3.65448096E+3,
739.3500,3.60015210E+3,
739.500,3.90861816E+3,
739.6500,4.17586475E+3,
739.800,3.24212012E+3,
739.9500,3.05690479E+3,
740.100,2.93570190E+3,
740.2500,2.16457300E+3,
740.400,2.08374512E+3,
740.5500,1.76303235E+3,
740.700,2.16079639E+3,
740.8500,1.68528796E+3,
741.00,1.29491577E+3,
741.1500,1.36454126E+3,
741.300,1.16970703E+3,
741.4500,1.15083313E+3,
741.600,9.09917358E+2,
741.7500,8.67947266E+2,
741.900,8.48056519E+2,
742.0500,7.16130981E+2,
742.200,7.40516602E+2,
742.3500,6.52527100E+2,
742.500,7.89677185E+2,
742.6500,7.01335876E+2,
742.800,6.12507996E+2,
742.9500,5.91434082E+2,
743.100,4.56195374E+2,
743.2500,7.54787842E+2,
743.400,6.88056580E+2,
743.5500,4.82964233E+2,
743.700,7.61033569E+2,
743.8500,6.24380310E+2,
744.00,3.47835297E+2,
744.1500,3.72055786E+2,
744.300,4.66363586E+2,
744.4500,6.07961365E+2,
744.600,8.91036926E+2,
744.7500,4.70276306E+2,
744.900,6.60228027E+2,
745.0500,6.38415527E+2,
745.200,5.69031006E+2,
745.3500,4.51714996E+2,
745.500,8.34385132E+2,
745.6500,6.45434021E+2,
745.800,7.19117310E+2,
745.9500,5.52838257E+2,
746.100,5.54311096E+2,
746.2500,6.04092590E+2,
746.400,8.23724365E+2,
746.5500,5.10108398E+2,
746.700,8.28063110E+2,
746.8500,9.52339355E+2,
747.00,1.00381757E+3,
747.1500,1.34992041E+3,
747.300,8.36564636E+2,
747.4500,8.38640015E+2,
747.600,8.90176636E+2,
747.7500,6.94080444E+2,
747.900,5.71556458E+2,
748.0500,7.72272278E+2,
748.200,6.99262512E+2,
748.3500,5.00710327E+2,
748.500,3.76463806E+2,
748.6500,4.52878082E+2,
748.800,5.29670044E+2,
748.9500,5.30986938E+2,
749.100,5.83072021E+2,
749.2500,4.06696777E+2,
749.400,4.84242004E+2,
749.5500,5.87754089E+2,
749.700,3.07474670E+2,
749.8500,2.56915100E+2,
750.00,4.37926697E+2,
