x-axis;
520.00;
520.100;
520.200;
520.300;
520.400;
520.500;
520.600;
520.700;
520.800;
520.900;
521.00;
521.100;
521.200;
521.300;
521.400;
521.500;
521.600;
521.700;
521.800;
521.900;
522.00;
522.100;
522.200;
522.300;
522.400;
522.500;
522.600;
522.700;
522.800;
522.900;
523.00;
523.100;
523.200;
523.300;
523.400;
523.500;
523.600;
523.700;
523.800;
523.900;
524.00;
524.100;
524.200;
524.300;
524.400;
524.500;
524.600;
524.700;
524.800;
524.900;
525.00;
525.100;
525.200;
525.300;
525.400;
525.500;
525.600;
525.700;
525.800;
525.900;
526.00;
526.100;
526.200;
526.300;
526.400;
526.500;
526.600;
526.700;
526.800;
526.900;
527.00;
527.100;
527.200;
527.300;
527.400;
527.500;
527.600;
527.700;
527.800;
527.900;
528.00;
528.100;
528.200;
528.300;
528.400;
528.500;
528.600;
528.700;
528.800;
528.900;
529.00;
529.100;
529.200;
529.300;
529.400;
529.500;
529.600;
529.700;
529.800;
529.900;
530.00;
530.100;
530.200;
530.300;
530.400;
530.500;
530.600;
530.700;
530.800;
530.900;
531.00;
531.100;
531.200;
531.300;
531.400;
531.500;
531.600;
531.700;
531.800;
531.900;
532.00;
532.100;
532.200;
532.300;
532.400;
532.500;
532.600;
532.700;
532.800;
532.900;
533.00;
533.100;
533.200;
533.300;
533.400;
533.500;
533.600;
533.700;
533.800;
533.900;
534.00;
534.100;
534.200;
534.300;
534.400;
534.500;
534.600;
534.700;
534.800;
534.900;
535.00;
535.100;
535.200;
535.300;
535.400;
535.500;
535.600;
535.700;
535.800;
535.900;
536.00;
536.100;
536.200;
536.300;
536.400;
536.500;
536.600;
536.700;
536.800;
536.900;
537.00;
537.100;
537.200;
537.300;
537.400;
537.500;
537.600;
537.700;
537.800;
537.900;
538.00;
538.100;
538.200;
538.300;
538.400;
538.500;
538.600;
538.700;
538.800;
538.900;
539.00;
539.100;
539.200;
539.300;
539.400;
539.500;
539.600;
539.700;
539.800;
539.900;
540.00;
540.100;
540.200;
540.300;
540.400;
540.500;
540.600;
540.700;
540.800;
540.900;
541.00;
541.100;
541.200;
541.300;
541.400;
541.500;
541.600;
541.700;
541.800;
541.900;
542.00;
542.100;
542.200;
542.300;
542.400;
542.500;
542.600;
542.700;
542.800;
542.900;
543.00;
543.100;
543.200;
543.300;
543.400;
543.500;
543.600;
543.700;
543.800;
543.900;
544.00;
544.100;
544.200;
544.300;
544.400;
544.500;
544.600;
544.700;
544.800;
544.900;
545.00;
545.100;
545.200;
545.300;
545.400;
545.500;
545.600;
545.700;
545.800;
545.900;
546.00;
546.100;
546.200;
546.300;
546.400;
546.500;
546.600;
546.700;
546.800;
546.900;
547.00;
547.100;
547.200;
547.300;
547.400;
547.500;
547.600;
547.700;
547.800;
547.900;
548.00;
548.100;
548.200;
548.300;
548.400;
548.500;
548.600;
548.700;
548.800;
548.900;
549.00;
549.100;
549.200;
549.300;
549.400;
549.500;
549.600;
549.700;
549.800;
549.900;
550.00;
550.100;
550.200;
550.300;
550.400;
550.500;
550.600;
550.700;
550.800;
550.900;
551.00;
551.100;
551.200;
551.300;
551.400;
551.500;
551.600;
551.700;
551.800;
551.900;
552.00;
552.100;
552.200;
552.300;
552.400;
552.500;
552.600;
552.700;
552.800;
552.900;
553.00;
553.100;
553.200;
553.300;
553.400;
553.500;
553.600;
553.700;
553.800;
553.900;
554.00;
554.100;
554.200;
554.300;
554.400;
554.500;
554.600;
554.700;
554.800;
554.900;
555.00;
555.100;
555.200;
555.300;
555.400;
555.500;
555.600;
555.700;
555.800;
555.900;
556.00;
556.100;
556.200;
556.300;
556.400;
556.500;
556.600;
556.700;
556.800;
556.900;
557.00;
557.100;
557.200;
557.300;
557.400;
557.500;
557.600;
557.700;
557.800;
557.900;
558.00;
558.100;
558.200;
558.300;
558.400;
558.500;
558.600;
558.700;
558.800;
558.900;
559.00;
559.100;
559.200;
559.300;
559.400;
559.500;
559.600;
559.700;
559.800;
559.900;
560.00;
560.100;
560.200;
560.300;
560.400;
560.500;
560.600;
560.700;
560.800;
560.900;
561.00;
561.100;
561.200;
561.300;
561.400;
561.500;
561.600;
561.700;
561.800;
561.900;
562.00;
562.100;
562.200;
562.300;
562.400;
562.500;
562.600;
562.700;
562.800;
562.900;
563.00;
563.100;
563.200;
563.300;
563.400;
563.500;
563.600;
563.700;
563.800;
563.900;
564.00;
564.100;
564.200;
564.300;
564.400;
564.500;
564.600;
564.700;
564.800;
564.900;
565.00;
565.100;
565.200;
565.300;
565.400;
565.500;
565.600;
565.700;
565.800;
565.900;
566.00;
566.100;
566.200;
566.300;
566.400;
566.500;
566.600;
566.700;
566.800;
566.900;
567.00;
567.100;
567.200;
567.300;
567.400;
567.500;
567.600;
567.700;
567.800;
567.900;
568.00;
568.100;
568.200;
568.300;
568.400;
568.500;
568.600;
568.700;
568.800;
568.900;
569.00;
569.100;
569.200;
569.300;
569.400;
569.500;
569.600;
569.700;
569.800;
569.900;
570.00;
570.100;
570.200;
570.300;
570.400;
570.500;
570.600;
570.700;
570.800;
570.900;
571.00;
571.100;
571.200;
571.300;
571.400;
571.500;
571.600;
571.700;
571.800;
571.900;
572.00;
572.100;
572.200;
572.300;
572.400;
572.500;
572.600;
572.700;
572.800;
572.900;
573.00;
573.100;
573.200;
573.300;
573.400;
573.500;
573.600;
573.700;
573.800;
573.900;
574.00;
574.100;
574.200;
574.300;
574.400;
574.500;
574.600;
574.700;
574.800;
574.900;
575.00;
575.100;
575.200;
575.300;
575.400;
575.500;
575.600;
575.700;
575.800;
575.900;
576.00;
576.100;
576.200;
576.300;
576.400;
576.500;
576.600;
576.700;
576.800;
576.900;
577.00;
577.100;
577.200;
577.300;
577.400;
577.500;
577.600;
577.700;
577.800;
577.900;
578.00;
578.100;
578.200;
578.300;
578.400;
578.500;
578.600;
578.700;
578.800;
578.900;
579.00;
579.100;
579.200;
579.300;
579.400;
579.500;
579.600;
579.700;
579.800;
579.900;
580.00;